404.04429
1090.5647
1337.4845
1637.6902
1695.0453
1631.5046
1594.742
1224.135
1205.239
1369.1495
1470.8791
1208.4271
1420.2212
1243.4764
1280.0695
1174.8012
1087.2854
1256.7513
1256.4553
1401.0645
1067.7074
1128.5112
1073.474
1197.0595
1204.303
1077.3411
1408.5824
1586.0624
1343.927
1340.9953
1293.2013
1349.1562
1140.634
1161.3455
1293.9564
1239.7358
1104.5212
1182.3974
1074.9119
1283.4347
1074.411
1074.9213
1371.5358
1383.6139
1044.822
1296.358
1152.3691
1356.4753
1362.2577
1389.9551
1205.2413
1227.4993
1202.4778
1120.4232
1324.5855
1120.0839
1225.8202
1136.5978
1084.6998
1008.5353
1180.144
1195.9722
1252.5425
1274.2205
1026.0984
1235.7228
1520.6669
1409.4192
1271.5862
1281.6154
945.94653
1246.5252
1179.5899
1269.3447
996.72644
953.05277
1442.3212
1329.6439
1419.9393
1186.554
929.71733
951.21115
1225.4485
959.77281
1324.1372
1075.8043
1154.3075
1241.8938
1089.3705
1078.7869
1401.9569
1265.3975
1195.6014
1024.0068
1151.4903
1320.4073
1363.4863
1346.1234
1369.5129
1127.86
1228.4336
1461.06
1330.8477
1392.7417
1561.3664
1532.5795
960.39128
1282.0508
1171.7616
1022.791
946.35796
1204.6027
956.38368
949.02732
1072.2832
1095.0389
1418.8664
1291.1024
1475.1995
1260.2067
1211.0865
1314.0484
1255.222
1146.9653
1134.324
1296.4545
1318.2194
1137.2526
1100.9656
1129.1468
1334.5076
1312.5848
1334.014
1245.5647
1333.4874
1119.8469
1130.9345
1112.6093
1064.3533
1270.3614
1538.3905
1170.6126
1097.7802
1148.9102
812.54403
1142.7131
1156.1847
1254.2319
1258.717
1109.9289
1423.4771
1116.6397
1275.5288
1407.1522
1340.6907
1111.491
1184.475
1192.5824
1244.6736
1229.6049
1296.7727
1289.8284
1089.762
1226.7335
1135.1349
1169.2073
1118.0367
1216.5202
1447.0655
1101.482
1077.2073
738.9344
1151.927
902.9696
985.90258
1219.2774
972.68225
1177.5268
1007.5188
930.46069
1122.3854
1147.3244
1215.0386
1062.1986
924.95383
1123.7842
945.91978
1213.0526
1321.4481
1467.3835
1242.6207
1298.2188
1118.9881
1142.5817
1450.9903
1363.3801
1366.7833
1199.2984
1316.734
1360.7619
967.21961
1199.6673
1341.2808
1037.1459
1259.7148
1076.1072
1148.4414
1217.502
1329.5573
1308.2831
1390.6306
1560.0652
1211.887
1358.5594
1221.54
1588.1704
1299.2545
1372.2956
1136.1566
1139.2315
1225.3359
1283.6314
1032.4849
1295.5078
1285.3949
1396.8571
1265.3747
1416.5884
1539.8522
1469.4206
1065.7286
1364.9239
1359.1554
1342.3847
1309.9088
1097.4837
1204.9725
1135.4719
1068.1996
1327.94
1179.6482
1052.4536
1238.5445
1047.3754
973.49047
1197.6632
1060.9925
1310.6661
1064.4816
1147.3266
1332.5019
1356.7526
1331.8049
1161.7097
1105.2523
850.14911
1197.5988
1052.0464
1198.0644
1304.195
1213.5755
901.19959
1243.1712
1175.3246
1287.0484
1153.6751
1347.0514
1216.056
1112.832
1134.462
1264.523
1194.0698
966.34498
1117.9712
1200.4956
1187.4581
1239.4952
1378.7056
1194.7567
1069.958
1021.5695
1109.2269
1296.0749
1059.8866
1241.8164
1195.3957
1159.2455
1082.4878
991.59588
1105.9157
1209.2417
1201.5719
1148.1204
1407.0246
1201.7865
1048.7942
1079.5687
1290.4775
1248.2407
1035.6041
988.26615
1148.1751
1143.3263
1088.0109
982.75911
1063.9458
1357.3838
1175.4921
1020.365
1205.619
991.25729
1063.6884
1030.5192
1219.7027
1009.3902
1081.2248
953.14139
833.57322
923.23762
1216.271
1248.2219
1487.6356
1243.3983
1056.736
1309.2357
1431.9141
999.17827
1077.2997
1235.4159
1026.8168
760.20293
1108.0789
1063.5046
1197.0242
1291.472
1209.8386
1189.5342
936.85562
930.71979
1029.8698
953.87098
1151.047
1301.3552
1272.0281
1302.7013
1164.1524
1053.6432
911.66089
1220.5848
1155.7545
1244.0427
1141.7168
1031.9243
959.27302
1228.268
1084.9848
1058.6981
1142.2857
1266.8508
1143.2153
1049.4007
1438.8171
1062.3433
1182.2319
1046.9795
1097.5771
900.01201
1060.6896
1143.2012
1114.6962
1256.0025
1116.8571
1144.4362
1135.4942
1220.3689
1386.8141
1344.1902
1070.1652
961.96173
1011.4562
1284.5679
1432.9725
1305.4689
1157.0615
1199.5715
992.89206
1337.7363
1447.4065
1395.805
1389.6885
1284.3249
1436.4734
1184.6369
1368.9486
1059.6185
1227.953
1444.3686
1135.908
1517.7607
1636.9782
1478.0672
1088.9947
1313.2339
1153.4592
1354.1903
1291.1862
1401.1834
1307.3601
1150.4444
1189.9224
1438.0922
1284.3359
1002.3341
957.40688
1291.2045
1037.0985
917.66696
1275.393
1293.5045
1230.0388
1370.3678
1416.434
1395.8133
1094.3571
1307.5359
1463.2607
1650.2793
1608.3997
1375.4071
1308.9191
1252.1561
1260.0128
1215.7637
1403.1254
1366.2512
1251.9217
1387.7049
1010.007
1418.2025
1342.6761
1306.3162
1447.6769
1264.5201
1294.6983
1118.7546
1401.9426
1248.4459
1399.174
1115.3044
1334.9735
1300.8353
1422.8761
1201.0078
1021.59
1437.3604
1328.969
1571.2958
1347.9937
1253.3718
1327.2836
1318.1596
1375.6406
1423.4865
1315.2189
1135.4649
1104.3006
1150.8699
1623.4233
1191.9659
1136.1436
1098.123
1260.8117
1243.1857
1192.0656
1338.6992
1442.4605
1581.7523
1234.303
1491.7549
1106.2883
1259.8398
1198.9292
1206.7031
1162.7363
1282.8049
1172.5659
1180.7302
1012.1623
1132.037
958.48636
1054.0937
1097.8467
1302.9839
1277.2086
1170.4077
1188.8933
1033.0949
1239.5576
1343.524
1338.8305
1291.8064
1178.9782
1221.9558
1140.2607
1159.6814
1186.9315
1158.6569
1258.0479
1262.6158
1556.3437
1431.6098
1321.4518
1169.4685
1260.2034
1065.3503
1184.5971
1491.3517
1302.9451
1289.5379
1181.7062
1268.009
1222.82
1268.5772
1274.1474
1408.0394
1336.8348
1700.6446
1509.3509
1327.7097
1333.8148
1595.3473
1341.8154
1026.8558
1201.9267
1307.7513
1385.5273
1291.5955
1061.0849
1394.0087
1660.9459
1406.3677
1541.3804
1271.5355
1158.4507
1447.9627
1392.7564
1321.2696
1364.8888
1491.9762
1600.6524
1297.0315
1207.2057
1275.8523
1200.0214
1338.2081
1169.5783
1233.5215
1418.9508
1398.3102
1647.3334
1689.7872
1427.7838
1398.9595
1432.7764
1277.9376
1682.2131
1257.4855
1313.9364
1007.2045
1053.8631
1369.6262
1488.4548
1442.6212
1366.276
1019.4116
1105.9279
1349.8741
1050.7744
1361.9492
1289.6136
1097.0484
1066.6794
999.63335
1022.2151
1397.3102
1340.4076
1439.1611
1382.9323
1381.5455
1054.6104
1577.0343
1438.5153
1413.5408
1392.3124
1300.9948
1051.3431
1273.2706
1153.3448
1240.6311
1287.4987
1109.4322
1123.3458
1312.8138
1177.7746
1128.1727
1300.9293
1161.7723
1263.3747
1254.249
1138.4751
1272.5016
1325.4151
1189.8228
1252.1315
1279.1727
1112.0849
1200.1422
1350.2666
1217.8017
1496.3667
1102.6706
1219.2585
1253.552
1351.8369
1244.0233
1025.8446
1082.3065
1427.2235
1096.4132
1323.7215
1239.6082
1453.7454
1529.2147
1229.082
1135.5305
1201.4765
1236.9966
1112.7656
1199.1939
1132.2037
1166.5407
1124.9759
1198.447
1133.4964
1212.7167
1404.9303
1294.1803
1247.6683
1401.4238
1207.17
968.03009
1104.8372
1141.8648
1233.9068
1386.5043
1510.4271
1322.5073
1335.6022
1465.3671
1229.1496
1425.86
1194.7174
1390.1017
1504.6575
1267.911
1464.7892
1388.5612
1404.2626
1356.9025
1198.4352
1214.5203
1194.6925
1405.1417
1366.0086
1328.6246
1244.2255
1342.5928
1443.6106
1441.3958
1384.307
1462.7821
1110.2264
1136.7008
1074.1475
1181.4196
1278.9306
1462.4465
1290.3469
1164.2991
1276.923
1238.421
1496.2576
1455.8861
1474.631
982.59613
1272.4381
1159.009
1523.6012
1172.6881
1457.2698
1566.8662
1294.0805
1191.955
1302.2715
1289.2103
1219.4006
919.21869
1478.1881
1202.2645
1174.8222
1326.9981
1351.8251
1183.6138
1190.5845
1406.1646
1346.9557
1264.7238
1170.4971
1214.9119
1300.499
1343.8996
1188.1319
1329.2514
1350.4657
1422.1682
1143.9381
1296.5745
1331.2104
1211.0237
1027.364
1070.5652
1312.4426
1481.2535
1211.8251
1441.1984
1274.3242
1350.2289
1378.3004
1211.2474
1232.3782
1008.0266
1081.4921
1395.0298
1349.2216
1265.5311
1028.6391
949.79205
942.65506
961.24765
1115.8319
1180.2912
995.52619
1000.0854
1312.1962
1122.858
1372.0333
908.13421
1241.4761
1182.8851
1165.865
1122.5178
1028.1094
1161.5015
1174.5048
1113.9335
1139.1575
1252.3303
1166.7062
1132.4154
1148.6532
1062.8763
1240.6105
1147.4954
1169.3331
964.80419
1011.4907
1358.0886
961.05522
1224.3883
1041.7082
1179.2047
1137.6332
1291.0592
1182.2869
1013.3455
967.41747
939.32487
965.68586
1077.4672
1165.1772
1145.0933
1206.6699
1301.4141
1128.6039
1080.2035
1165.5682
1352.767
1421.5659
1292.8686
1198.4333
948.53986
1327.6122
1261.5541
1079.631
1086.6562
1470.9053
828.02733
1018.5321
967.51347
1226.5382
1090.0998
1032.1632
1404.4073
1325.7284
837.94152
1257.9834
1230.0998
1073.5987
1367.1602
1030.943
1018.9912
1154.559
1276.946
1225.5132
1351.6857
1003.5728
1148.3984
1164.9941
1167.3338
991.16703
1091.9397
1255.9294
937.45231
719.20064
982.17969
1043.2067
1010.5197
1263.3223
925.8014
1161.151
988.53608
905.37805
945.16094
814.14677
1021.4237
1161.7977
1149.4181
1029.9634
1287.158
1070.2739
1101.256
625.56631
839.01625
1078.6362
1140.0255
1353.3455
863.80113
952.33004
993.69283
953.96682
1241.9787
1060.1743
1206.3688
900.18766
915.58226
874.26165
1308.3723
1088.4793
909.59974
922.97249
1235.3562
1112.651
1163.7779
1290.6424
1095.879
1378.318
1199.2884
1021.0437
759.63936
1018.055
916.13923
1125.1093
1093.7618
1160.2613
1036.5889
1064.6021
891.92217
956.86603
1045.4724
1080.3219
893.24378
1083.8839
1319.2972
1081.4666
943.85008
1068.5068
962.38741
1101.3749
963.26547
1224.93
1224.2395
912.08845
1163.2913
1178.0745
1241.3447
1130.3095
1203.8524
1102.0221
1249.9986
967.48103
1222.4389
1323.5898
957.74347
948.11789
1069.5821
894.93026
932.45663
1090.3147
818.30747
1011.0366
1017.6665
961.12158
804.93947
926.23037
1129.3587
1095.2816
1049.653
1240.8715
1083.5158
860.82298
1115.6564
1248.9528
1182.5963
1191.709
815.95217
810.26828
1026.0445
947.37634
1276.7867
1266.2046
837.62268
1051.9047
906.08256
1134.5832
951.03778
843.62183
1107.3353
891.3452
1089.8134
1210.2754
1170.3766
1387.8607
1067.5703
1084.4835
1099.787
968.5906
1037.9553
967.71596
882.43299
890.55705
910.49502
1177.0467
1056.1589
929.94964
957.04095
933.25281
1134.9713
1226.9564
1217.1348
957.39507
1101.5129
1058.1319
778.45279
1060.5638
985.15916
737.68584
1019.5289
1086.3216
1427.0438
1187.3119
1243.7669
829.92626
994.18931
1027.6504
1092.7028
1100.9984
1064.0927
727.21665
1038.4974
987.77753
1110.9295
1118.792
913.48579
1036.1618
1211.9482
1408.9862
1108.5185
914.27995
825.783
770.00535
959.79091
987.32458
1062.6961
979.68913
1198.6507
1023.049
1114.8678
840.73092
1027.2268
1067.793
1131.5265
1240.3154
757.95639
924.35901
1094.2153
893.06098
1187.5932
1107.1914
1036.7511
1088.2664
1066.1538
802.63748
689.49878
915.92963
597.63484
968.04258
950.74797
989.94139
907.75193
856.7212
1081.1198
956.53487
844.58421
786.74886
1001.6435
897.32486
714.46535
1037.8634
1191.584
986.0686
765.00568
874.25551
1178.1205
1222.1924
942.33617
1186.0746
1056.8248
1112.3303
764.2971
1026.7574
1074.69
1002.3267
829.49611
813.64174
1111.4025
664.95062
914.91681
767.56346
786.24908
1009.2092
874.55917
913.15625
869.43977
747.08972
946.38005
1134.4461
848.31468
1100.1386
879.98631
845.59626
704.67939
961.03397
993.73244
1160.6749
1076.7373
1066.6553
806.54003
740.92696
755.73371
919.19551
803.69287
1158.6921
862.03176
1069.5665
901.92608
850.93538
974.27428
1011.9216
1318.4037
1159.3109
943.87145
961.10523
853.59143
803.8251
929.64341
870.31662
819.78043
928.00211
1176.285
1159.0859
1114.05
959.65747
752.50306
749.39426
722.28653
1019.0764
1003.7583
955.62282
1130.1207
1177.9343
820.0206
1094.033
1146.0823
922.35947
1315.9541
1179.2953
915.73818
1009.2305
1059.8638
989.80262
1213.4029
824.55005
878.75479
1036.1701
787.14411
725.6046
888.76099
936.73967
913.87768
858.0574
916.18153
882.93132
882.62353
738.40135
871.37646
962.52137
976.55834
1072.411
1113.6148
1111.7338
1070.834
1065.4452
957.03512
853.75722
1031.227
886.82059
1015.4514
1045.6369
1108.2957
1020.9083
858.14419
1134.8236
1167.0625
1257.5332
752.9493
923.99799
1223.8422
940.67615
1074.9523
1004.6144
1032.8832
1136.4481
922.40782
1044.6419
1082.8925
1126.228
1171.8149
1044.5429
1244.1689
1113.8787
1149.4669
1051.1533
870.7317
1059.2897
967.59174
1226.0799
1141.9863
977.55596
972.91353
989.09307
826.41226
791.81507
1279.0839
1042.0236
1128.1498
1231.3003
733.16133
1121.3297
1028.9739
1000.785
988.44521
1169.3031
971.6859
1024.5946
1005.0327
1059.0647
1150.2361
1309.3387
1244.1644
1031.7822
1112.9176
947.36435
933.30728
1029.5172
1306.6306
938.28572
1353.3724
973.35162
1207.6089
1290.6688
1179.5467
1125.3608
1161.8807
1150.8767
1184.295
1078.2872
1081.665
956.56742
1270.7143
1222.7746
1007.066
981.61998
1164.8935
1248.8273
1035.5352
1277.3698
1102.9368
1059.856
1129.7395
1123.4227
1168.8089
886.8865
925.06645
957.61586
979.4663
888.24443
971.65679
932.90298
857.82619
976.0451
1025.6988
1092.3405
1174.0629
1028.061
991.72923
1149.7321
1220.3615
968.26245
836.00332
920.1542
961.66853
991.65203
810.35387
1057.4032
875.57534
992.75156
1059.765
1196.6482
1138.1883
1022.6477
869.63372
1216.9267
1084.48
1240.2389
1011.2159
879.76848
1098.1436
956.64174
1171.7934
1075.0183
757.86928
847.42155
1145.6615
1053.4111
1019.9115
922.10377
800.67879
1098.944
990.12858
1038.0371
958.77339
728.77879
1041.2027
846.71322
1043.9795
1183.1055
879.09454
1125.933
967.12499
1002.2939
903.62376
974.02234
782.01329
1026.3264
1161.4549
1318.3982
977.06108
724.59435
871.80766
1024.1488
1115.4275
1188.6955
865.18977
906.96842
1012.0493
805.6835
1052.9489
1264.512
922.22641
866.36064
1067.4621
719.34046
793.69474
1122.8364
955.40951
878.36982
1133.9602
927.47378
934.79981
817.66537
697.00697
997.55037
1011.1863
828.63617
804.63823
891.28095
991.98483
885.70581
1017.955
800.56831
686.76965
763.4787
918.26572
1028.617
613.96352
1136.2105
1076.6002
1003.6845
806.00704
998.06664
751.51827
977.25583
1148.9277
926.97403
1122.7769
933.48308
754.74313
843.32464
858.56139
767.21154
744.00325
977.30786
934.85008
1052.4912
1108.2557
957.09308
999.13188
700.15449
807.40485
1175.0761
802.67601
908.53114
769.14068
1019.191
982.84667
960.57474
951.04478
789.9483
733.88902
834.87628
988.8135
1001.4069
1031.4846
987.37536
959.14467
742.65731
585.09591
509.00972
848.10901
997.60975
700.76184
898.09657
630.47786
691.01567
958.24756
832.55508
1122.2135
723.1308
792.11383
647.22729
826.15683
935.1196
897.00435
933.7417
541.37518
1037.4101
640.15514
552.92071
758.41904
634.37853
737.21082
560.16588
796.54646
634.89906
835.39335
1007.5671
832.00398
939.62034
864.62277
532.36016
690.89239
510.34689
465.94103
572.54173
742.52158
864.6106
765.54246
671.72431
825.37989
527.8907
908.78817
917.76578
866.38244
1061.1833
761.5654
604.90173
534.72953
866.47612
810.27032
748.51606
682.7118
774.57218
724.99802
807.8438
576.55898
837.47261
1016.4569
1091.9518
1207.1089
836.19425
791.74098
860.91436
254.32561
490.45999
667.35438
796.02529
863.45406
969.56451
996.12846
674.45199
704.09245
652.96138
868.94616
1057.8444
886.07286
758.47451
654.88355
773.84879
648.76374
579.34115
887.72977
1078.1317
1018.2951
717.35411
668.07557
712.54736
752.75142
811.95385
852.39838
701.24997
921.64841
727.27006
686.92151
828.36425
874.53841
1175.6713
739.5013
1071.9216
719.44787
1026.0508
1109.965
740.11528
746.18621
1104.9093
893.79766
1124.6646
648.73465
955.03561
1013.0959
809.91531
874.37344
902.9661
722.74591
798.24474
653.61853
575.4061
630.1588
826.63056
692.63314
769.22978
658.4363
1036.2485
641.5581
422.80377
661.04126
590.61933
776.03059
853.92135
581.24713
520.19474
913.15037
693.91651
736.04188
699.49143
578.44105
865.13069
1184.0638
921.01756
941.09121
841.10217
519.65564
910.62292
867.58923
628.16461
633.61867
874.91205
865.87583
1181.9305
877.75067
468.96155
532.60645
463.98072
885.58399
814.05027
1019.554
847.80997
838.82143
691.85132
950.97466
773.80788
858.80471
714.69018
747.0238
755.46438
1033.9772
735.5899
898.95618
771.48846
690.82541
720.0675
863.62373
741.71564
870.85008
837.60425
993.06954
993.64829
953.33235
689.80105
1072.721
863.40963
772.9333
977.14924
742.90869
603.21297
663.38115
601.48994
914.74942
813.31596
776.74589
567.5032
715.68622
536.80112
827.97903
868.4896
877.46943
593.44639
815.06134
595.32476
839.42746
657.44131
796.73209
775.44914
798.58595
944.62296
627.37247
628.39862
652.85947
653.81639
972.08451
846.36265
855.58516
866.06069
720.86461
688.18359
1002.1794
616.43729
858.23592
692.27923
550.24461
699.02045
806.25787
683.48131
927.08707
862.5307
961.66536
812.77003
676.65997
696.53223
902.19455
799.23973
934.28502
643.42459
715.98094
1002.0047
593.01159
649.36683
753.69855
870.92771
1050.7362
690.57481
735.14921
766.41581
481.54477
850.23168
884.01369
827.63951
907.7475
579.31616
627.68133
937.9381
1206.7473
1128.4999
860.1309
431.74486
720.42855
780.72307
964.4542
1158.5305
934.69509
773.11944
721.0618
984.03409
1008.6942
891.46883
943.26651
792.54066
833.50936
493.03801
812.92914
793.85901
540.1105
781.25401
837.40135
930.84414
856.78257
941.50579
865.46729
943.19523
921.36143
729.48317
932.1268
963.30615
831.51306
672.3709
796.0436
723.05686
589.23803
593.53954
833.59536
850.45461
869.35877
519.424
666.69105
733.01189
759.80457
1009.2443
717.08685
838.0016
1018.3445
814.8013
730.39034
890.35955
915.55629
740.61712
869.88089
654.51559
626.19245
701.31573
778.15913
933.09949
952.40566
1062.9268
916.92237
850.56092
720.93495
658.7905
678.58707
804.44981
900.21478
925.65526
733.6916
716.69527
692.1727
816.94589
914.44787
770.30598
683.31682
705.4818
666.36591
831.55634
792.31114
806.89697
652.73184
566.36515
849.04797
688.55773
915.4536
694.3206
823.81246
836.32139
771.5448
676.94336
643.13109
896.08984
827.4905
1073.3282
804.566
826.10092
674.25328
780.01147
607.62294
763.04101
926.71411
984.90733
881.46814
556.52093
732.12602
520.22813
585.22196
734.74945
702.16577
1085.7293
573.91551
919.60306
921.08561
808.047
936.91611
867.67732
853.65092
891.15657
628.17614
634.05335
797.60033
867.98266
942.89183
687.7511
905.28439
625.41335
569.6941
657.55653
670.99666
499.68519
534.87133
716.85078
658.35237
599.02019
620.72328
682.87995
1050.7272
818.926
791.15761
581.28486
828.7136
779.05937
949.02993
822.41145
820.40535
787.58371
850.8106
908.88261
834.14116
657.92953
762.93606
897.83365
1056.2994
839.29804
926.29323
825.00958
950.55833
533.98338
758.07256
773.5695
901.22225
1039.6174
952.85867
813.79423
797.85362
718.6616
754.94245
859.27341
755.80218
803.27827
835.70889
792.30435
787.74758
816.64468
1073.8024
949.70533
876.91777
891.74594
751.59412
684.54834
733.70493
842.45219
773.33379
988.41985
517.42946
587.51935
888.0103
857.44626
1017.7188
678.00718
886.3748
750.45714
884.91523
940.18077
645.94021
650.37664
531.25328
711.05729
674.57087
746.6637
615.57048
650.93205
762.42048
985.12398
901.91955
861.91371
761.35934
569.11294
991.16161
566.29578
555.58718
750.7059
567.67981
806.14825
711.26913
729.29544
807.21951
510.01275
565.18568
417.65206
486.25832
739.4463
818.16725
636.96909
683.40634
588.8807
739.13865
420.69302
766.01743
689.48506
896.96438
848.05523
837.53581
821.66238
591.88604
728.7565
796.29737
676.07183
619.73533
785.75783
576.77718
911.34804
378.05462
658.96736
625.16182
776.82622
963.07631
753.30434
972.36957
591.09072
697.19834
797.04841
939.52088
726.3172
872.3607
758.86535
407.34209
607.26675
779.53938
611.40917
734.18478
525.70906
530.73867
775.76772
713.3588
657.56701
644.24548
563.60342
987.22548
731.18657
633.38439
786.19168
847.17624
542.44062
697.52628
635.5005
989.69472
671.83464
747.10446
941.95575
573.48284
699.15804
895.45323
901.98098
938.29977
1019.4507
881.61966
695.58862
613.86464
653.422
572.81152
560.4189
789.28808
753.95461
903.76039
579.03403
787.43784
534.6993
769.38898
587.22551
863.76299
912.03975
899.39647
709.94522
548.66377
768.12485
853.86392
712.54966
773.77226
772.40952
691.53862
885.55166
713.01489
827.31274
622.00911
788.26129
983.06183
732.90453
721.28571
620.78782
647.57496
776.29076
934.97243
835.30377
819.7513
586.7823
466.54182
331.28664
511.33117
872.23109
660.12646
521.17652
918.52046
682.01182
665.55368
728.99206
619.13945
607.74651
382.57781
631.04823
555.81782
771.32415
596.99391
692.35731
663.90895
987.45116
745.08313
751.37803
883.61952
759.94894
792.24526
580.3082
691.80694
776.74201
745.82796
641.34185
651.70119
558.94541
646.55438
563.25669
814.39329
683.32031
725.71134
791.30396
801.80966
703.22357
893.62944
851.65632
697.25413
800.1445
596.34298
847.2708
875.04734
1013.2187
841.86415
728.17216
580.64885
853.25678
805.73058
870.79867
879.72252
832.31521
658.70136
771.07106
825.36073
778.41644
952.91131
833.68799
690.52412
804.97208
981.53474
959.36356
1047.9231
756.22805
931.1118
1071.0466
790.01526
952.82389
624.17094
847.24619
870.37196
948.47797
563.26146
842.47702
859.82968
724.76564
936.34267
740.00403
858.33548
760.62535
818.25169
752.46818
615.8692
443.06023
552.93634
666.23513
811.14065
787.30264
800.57648
962.97679
954.3364
877.50364
886.6449
937.04711
716.40107
850.02017
687.25418
945.56985
665.8
1000.8071
677.82476
949.31352
500.83884
974.37824
828.03998
855.69158
1013.672
537.19504
712.24188
1143.4892
934.59756
771.70435
1017.8082
580.19729
696.31528
636.73147
853.06812
1067.9452
822.70389
951.10548
712.01028
803.97893
818.58203
942.33278
803.86323
773.97866
671.24209
710.90948
820.14908
739.56373
792.91557
1062.8782
674.91555
874.46184
740.11185
773.4706
691.14246
815.71414
989.7952
831.69804
920.6118
844.63779
861.71248
1020.2819
840.76179
729.13741
771.42681
784.34521
840.10635
606.91635
1022.0682
1021.2373
894.28374
699.10472
739.3091
589.72291
486.94782
853.52699
825.91338
891.49118
854.96864
833.01638
753.14367
539.51231
740.99039
650.0874
597.66558
844.70648
975.2885
917.5564
635.59324
754.6823
589.85611
864.6778
626.09284
741.40484
927.66553
964.11066
1012.6353
671.67786
744.3918
652.42949
780.60099
678.06246
668.30465
803.46118
964.67618
1003.7066
654.15145
876.49326
672.74378
722.02079
798.23217
1060.1981
659.35854
734.14519
716.68938
625.49364
803.13474
671.84564
948.74642
842.86704
835.42977
936.35466
839.23513
609.48397
599.20651
821.71208
838.37717
669.01862
378.16665
863.66483
779.245
593.13555
631.34357
686.51882
771.14043
657.31969
835.27595
629.63608
640.56993
634.04129
598.46151
460.974
472.40365
786.91831
472.45927
634.31548
752.63884
637.10623
764.9932
639.06387
623.49376
661.18747
787.47297
637.86701
623.73769
713.06514
536.80677
700.5051
698.13191
791.42544
751.66234
766.86406
1012.7162
759.48135
632.15043
674.5609
839.48731
1005.417
1029.0643
922.07753
718.1202
960.55668
372.47155
774.50761
888.31617
821.85253
870.96181
681.52502
636.67271
821.11312
702.45912
798.39892
930.24467
668.9733
448.55241
805.47346
734.06267
866.96875
639.33728
708.08498
687.28661
763.03226
933.53263
846.93088
562.39401
795.53566
891.16933
551.56384
606.01515
811.57409
467.00556
501.80683
488.88714
686.46
505.69073
539.06157
634.53213
830.68315
707.1836
713.84386
651.68351
398.6002
508.20193
815.39612
654.58409
774.85803
730.53152
780.12769
595.37103
706.91684
775.06634
724.74891
557.09906
787.5381
504.49719
631.95396
768.29762
607.45782
692.16537
739.61398
715.02074
646.85209
904.74928
812.82246
819.74348
853.13985
708.14381
653.00843
741.56659
456.51531
811.5307
683.75351
922.99418
736.21269
673.54513
872.76601
582.43325
761.44242
957.55846
824.12321
727.38334
671.7206
784.76689
721.76578
509.28231
526.73037
756.21413
921.41762
883.16509
934.51275
695.68247
757.65714
698.05997
478.82177
590.36811
766.73378
855.30465
987.7664
966.60757
830.07773
863.09882
737.23979
434.45497
544.90549
672.42241
662.33897
899.02247
637.97613
797.75457
752.44163
859.18211
755.66024
783.90414
782.75485
837.59794
669.16894
701.34537
689.50592
777.77733
815.83322
585.98424
761.91286
766.2055
977.6469
920.48447
791.23876
987.43791
704.32618
832.54505
954.87566
735.76763
796.28643
928.61443
787.69246
784.08864
820.40432
898.38566
904.49699
780.55373
795.11002
730.50275
463.96091
604.82714
806.62252
952.54133
933.25823
619.77488
499.54276
623.49367
725.08643
848.96424
953.65135
837.38844
802.60523
641.60537
620.49748
741.7656
957.59215
743.76033
598.88182
636.68618
781.24766
829.2133
766.08057
840.57404
901.97031
661.46892
633.40467
493.15322
524.39361
491.40313
756.81426
823.06139
882.29207
1103.3372
780.85398
589.70998
612.11715
487.78157
464.2815
830.07503
931.90573
672.94435
805.54817
908.53383
633.04939
713.9659
928.45335
873.97047
845.11741
708.09989
523.86439
805.49564
628.07273
753.59684
864.77801
1002.3352
1031.2529
1156.906
1103.1278
1008.2997
1164.6903
823.06393
627.94506
779.61553
1021.5102
768.99734
808.70096
747.70854
737.56977
873.07949
611.15737
648.01725
671.32268
849.60268
896.15989
888.71887
670.21613
742.17058
700.91657
535.33078
646.25003
616.84978
831.93576
927.64391
743.81473
659.82867
606.65425
802.43386
633.40339
974.49736
1015.4946
1004.941
865.88388
742.77188
921.24188
855.08295
848.27301
604.42777
732.35209
840.74967
866.97803
931.00367
880.88121
608.00457
687.6811
664.33425
884.4596
899.50822
879.7733
800.19189
605.22446
745.88974
716.40723
776.08255
595.10671
681.90463
624.80498
638.35533
538.75902
540.81927
797.32524
728.16388
719.34959
442.73241
650.25035
714.5504
431.34223
849.41848
844.45299
717.70067
917.38236
725.61153
914.32581
722.3907
741.99332
683.16616
511.2209
436.98557
664.80257
786.31489
650.18896
657.06439
768.79747
717.50222
599.31813
426.04355
653.78297
788.69803
567.90006
522.27609
787.35864
707.74362
756.76861
608.72083
564.90513
732.58939
681.52459
469.53478
657.96015
688.34656
686.65733
847.38521
639.67097
398.6442
654.22807
737.66442
479.61379
450.97716
495.64407
685.2398
839.64489
737.12744
675.24869
813.16645
764.82457
793.02319
917.27959
702.19288
747.58936
461.09027
447.84511
575.50463
674.06555
861.47961
642.29206
583.731
536.48146
752.76152
794.78813
1090.8577
940.23292
497.22581
546.76201
592.18204
766.28876
718.94932
637.8512
921.30576
864.27257
705.4641
638.82646
707.39226
766.00444
700.6217
755.12096
646.69727
690.72616
441.26143
679.6804
512.75196
666.38674
473.55213
648.23013
813.67036
694.06637
512.30893
637.92586
515.86302
742.53999
823.40222
668.55282
851.42703
869.60589
551.94134
550.95964
358.7305
690.86064
845.79013
555.24962
437.43583
608.20155
763.99282
678.48681
831.05124
647.55602
724.27147
580.37392
652.57854
692.86797
403.69174
634.70904
766.46651
464.26051
481.55691
405.92582
655.47681
527.11736
562.63006
504.24994
651.89977
793.51764
760.02693
325.31663
769.63631
700.25815
491.74844
631.25407
774.36921
520.90206
339.58768
579.99985
482.37607
510.03365
715.24211
640.95835
525.22043
519.86798
709.45278
671.23432
999.48778
789.95353
823.42882
705.17799
546.38613
672.03259
410.87728
346.69341
414.04588
549.83128
609.81494
643.3354
691.47252
620.70064
537.79275
484.49233
673.94323
658.80275
613.53928
462.73694
788.2959
699.38049
604.18808
542.22146
591.89379
821.21289
641.96414
734.54169
604.10903
562.15537
725.5225
627.14728
850.51759
758.74696
394.34372
706.8048
806.17224
679.31032
789.04059
854.27518
872.83378
429.88711
979.23269
669.60357
860.1635
506.33584
671.5324
672.72153
407.32893
643.57651
708.13648
574.89806
615.27222
703.07784
720.78211
764.68016
577.94094
141.93797
483.93252
581.60587
593.03579
738.3332
747.80492
651.8777
468.41779
557.71481
689.84947
703.05916
569.5824
551.3639
494.4306
313.9536
696.2212
1004.6502
407.48281
471.48282
543.14174
715.1939
687.33576
547.98175
619.55427
619.83048
780.64353
457.52444
487.6337
484.89263
385.83482
390.59644
404.26085
640.13573
793.62367
726.50163
568.79879
364.6652
475.39703
336.38764
612.71382
608.95158
758.38958
387.34732
649.43012
529.60757
654.53802
692.09396
759.34243
672.83943
458.21179
589.6522
484.05013
583.39737
453.93485
679.19411
557.96281
533.86642
815.45635
646.9128
581.27911
610.53078
628.518
693.25056
768.34577
732.69509
499.83864
576.1237
575.94151
802.44496
583.81557
652.81615
803.76395
436.49369
528.23496
679.95496
530.097
658.68036
804.62977
488.90584
494.62874
854.66233
605.45513
641.21573
573.19338
685.37368
406.57943
419.73807
600.28347
507.09439
597.60137
1009.2097
882.93814
871.6118
745.26239
562.81839
489.21625
648.11629
591.32241
556.73482
667.21582
491.36229
847.67038
712.41954
708.08049
583.24789
501.84339
553.30722
467.77138
642.68399
608.06651
543.83769
574.04557
566.77125
732.38115
582.77298
620.75552
527.98546
650.56326
651.80387
736.8159
670.64415
625.22228
592.01516
543.24842
421.05577
447.49787
560.95835
767.86798
414.55484
582.07414
473.34789
601.9016
443.10605
510.72152
491.50885
477.43475
713.66895
479.74095
545.11526
803.37385
807.25476
791.44581
670.13946
924.30563
623.692
651.36751
447.30285
863.87945
510.15289
787.10166
730.19304
490.52609
553.5369
469.25697
600.78608
664.03296
591.83207
1002.1541
626.40725
526.95282
543.42866
441.99842
582.36232
439.69391
758.25527
896.02249
718.89606
780.89571
946.25093
694.37915
980.03252
740.15162
780.43635
740.97149
803.14854
927.49877
633.34674
438.67194
647.75629
710.25244
679.59892
604.77639
566.46083
604.89403
803.99975
614.79111
816.15924
539.03101
622.58286
703.42622
707.39072
663.33317
580.40591
623.56917
646.60418
487.02548
472.83379
612.20354
742.14343
732.41825
817.2129
839.15191
730.11996
708.7073
680.61187
756.34775
794.95468
635.71126
684.6892
413.62768
775.31056
525.649
837.6308
859.80047
698.43722
779.12342
673.70629
528.89706
905.4005
601.73711
768.76953
842.26567
701.82961
794.02222
760.06682
841.32265
534.162
377.82233
625.51785
475.95626
396.64433
584.41528
660.69627
528.28074
614.6975
851.70328
703.63368
683.87436
387.29461
450.92136
542.47302
944.54107
750.27686
917.00421
513.13018
736.87831
744.6047
962.70031
738.48899
759.7819
1058.0581
695.79524
678.8736
562.32862
609.03338
537.05596
691.04166
552.53514
568.55935
546.71045
592.30456
474.37999
474.30959
779.06181
713.9756
754.42521
598.10928
904.1385
726.62193
935.80525
851.43318
853.15383
774.08638
657.39475
778.60191
560.71556
725.42122
687.39463
675.69959
798.94273
670.53099
904.44247
751.56824
709.01606
576.90811
478.10479
632.18698
443.28447
895.81533
610.68742
799.48977
896.10899
534.72906
530.86283
546.1378
510.56261
740.05396
624.84973
605.26598
937.53964
837.87212
745.11664
688.90994
587.82964
545.44069
598.30232
786.96001
744.13741
841.30336
934.43864
667.71869
727.08465
736.78664
709.13244
1047.5846
764.64823
991.93863
1077.1219
677.23293
683.45061
855.50776
822.58807
910.80987
899.25714
941.19416
787.04059
854.35143
608.41033
785.424
714.13321
865.3166
801.72962
753.91664
598.20495
580.22978
837.57987
624.94342
563.17326
800.65673
632.99172
737.63017
783.20316
568.84173
887.01286
654.92206
766.11884
748.63579
789.08183
459.71005
668.38984
560.64676
460.39909
790.20308
559.15022
608.87171
628.97497
628.39973
727.96065
598.23392
692.37273
461.57018
428.12297
766.06993
587.87217
393.34372
573.9656
574.15281
942.71528
646.02362
574.10741
359.5477
597.28568
448.30169
626.26302
436.04554
529.13906
235.04858
669.43078
782.04686
861.47342
791.01432
779.24529
739.64945
790.66608
566.71117
710.05583
564.43155
562.61046
791.44995
585.75456
678.54385
881.20827
759.19512
734.15957
749.78155
489.48826
687.73768
655.45807
692.85987
689.36096
751.34321
646.35316
425.61249
617.43252
742.0279
1033.834
778.38188
653.17509
772.22041
721.65792
653.00514
709.96888
803.22622
789.16871
627.54618
829.74638
846.43721
790.21509
708.18937
768.08884
683.54385
518.71734
725.55143
863.93531
833.88074
621.80077
804.94324
678.28195
1076.1476
624.41371
720.85742
650.30922
627.82155
651.91441
577.62573
469.52613
783.5305
743.7691
548.21802
811.8654
630.86532
534.29341
650.75084
592.42875
501.13015
646.71852
721.25563
447.83334
596.47709
596.20998
484.67367
604.04998
751.82169
879.33016
718.35264
653.94637
849.38583
957.9161
781.62824
709.96688
746.13385
679.20058
561.077
909.23545
610.18135
477.42485
769.51624
591.03276
644.19878
621.66126
475.79049
689.88514
531.26047
590.07399
779.24888
742.76173
709.67107
424.44963
675.18363
811.38902
519.88535
576.74448
885.20169
776.36057
952.98134
719.55807
845.4626
714.36805
701.74669
764.10392
848.31641
698.54828
578.10943
792.17462
739.02739
861.46457
836.07321
645.14303
818.39154
778.50628
883.89224
829.8322
704.44896
705.27477
745.21004
597.21317
659.2696
671.98997
650.52457
587.61554
617.33223
698.94203
818.78209
343.44178
886.53527
948.6062
843.20823
656.04872
777.81723
450.25199
374.17441
858.1081
599.25102
559.03895
531.24144
770.87074
845.114
995.2243
930.50893
784.76785
627.1691
551.64843
706.74727
668.77124
629.18826
779.97865
463.24496
548.42626
730.83411
709.4977
544.56495
723.07476
539.55966
533.48661
668.18056
703.62534
755.16471
574.01084
660.14928
604.95034
556.60755
422.95069
647.90114
766.44044
843.23797
489.85691
553.71087
563.3435
625.54316
570.96683
452.65008
540.44943
715.54463
409.0218
691.34144
644.0539
603.96784
465.26514
487.9397
277.51029
418.74464
757.66459
645.55403
466.19592
364.19443
698.04172
323.97653
489.42454
668.02778
589.37963
495.45968
525.6102
688.80686
620.87602
866.06478
782.5094
962.51699
633.50047
626.4724
575.72071
903.98464
574.82564
584.83441
764.47606
715.3492
731.64006
827.91837
632.43866
597.53175
579.1875
707.30255
766.02331
686.08751
689.49671
488.25797
600.61694
394.23092
560.32256
585.17026
749.54385
740.61419
696.96844
489.57254
714.89319
759.45011
672.916
638.33536
864.39497
587.15994
666.01036
671.78872
780.29837
814.73841
775.53763
525.9847
431.7967
479.07371
696.84312
735.55886
593.08543
597.65357
665.68178
364.24419
683.57293
556.02923
349.40541
208.876
287.84386
637.95137
504.71687
397.46997
395.10489
710.1673
581.44926
634.90908
584.06435
622.45153
551.22428
594.13697
572.7677
324.21332
686.68336
680.35654
550.75763
687.82246
518.76959
561.57784
554.99722
566.12337
644.2259
588.58817
910.40558
647.69391
422.37919
410.7492
427.82659
633.8928
744.3758
732.81308
859.51411
366.64849
535.60181
199.15961
451.83842
493.24952
708.17989
649.64059
821.87539
457.8306
359.15875
545.04254
477.35328
438.94917
663.58923
627.24955
632.94437
645.46871
504.64876
437.94011
377.95996
434.60015
566.38343
410.18897
622.51842
275.364
392.30078
398.47224
812.28257
581.88423
455.51896
503.45775
416.77466
492.3995
451.95096
612.8286
233.52772
544.19955
524.0583
716.73395
627.17102
417.50217
447.03824
278.62029
457.99203
557.43971
610.06502
559.18858
616.69457
822.75109
457.87701
464.00891
677.42314
700.85373
712.82463
675.97491
435.29057
617.32563
851.27624
691.33592
677.79238
647.36054
549.75993
481.87718
539.56239
525.51564
560.67497
632.16775
650.17116
543.28564
557.89037
511.2479
604.93472
618.03815
702.46528
582.2793
680.49134
672.50863
425.43175
736.68509
564.04945
584.46661
400.28423
333.01999
785.93993
778.47639
396.14899
320.12212
322.67383
550.24527
362.55631
399.67017
469.09153
674.66725
463.26039
556.40469
462.24242
449.6169
651.47718
378.79421
395.53917
282.07616
364.76732
299.25618
723.95638
637.48147
621.11921
456.30133
712.49313
510.29766
408.95221
716.84449
288.19819
372.25152
623.47949
325.07829
639.34071
595.08204
667.50352
831.62954
476.07353
451.93778
443.10366
412.23068
297.51624
817.7004
635.62204
388.79638
625.01174
623.5161
592.74558
383.4843
612.96004
709.20798
606.43073
664.28873
390.31573
276.90165
478.7219
391.64226
624.92965
570.25638
576.63799
770.47357
764.6528
428.81397
611.85746
619.01823
718.85105
858.88533
701.91562
827.81711
760.547
501.44106
629.81057
451.19311
543.75788
891.56177
826.96243
786.83185
552.29309
642.13274
568.26491
526.93156
598.69925
590.31378
490.54078
611.68034
608.09402
560.70792
572.84392
724.55086
436.76714
843.35475
632.2705
832.75446
710.05732
724.02959
794.02806
745.7042
458.18979
456.8371
645.28195
463.71209
425.27198
607.64599
692.22845
1053.8389
730.94333
728.47281
716.11524
501.1579
501.91235
687.24134
599.19196
597.54587
669.74924
597.19744
426.46105
489.22783
553.59761
559.43819
685.24355
857.36775
740.62815
491.81311
556.87417
914.74628
644.90826
652.93795
945.04062
905.11594
850.15064
801.77323
862.7872
815.04338
697.30487
753.18762
647.60788
599.66653
497.19648
761.67587
351.74597
368.15365
502.68852
700.17303
766.18351
680.06542
807.72932
733.2955
748.99448
550.38558
550.35087
767.74835
758.63079
604.22011
734.18716
836.82453
635.84595
680.43481
773.96373
580.69865
689.90796
753.77535
890.43391
705.09617
654.69371
530.9811
711.02263
583.90406
721.13325
694.10821
456.61416
589.41252
746.74046
880.88919
660.88101
1085.9409
574.23942
439.60975
325.45843
491.89702
628.06101
570.35367
733.47924
755.70062
722.69225
782.74301
465.0984
582.20951
450.32002
558.87542
656.42439
374.79955
434.69152
500.68527
561.87223
390.01111
818.40209
835.05276
546.76645
507.30402
276.17579
663.19017
585.94602
857.65136
766.14884
893.04561
622.14538
681.89589
507.74564
755.93803
593.63834
616.9916
565.36081
603.64997
741.79013
550.33608
767.148
917.98238
637.89216
431.09166
519.63231
433.95773
925.94592
857.91183
950.43945
440.12673
477.43499
669.62083
733.2602
861.15135
489.12747
809.93059
700.97282
735.06507
711.9823
714.73062
613.87394
567.32374
962.05411
608.52304
937.95157
697.93986
547.84444
607.24096
793.81871
676.63561
512.67625
603.24892
1004.1186
749.26815
494.4423
486.56794
488.55231
413.3479
551.46356
449.96567
847.62252
684.49934
635.03543
714.71914
440.97828
645.52757
416.76466
691.68766
533.8116
833.31806
626.63886
791.65548
877.11278
788.72924
730.43953
592.88965
747.77073
640.34664
575.82725
447.93523
570.9386
652.02771
668.55638
966.95223
594.82013
547.19055
800.31955
620.51383
691.15768
560.55177
704.7565
682.83859
583.93298
781.10001
685.78413
933.8145
490.62409
747.78963
486.94
610.98232
872.14224
752.71017
744.50061
571.80022
412.15124
552.5367
664.9092
615.31632
597.98511
697.44663
450.95026
519.06316
763.6593
736.26176
556.1196
630.29566
573.63575
666.76746
424.93737
566.48823
748.49876
598.36341
774.42341
272.33436
541.94202
621.92845
431.99027
761.1017
598.38189
666.8678
541.16423
571.36387
268.19148
438.60525
280.45576
532.43082
656.23936
446.68122
865.29114
721.39897
726.63597
740.97765
876.05697
566.04731
800.73977
546.51277
550.01436
694.5884
639.36073
735.14076
728.8312
903.66598
380.62043
648.74352
526.08785
749.14599
621.64815
772.17451
798.10888
765.5802
505.70932
582.57512
872.70284
705.97373
787.11544
515.15979
216.78715
639.0975
600.38763
469.44703
495.49985
599.12592
722.24595
634.59829
704.49967
383.28947
644.4468
617.54069
737.43683
795.12984
752.68173
646.12217
562.05499
609.73781
567.54017
483.72928
553.32738
641.88789
769.01419
409.68577
498.12976
511.64465
609.40948
580.96714
401.75923
402.9817
743.61681
550.00241
825.1423
678.8049
688.50512
725.20257
721.64739
315.48531
451.8764
315.91635
292.90598
304.78196
491.4674
650.33497
618.82044
436.50618
692.58049
806.13133
533.60651
325.84954
715.32213
442.95312
469.66756
395.99945
758.06969
539.50224
367.01468
424.67249
675.31928
519.49283
620.87231
773.264
534.41448
640.33515
388.48845
128.67289
452.14354
292.33926
314.90008
754.30947
692.51061
325.30349
357.07725
348.20109
785.3669
582.33025
568.7991
702.13308
481.3484
586.39847
851.40154
619.7218
667.66747
720.39295
487.49726
316.89073
582.78944
614.77795
587.69448
487.08886
669.74869
443.1828
653.87621
494.526
585.92319
692.84926
517.48125
538.43587
480.02821
650.68366
560.25439
464.16755
514.45325
769.13983
622.46277
669.90396
513.59184
654.75782
379.46081
531.35712
578.9741
662.70087
682.85475
665.5936
644.90245
675.43997
662.93025
765.12868
653.39222
765.45127
777.35728
810.79571
725.33409
610.55456
539.06834
388.93434
685.90656
575.95454
630.99343
606.97542
561.82737
534.09155
917.93821
671.73834
792.03678
717.74888
447.5158
444.08526
412.16884
615.46728
625.90878
605.2787
673.90425
558.37971
587.84388
356.53325
367.69447
649.36892
867.50235
606.71792
509.29638
357.50717
467.75247
656.22267
385.45065
576.81281
787.34749
573.26892
565.63336
912.59648
518.60407
624.15843
375.19905
705.05745
516.70664
559.92191
730.59903
533.33309
720.35047
442.14872
627.29493
555.07887
583.23922
523.28009
906.36328
547.96245
592.47712
543.57259
230.41872
612.49168
676.8794
720.27997
899.24128
501.38741
529.99704
880.87804
637.64115
382.43026
651.32495
567.01444
592.24288
781.26794
667.41246
596.76167
655.74825
520.2176
626.51907
362.768
479.94351
724.23317
445.74705
721.50255
386.71799
641.13988
613.23016
436.6106
341.97724
594.64897
414.51824
546.63954
743.14043
600.87955
500.63354
509.66037
591.46343
749.6858
697.56921
683.81842
573.92631
540.48929
647.43885
623.92938
300.78763
498.06187
300.74131
482.04213
539.53717
656.80077
241.17391
533.07587
706.71045
603.62408
366.10447
425.22262
666.12139
749.31911
765.07575
527.93409
519.96384
466.45722
223.90259
694.58923
530.54824
404.03022
443.20383
269.32072
538.27171
676.15624
739.92457
694.98733
492.68305
430.64571
286.43653
474.77946
414.94606
413.50452
510.67483
510.27987
440.95282
376.16584
540.04514
540.45492
626.00925
536.52881
456.28197
687.37295
551.66212
477.73818
368.50834
588.38415
608.27851
616.64536
499.60993
619.19155
426.88953
542.67079
633.45145
626.22779
531.68067
556.68261
528.08489
586.83569
617.29686
683.75612
439.61467
759.29609
624.36308
410.15856
700.55937
762.8052
704.57762
581.29407
613.37587
466.74573
752.03283
597.37555
635.5855
772.48007
464.93229
548.17087
745.60319
824.92279
554.43848
696.34512
567.15363
811.23157
558.92999
763.97561
681.28754
785.51486
535.13447
661.53061
593.80596
649.03885
582.53214
752.13269
641.90382
833.55297
666.83879
870.43475
637.64447
548.70937
412.82136
415.75384
677.85849
823.16477
645.33323
922.44847
702.32279
921.81897
707.81541
768.62525
807.41468
850.76696
799.51209
622.19935
712.921
520.04375
769.85153
764.04067
828.46567
576.73558
733.55037
591.86085
581.03493
541.34304
691.26932
451.43112
559.19975
677.77622
630.28883
448.32261
483.1847
519.62257
732.19027
683.26002
647.84752
520.67595
731.86409
543.95912
540.69646
725.87657
309.79653
615.75999
561.60085
642.19976
746.48628
539.72474
691.9449
601.75538
533.77584
699.02982
399.58554
576.50293
565.54609
391.35195
205.21824
465.80144
421.45919
763.42212
824.63548
602.39676
671.28347
663.62169
535.19648
613.48833
762.35943
773.88912
542.77817
726.14018
620.47039
840.52858
541.39768
688.90889
839.55574
624.49113
626.56536
533.12293
655.70752
481.03801
704.98916
872.5125
768.06339
637.60635
444.79274
464.46445
498.84664
413.26469
588.37595
669.1392
471.63859
705.99218
657.34016
499.81131
391.0846
516.51561
595.62419
639.3548
514.47202
552.89985
656.55962
876.20658
519.50718
659.61432
468.19798
456.26278
318.1344
664.394
507.2858
471.24969
543.2509
544.48679
494.07512
657.63248
495.88251
281.27971
533.91084
357.85663
387.84765
633.28649
251.70949
567.94744
510.22188
510.78464
747.4457
604.76435
553.8011
895.71249
958.77035
772.35139
655.70069
854.00473
703.88145
680.92203
514.40237
500.00408
544.38704
331.50004
407.2036
245.33253
681.04748
664.76985
626.39114
356.00936
470.91342
591.95792
449.09273
411.13686
624.77507
585.49197
713.43148
816.67793
550.04054
594.57136
449.50441
910.39898
626.99845
687.66745
824.97984
628.55389
520.09075
562.9399
476.58581
677.99866
624.86505
463.1577
595.25099
473.99017
899.3
569.46275
658.02823
766.17948
487.10469
579.08273
458.58591
619.63331
445.59731
427.80132
807.06882
468.86656
613.47829
493.67439
396.1048
855.3838
613.74888
416.19543
445.13188
418.20194
695.88542
647.06701
506.15704
489.87161
424.35472
575.21929
764.70237
473.38617
774.62444
437.96353
670.66556
709.3621
671.30547
565.60641
763.90214
712.93372
747.89275
532.3877
614.50319
745.68099
720.25247
669.08599
661.28338
527.63545
515.55333
474.19946
792.95068
831.77517
665.441
486.29022
661.1683
580.77762
683.38654
549.18002
436.51005
486.52654
687.23321
574.61837
744.78619
717.88671
782.80923
445.42019
592.31745
520.30139
439.53469
419.18955
718.67091
566.7627
621.42508
603.67676
569.1625
582.04946
612.58892
594.68835
681.28489
583.92003
790.63271
588.52082
940.07391
672.06828
559.75315
636.85738
540.25503
481.80935
693.80462
701.06977
799.98529
754.01318
528.335
707.68541
541.23631
677.61581
681.41104
640.50211
547.15425
695.86053
683.31262
513.88685
563.4037
840.5616
713.16708
682.42738
565.44789
687.09344
607.04327
713.87017
677.89772
734.58561
589.00322
531.61078
588.66553
713.9988
536.60365
734.0683
797.20207
752.30947
474.52382
730.70784
412.7008
451.69601
91.31974
441.30556
684.67425
416.84004
743.24338
201.6983
649.19566
642.20137
722.23581
634.76306
482.12308
375.85823
511.37853
585.76014
317.49599
750.89009
686.56341
855.11643
659.03236
744.33821
787.37356
443.3664
187.47821
298.74764
586.32941
609.18769
506.99898
434.08556
669.5601
333.60688
472.51137
482.31993
593.97802
613.00794
514.86236
655.92335
461.64044
526.28627
550.04323
594.37617
602.98636
668.06628
622.15204
597.13986
762.50353
640.86774
519.09157
288.78244
568.94156
568.35563
622.43638
814.67373
571.78125
564.7411
644.70925
717.98625
583.20621
377.50256
615.95536
565.33075
646.02839
607.37823
301.33937
387.00104
378.90375
648.37879
535.4037
453.80294
525.20955
311.45485
362.35133
557.06893
371.52422
763.54929
580.3802
397.72704
320.09693
581.39788
851.27406
727.37597
502.17399
365.75783
439.5418
489.9936
549.21133
979.22197
730.25216
654.06264
618.94567
562.96612
545.5141
429.92441
625.11242
956.99299
648.25583
457.47694
606.51265
367.03038
766.73874
644.73963
502.51376
478.00149
533.31751
550.94858
835.6013
346.94938
636.1179
636.03279
499.61881
621.88783
461.04604
260.65002
435.44548
126.60166
534.46192
738.32265
695.77495
556.37456
715.26302
516.93931
544.42033
677.29882
857.64249
715.98668
719.38231
622.12702
495.73351
481.39708
587.93737
804.06807
433.4302
499.72907
507.05306
491.76036
713.87471
724.0342
598.02313
507.96744
337.38674
677.66915
725.00307
754.63883
553.6658
664.11351
299.79186
802.32872
570.96279
578.46002
701.86954
301.55607
382.54968
461.62079
683.23851
711.55568
505.07093
549.67252
691.77934
400.88237
546.31492
598.18254
351.59421
504.0508
867.52596
799.34047
735.3839
949.63517
687.1112
748.4632
633.65724
599.56121
661.46329
148.04309
559.36372
320.3029
450.59847
935.75113
615.52807
722.56978
595.03185
548.3069
758.33271
572.27544
456.87316
651.21969
365.34413
691.37339
696.77771
781.5356
611.12498
675.62009
607.82166
619.33117
455.07842
363.36669
603.34024
597.4629
420.49312
596.98539
536.26713
651.99883
420.59872
669.04567
380.76043
823.16277
443.85182
350.31468
545.12093
761.79088
856.50722
545.61028
746.36142
723.06857
688.57254
813.77247
711.46249
561.00487
640.17714
617.21584
424.32108
506.60109
465.52588
790.57288
807.55959
611.64352
541.7621
621.25875
386.43136
756.64082
557.16126
587.69891
454.42157
113.13154
381.20724
439.38969
493.47741
489.66285
666.01899
523.55056
272.05988
465.44596
617.07689
536.09032
600.7049
681.74977
415.14219
444.68807
330.30238
465.89684
568.99275
639.01001
463.18733
490.37259
460.71166
644.92744
400.75406
370.22821
620.17256
698.81703
786.59021
449.08279
794.6244
759.24878
770.19931
517.40836
622.64011
503.45284
333.99603
440.61769
417.90009
431.40788
515.74256
593.75752
369.1118
422.00664
407.15142
310.0214
717.08907
440.40286
600.17504
221.43859
597.17707
809.50661
330.42144
418.76888
571.75534
129.40935
351.53585
531.41695
403.58164
393.33621
681.31126
331.3593
516.13267
687.85058
522.83301
350.72035
293.68339
577.83764
615.15838
481.54293
299.10872
490.837
345.09619
486.72821
538.57689
301.75291
382.94465
335.64539
428.40635
529.54515
740.62379
695.69189
455.47024
773.22158
611.00564
523.80752
423.63185
384.65104
493.91267
493.73708
766.63545
649.05504
594.69111
490.61802
250.22332
356.82338
633.42425
526.98603
587.08466
640.80327
531.07856
672.70766
612.62943
348.8657
178.11582
228.84725
336.84015
416.31406
379.69272
609.19676
516.79997
533.28253
238.34969
541.47734
338.40394
463.33951
459.90562
492.25308
609.32115
596.65025
764.78092
587.10466
248.0996
426.82626
258.5213
565.00583
635.79989
343.29187
225.52853
452.8903
496.12844
175.45719
450.56034
531.82203
401.11746
628.95627
423.48193
477.22781
460.7061
465.53122
674.17359
678.24242
588.14796
634.77428
230.1842
390.27077
218.70529
408.66409
660.09305
608.61045
764.54122
780.20019
693.76448
314.86555
440.29438
548.87643
878.04159
724.65696
541.87689
644.89528
749.43065
426.20064
361.89127
398.75541
701.79988
517.6635
565.06943
574.35904
469.15024
396.96419
800.40643
496.20206
523.55434
691.73262
533.62771
473.89072
947.76924
805.18485
495.43583
201.49802
461.64112
584.86805
535.83097
774.21563
928.00399
499.64156
524.45906
508.47394
566.62432
404.63959
510.59543
332.54993
238.01305
928.43731
541.59763
242.04446
330.5277
378.18235
415.8713
430.27526
628.28412
498.42483
372.41792
558.37177
628.58538
454.57855
299.28206
486.47617
416.65001
390.09564
313.95169
484.70891
690.04747
524.04565
618.38038
433.20447
475.32548
679.60653
684.9997
659.71878
490.78147
414.7235
718.52848
704.81234
490.08026
823.75287
656.12959
554.22365
730.77919
517.34628
521.97582
504.67672
424.81486
320.05093
416.13238
584.71881
453.0205
425.77523
507.05707
541.93946
596.34985
415.4968
589.93102
723.23306
472.61486
665.40158
554.84942
507.45063
485.53082
504.64505
425.67771
440.24131
652.46767
748.08365
422.89341
199.91542
423.39588
477.38943
554.63728
708.78013
493.43506
291.22827
631.96108
540.49397
495.52282
570.68867
344.04672
855.66852
519.76938
548.23049
595.0622
488.18139
419.37105
582.27195
541.60415
494.96587
323.69076
492.26266
455.56346
629.29631
545.40561
713.16342
628.71874
400.1518
499.35343
489.96905
673.15754
385.6201
473.65543
434.57606
218.59428
472.76568
637.51677
569.84651
621.78504
531.33231
485.44946
700.7603
500.2064
650.73334
596.35973
725.50733
641.65511
584.19004
697.02895
808.19376
602.13046
651.48124
541.19917
567.61256
639.33345
691.08343
653.07034
687.58822
671.5763
521.77662
617.75988
367.93769
599.02247
731.731
486.57023
376.16311
385.05757
580.32386
524.87883
564.60817
655.68391
608.78533
640.70941
656.19429
351.44888
637.2235
524.67028
612.92086
472.14029
315.49401
513.88095
403.28423
676.52593
668.12405
588.14018
645.67145
220.39648
598.14279
901.66589
863.55603
865.05813
622.5304
588.87725
457.84565
860.63025
646.78559
588.37133
814.85515
1036.3901
593.69677
534.89642
577.35952
685.62224
747.51107
674.61763
537.90847
663.24619
637.98576
468.81465
488.11353
326.95775
534.41927
596.30133
717.38988
746.23573
415.61956
363.82001
700.0682
585.41128
654.16336
476.85527
740.03645
823.84297
822.8699
658.31671
537.66183
636.98249
526.14283
828.14795
530.73018
646.88086
451.20427
543.07587
409.74126
466.96414
508.31397
555.84119
554.66761
423.08256
598.02213
557.58643
587.16467
267.12185
658.23085
627.01474
633.4998
532.39143
584.58783
380.29587
527.29355
427.75687
575.84459
236.86374
477.82904
172.54209
423.81136
585.86152
338.32852
527.13294
495.62159
615.57334
371.75386
424.74925
353.98159
423.09259
320.87056
338.79026
351.91296
138.07
585.34221
479.74189
596.8959
600.00113
520.25134
453.12701
516.44074
326.1961
528.25903
426.43681
397.10367
370.16161
575.06769
394.28222
725.70035
703.75809
707.6042
468.53677
420.07249
521.24737
428.29081
385.67529
475.51351
271.04239
524.43443
314.19804
525.40134
411.65311
504.83571
341.21296
302.04091
502.231
309.08182
426.96021
342.0471
325.64679
400.06734
438.74108
435.85278
565.90935
436.51037
411.86377
425.26739
432.9625
772.09563
919.21641
691.28623
313.84256
493.71679
512.58791
584.46967
701.27832
734.6573
717.26403
470.70608
290.35485
384.67434
301.26486
507.05082
553.05875
532.62507
679.7207
634.89428
556.01929
832.63767
835.20067
701.18735
555.9811
443.04322
478.48805
524.34758
449.76028
498.2739
897.74021
573.38562
388.42231
370.42671
283.14411
137.29647
448.39529
408.12176
346.26747
598.6226
383.49114
222.30051
329.59601
605.03928
787.45015
532.27002
425.20652
331.98821
457.79447
261.08342
413.89866
313.2754
409.27116
272.17225
649.05424
639.04989
918.27125
726.02645
580.49345
652.46862
515.81513
298.12993
496.54166
688.72237
660.93025
633.22501
495.62701
553.25498
489.06292
451.12714
708.49972
699.48401
719.66073
573.34499
585.37285
597.68985
647.76422
665.66104
538.42168
678.34326
563.82372
820.94212
595.67408
313.26236
532.16165
698.78323
733.40684
533.83754
803.39639
472.15074
491.04473
448.3573
500.05277
443.13568
572.05422
571.32352
698.62396
781.34219
688.04876
613.14408
520.72059
504.69141
432.7176
428.18207
372.96293
455.89892
691.76421
707.26912
529.61129
536.40199
436.67581
689.51126
685.8283
700.89955
497.48107
133.0373
455.46239
431.61994
666.30598
574.32687
361.63103
388.93271
374.07129
497.25558
612.98851
580.9403
482.24873
709.78378
398.81786
546.55213
709.72559
652.41501
607.02495
752.95053
567.64603
705.45298
784.23024
702.15327
725.49794
600.55238
381.63422
406.98631
581.57719
351.04847
563.26381
564.57659
674.77416
385.71041
492.82318
313.32048
202.60547
360.19962
484.7303
697.36965
550.78786
490.18321
785.50861
668.27388
603.47496
475.36899
489.57315
499.65894
519.76579
263.37375
543.36541
504.37285
547.79268
578.97843
552.78616
513.70734
483.07302
534.65505
571.33765
731.39368
303.23113
494.43027
437.45544
244.85734
373.79722
419.42258
452.95495
606.98951
651.39751
511.6913
493.07981
358.20058
409.01668
407.9968
405.42497
502.50925
615.38192
559.39952
451.9357
478.98886
638.67201
424.63207
324.53148
509.1688
527.60478
578.15213
747.40842
609.79607
679.63121
421.54114
420.24903
429.19971
453.71941
539.58662
427.29576
628.61655
571.90272
686.87253
695.61198
323.63698
339.4821
467.97331
577.53517
621.08145
560.42094
528.40539
369.5151
470.10527
578.44104
642.93676
524.12212
683.48482
484.90318
342.78346
415.54839
594.82644
302.27186
522.69128
534.67338
644.18666
737.33647
463.77674
560.49091
518.91709
422.98544
331.91381
739.17905
356.77949
614.51869
654.05972
600.83416
777.93743
547.31079
879.7247
529.44107
470.3062
687.10236
341.33515
558.97642
424.69919
723.48607
274.62521
620.51383
421.37544
694.68605
917.39467
538.25538
567.2421
600.02829
580.07192
923.37829
382.68208
771.17069
572.99116
500.09466
492.50682
485.71863
397.6085
263.22056
528.25916
610.89961
736.5116
257.28245
546.36698
362.90231
412.64581
378.60686
382.27702
436.18982
729.66631
562.18449
380.27376
547.17385
592.76785
448.24461
706.82263
571.9649
442.39501
646.41945
610.18072
348.93721
631.2816
642.85166
674.61942
515.17006
214.28453
652.15917
496.33967
407.10491
583.48952
451.30939
403.47537
706.77837
583.67143
429.19218
614.57771
496.23087
711.02829
610.45711
750.1863
683.84811
980.61474
746.44925
534.77295
543.53288
444.79582
808.91622
730.75944
594.78286
718.37989
621.27951
928.23753
850.85552
679.8433
629.14737
588.28986
598.07542
815.63104
412.13003
466.59748
728.84321
682.77741
73.302264
410.91651
264.78365
662.6392
370.41156
252.74825
114.90737
405.1707
437.5677
382.89761
403.46821
437.58579
709.64571
704.84727
661.59939
455.928
156.41094
608.97121
568.05524
756.18174
556.38908
428.86906
593.38719
623.65629
456.40093
523.23385
490.2013
659.11503
618.23348
818.56919
566.96089
573.77554
514.10745
530.39976
582.38332
525.52176
344.12896
602.92507
513.69771
658.3789
429.5419
624.96674
493.21994
587.80148
189.76085
215.58032
255.71034
391.46309
408.45091
460.50216
448.7533
356.67349
542.45882
589.15223
706.31024
734.78064
404.57899
495.47626
505.28133
340.91958
509.02799
394.16837
466.81206
377.43002
437.41072
612.93502
601.20167
500.67891
379.12182
446.63413
388.20491
522.63639
527.97769
581.17937
539.82388
658.15821
476.35416
501.08232
542.12382
266.88667
406.67392
715.98422
500.31288
512.36629
444.87697
588.64536
806.54011
597.22678
439.46346
381.57904
783.1638
348.23047
625.34743
538.99927
349.11559
451.57547
675.87093
804.66741
678.81002
758.33117
560.09586
560.30787
325.21013
420.6731
110.82322
407.93642
604.80704
700.0955
663.96691
671.53855
323.61877
540.74119
501.31049
634.1277
502.90797
501.03762
284.03997
394.85917
341.62666
531.16259
439.92639
799.68124
586.98058
357.14289
634.12936
718.50706
585.97554
637.75925
607.24405
415.10569
501.32895
558.52423
466.97537
580.3579
452.96814
212.23099
451.3153
369.44972
415.84054
391.78916
436.52981
452.65225
447.80125
537.80847
704.05657
488.59032
348.04171
451.58394
339.15668
620.31831
483.69669
651.03029
311.21572
414.19182
351.83712
503.0875
562.36975
538.78996
265.44496
487.66734
376.99153
552.34784
401.09445
347.33638
365.31998
566.77378
659.87529
448.86641
563.7573
514.66539
309.54946
338.83182
437.92044
319.74847
396.72366
839.13101
703.37562
724.70124
517.74999
408.69832
670.53541
753.97595
633.8004
698.01681
582.16602
534.78658
531.8919
369.34204
406.42301
389.64456
440.17076
624.62276
611.01179
516.87954
495.75278
531.04625
324.37939
385.59642
405.41468
761.37388
684.7904
668.26843
452.65636
593.74416
569.7009
431.73316
819.10356
623.14234
585.60533
656.96447
872.47413
554.18362
414.40875
704.61974
555.19994
575.72424
708.98814
545.2668
765.45863
530.34817
375.76165
613.40865
409.60696
252.25322
235.72544
545.3308
823.68405
510.69321
536.13158
496.7088
279.0979
561.43013
633.86833
659.63954
575.53189
516.05022
562.53025
718.90572
426.61815
614.87912
725.07856
744.47416
637.03888
599.75868
301.27939
370.3026
422.75397
416.61406
408.30272
683.89284
738.77405
699.02905
724.64909
231.87936
359.5946
282.35942
14.408935
530.96505
366.29024
381.64322
263.88848
524.32963
494.21585
275.6115
412.17218
289.6427
406.41126
470.47938
428.60053
302.77931
364.94482
381.25717
586.12798
439.22142
559.00804
715.28779
448.00686
430.10298
45.102844
346.52555
420.95572
750.20129
725.40552
632.17087
529.98189
437.3666
729.64009
349.57448
348.92667
331.54509
378.83589
409.11681
443.55706
381.74602
216.67013
256.12242
415.59488
430.01671
648.73977
326.84491
337.98075
263.70651
389.46864
435.9326
332.02243
350.26253
543.4697
313.41701
376.45856
560.26178
457.22837
409.53598
498.3374
262.98371
494.58892
456.18124
390.79125
277.09871
354.68909
196.64174
344.94211
418.26992
610.6839
618.76384
471.75182
473.30996
606.73569
514.18265
580.71699
495.87389
486.62466
469.85738
615.1184
526.2611
416.62455
358.43827
228.31814
279.74315
447.02317
358.58455
709.63794
232.36041
355.91571
306.39534
361.18558
452.3097
546.47864
552.46488
754.42675
734.81501
619.87455
671.46716
603.06259
413.92525
403.67079
371.11896
276.57265
708.90094
709.27008
480.19103
608.61625
346.70715
494.92164
497.00028
495.18632
679.45551
460.2005
788.61993
381.26863
495.77412
373.34898
433.8076
417.0624
428.88855
382.77522
593.71626
679.09454
565.7182
532.3298
317.96209
547.50513
748.67806
596.47702
374.39935
395.59285
495.44157
578.27046
532.22566
845.18636
500.84085
414.88199
449.17593
531.35141
371.55085
580.50504
612.23001
418.42122
364.8608
722.78658
615.41192
689.75511
692.16709
502.0372
481.94709
347.06591
412.15782
306.85739
463.0025
627.58307
508.948
470.4827
303.85857
427.72429
299.47958
469.68196
593.24784
598.20145
591.82921
519.85047
500.23186
472.14761
763.86416
851.17639
468.97054
439.62532
585.51748
640.95859
584.54621
691.66005
402.69801
279.85695
407.50861
460.49131
494.85876
549.55227
468.68403
667.71314
510.81295
575.28342
505.13774
481.24168
438.62678
574.37517
821.45109
377.30299
546.35094
668.15015
385.89774
562.55207
633.02965
358.40144
716.6162
582.69901
523.42373
600.07657
772.00608
654.7618
544.29121
654.66085
431.15853
596.47751
759.6113
987.31641
676.9652
885.84188
645.20625
630.83674
682.51646
695.46515
684.74886
454.85086
543.75039
600.38986
515.59906
590.59749
858.42403
756.55783
582.79173
416.71525
706.45378
632.16498
460.70339
508.90708
488.61671
486.30504
623.60197
663.66042
515.06976
671.87902
714.59076
789.7174
845.46015
444.85155
507.48383
700.63641
631.63123
403.4128
591.54934
372.62551
644.57243
635.44659
588.95159
702.69172
513.64834
513.33967
480.81606
257.31632
376.39293
582.02236
626.53168
308.74756
438.4285
552.33582
448.47983
411.60716
775.1194
380.77068
382.8896
478.66871
556.87232
666.05509
517.99061
872.77583
745.74781
654.87164
570.53919
781.32896
617.00416
650.10542
390.80751
470.93417
667.87822
657.221
644.35902
564.63499
583.76626
489.17821
461.26606
462.25399
568.01395
519.82366
666.9208
558.50694
529.54499
419.08765
557.80003
737.29234
361.13585
197.04522
350.56137
432.83672
620.11912
634.47321
514.2904
502.10099
330.97649
303.07727
617.40332
520.05502
451.43417
603.4398
702.45522
554.45296
520.84474
326.17387
538.67328
438.929
240.01491
359.29915
439.05008
437.02159
550.21964
814.30429
580.2788
453.63364
466.50146
355.5587
263.03777
651.99264
546.58118
535.05406
443.677
544.3371
665.96607
541.24292
687.27865
475.16616
667.35253
743.0267
482.37195
304.73965
480.60726
521.04948
414.80228
402.37532
360.47504
615.45827
353.9942
340.31438
336.30537
489.34654
287.78101
375.8297
395.83222
454.54867
737.4441
548.65481
588.82607
376.5263
267.67519
491.39405
696.63563
540.86846
521.15997
426.48265
777.70878
594.70205
550.91086
464.91422
698.24588
672.09028
370.84022
278.65595
694.78502
460.33197
460.6868
500.66699
398.94507
514.28955
403.98776
547.51137
521.77444
756.48606
673.09671
431.90205
524.53
556.42904
507.80681
605.54371
374.96813
593.93517
564.39027
567.90932
341.86061
595.18808
399.12192
326.30043
545.30522
619.22029
743.01274
693.25039
604.21458
341.17979
491.29803
420.9236
516.35973
441.26679
558.95061
335.01979
450.97127
570.19529
427.46315
502.60975
421.94192
338.5711
235.87786
478.43155
644.61537
758.5591
366.27791
610.80361
515.72252
527.96427
379.19578
383.94515
314.23553
254.59473
568.9986
613.10346
558.17627
454.00779
262.61594
373.34031
358.82151
368.43417
648.86439
734.5481
736.24222
669.22436
542.82507
263.41754
231.42897
240.32894
381.18901
540.51819
323.06489
553.66196
512.8828
440.4079
357.00199
724.63194
665.44907
359.65391
358.4111
530.19556
344.88572
494.4283
453.77305
553.34567
293.30228
455.5225
408.46761
285.12428
391.02626
593.39888
729.22637
525.97912
334.33879
506.97694
480.23151
530.35171
559.15717
918.27603
577.28992
281.25583
388.95758
614.24667
490.3244
557.50075
637.94265
530.55204
367.96462
715.28134
404.96501
373.5631
555.79188
536.09855
270.49282
545.7635
521.15631
363.79044
293.41119
94.775225
505.91942
367.92622
261.45761
382.19046
489.25076
678.38775
256.80414
540.22912
573.84471
623.42612
317.32146
347.63947
586.68824
602.45969
501.75355
726.60422
538.9298
543.83887
636.75077
491.55289
672.94167
704.98194
505.07248
504.20448
534.68606
293.37149
230.44589
382.60744
331.72092
352.50952
441.57575
239.91187
472.8288
456.82683
582.05856
387.19336
369.11625
377.04395
721.32502
491.055
489.70705
618.22376
273.34992
615.95067
381.81919
503.84292
421.10708
621.4668
445.2785
424.82179
598.03155
429.57828
478.59312
716.997
517.5906
544.49384
518.53514
561.49031
496.1412
496.03683
399.06688
719.22556
625.80238
703.43579
332.27333
516.85548
578.97808
544.13053
387.78712
597.85995
339.05219
447.73042
599.81633
454.32591
357.51425
346.99378
285.38715
258.59305
523.51112
359.34938
523.27423
457.66351
333.3554
397.57132
304.89181
189.38065
197.70217
472.30114
356.80546
211.44473
427.34329
409.25641
546.13077
401.08012
195.91857
318.06639
422.46836
160.27997
301.89553
400.14913
448.45983
150.11446
20.21503
259.93023
113.22835
137.04641
267.93164
259.15558
440.02653
429.41251
426.13088
425.93365
558.40654
560.20722
624.59831
-25.453614
159.32184
37.263823
461.2946
291.27551
329.10996
214.66577
329.83858
466.99705
467.674
398.12707
303.81155
264.79209
169.06087
209.42131
365.59524
496.24317
421.18546
568.92677
559.94852
485.54187
157.75604
232.27777
438.22207
536.81137
435.28319
481.26406
304.4973
462.49615
193.93566
103.75808
285.03343
204.76993
457.3135
287.92459
440.37348
497.15421
495.75676
572.26544
318.30429
209.97572
556.28056
355.2164
176.95842
373.12611
507.87644
647.95846
513.4295
435.1814
523.1447
420.50456
396.53422
414.69475
351.29918
353.92157
569.91687
325.88508
443.55678
469.43428
404.00387
331.09748
441.63929
249.25406
201.99906
256.4227
235.30376
314.16938
260.82405
267.62153
651.83404
500.72279
435.10587
312.43442
-28.93992
93.413268
279.1748
459.10312
465.36931
451.24703
233.06276
148.38569
274.81499
368.24569
349.64756
509.50358
550.6635
215.18469
354.76301
417.0768
457.87831
373.9299
454.78126
570.15891
254.22455
564.88992
335.42962
402.19194
635.41361
352.54608
632.1861
627.44016
446.50005
497.55048
518.48672
644.11462
363.80294
256.62784
386.6745
367.03618
524.98583
267.85793
316.00993
309.69597
395.62093
638.67131
175.80415
501.21752
370.02359
477.0702
403.13381
143.17662
470.39972
409.11894
260.2137
309.37903
283.21491
337.43132
292.56855
206.22342
175.33975
398.88719
305.94242
569.99979
445.78775
279.79381
200.65061
194.95983
538.35727
460.89398
299.37877
382.55237
301.03129
406.64964
512.93682
658.11485
254.89997
121.95792
515.83452
440.35493
251.0702
432.59443
535.40782
597.41806
436.93516
526.74125
594.88477
424.61835
425.08213
267.27204
217.36442
465.75763
523.46225
349.54027
377.68408
424.54899
126.15786
324.66205
179.22269
375.73847
352.63974
293.87706
315.56391
186.32017
307.78991
645.66854
582.6975
249.43135
476.77641
250.06758
352.06175
328.31418
257.89428
464.74645
351.72909
300.93999
238.63103
190.18189
382.11042
350.56657
292.68203
300.91216
83.368265
106.22062
247.3367
182.88309
431.45645
449.12659
65.118911
312.87592
564.96483
260.37611
231.37471
137.09123
286.53722
579.85637
329.9218
425.62336
283.51155
326.51488
225.71513
204.6233
163.4556
224.13601
350.67355
256.15686
463.54851
436.88471
66.30449
419.87389
455.15663
613.30574
339.6247
199.72089
54.484139
321.07355
471.3557
345.6958
223.72322
252.95725
318.5009
328.06179
325.85802
742.67776
499.78867
333.53719
240.63165
406.58441
466.20536
606.23459
160.45774
185.56968
107.59469
169.02097
50.52773
186.66736
227.80024
238.33746
87.642343
231.43893
159.65347
218.99895
542.45642
203.04341
462.95198
410.50568
267.34316
419.84193
384.73429
299.26535
613.67504
623.74933
522.72974
370.96108
246.48955
302.91002
585.24627
517.9323
342.78889
498.20532
88.097638
244.87968
235.34738
169.78553
499.7041
514.89175
492.27969
614.74577
626.92583
427.35407
274.88408
362.27183
181.97437
581.26656
449.71928
428.17233
284.40105
405.92183
275.32761
265.00468
759.70218
193.57788
319.30515
189.52737
332.2968
328.09113
517.00833
615.51179
99.907049
331.66573
450.67084
625.97202
405.90432
571.60589
656.7018
488.10614
508.0275
481.4466
197.05825
343.28301
376.89307
252.39594
355.84119
413.32163
427.55429
147.35097
522.01616
525.90253
239.30403
555.96697
347.46137
372.97924
97.48851
-4.8340487
299.07627
298.66268
605.23789
445.16823
651.74117
647.03685
262.19503
46.8904
574.2458
339.5148
480.90576
347.49718
8.9570976
425.96708
238.91943
481.76499
545.34204
433.42475
298.1928
372.50698
340.58294
373.12808
392.44094
208.20384
299.78211
242.87963
409.05636
625.31181
436.04303
620.26321
371.58224
113.52597
324.50863
185.80068
362.49071
668.15617
307.8791
288.03037
429.05701
566.60908
388.67362
194.60349
37.993156
163.68543
289.52146
386.86629
93.669808
192.04436
357.00254
176.88736
219.21176
48.267016
301.01055
215.44072
356.9922
402.24982
316.25755
157.93995
312.53623
225.26818
308.17288
445.92188
310.52295
177.51222
380.83135
295.82391
113.87395
128.9374
161.56663
305.24897
278.53066
152.52406
263.04732
484.16267
382.23047
401.86325
275.256
413.43534
434.6513
398.41797
390.93604
538.76642
333.09842
305.82644
331.16556
424.55829
273.88531
459.10154
285.34692
104.36453
197.86606
245.26743
258.47333
410.38392
122.89025
333.58112
304.42982
268.55627
468.96114
485.05706
396.26308
122.72114
402.22087
97.31881
324.40025
277.08577
402.5945
427.99378
289.90377
197.65284
240.59666
184.44718
503.97116
383.91923
229.64279
354.9044
472.81465
334.03235
393.06655
336.87976
348.94057
167.03254
468.21178
340.79795
408.2117
167.17367
330.46025
491.88211
722.34341
430.99925
337.85504
291.03212
353.82433
294.24173
248.26864
340.19286
218.54674
62.779494
258.81602
367.1421
453.46907
345.98536
209.99261
339.38634
293.33432
349.1376
440.55585
192.56495
79.38317
306.55614
259.9674
292.08507
286.59427
327.08188
455.4653
288.37165
288.12501
433.97797
551.40568
427.2781
464.48736
322.78281
482.97285
280.21655
265.98437
331.56488
373.10273
335.57113
313.77167
44.183247
312.71574
437.78162
692.17411
368.97454
503.36973
294.95461
212.01799
419.37559
319.12118
662.42538
390.27582
459.90273
415.25407
236.13055
646.56588
133.18639
269.29713
446.60977
128.66008
321.76345
414.57398
259.04672
415.49566
286.60281
272.64983
299.47597
578.92495
332.47013
361.49976
497.4615
292.13591
402.6931
428.97147
262.76544
413.03919
398.76151
587.52563
798.43211
628.37957
240.34212
645.71964
260.67035
344.81774
323.62308
176.82637
530.40557
223.80127
321.72002
72.789659
237.80735
225.87084
120.35252
370.89957
528.33812
495.85486
512.31512
330.38154
417.9762
260.55379
228.38984
289.0791
434.93127
382.9607
328.02255
30.68609
455.14387
318.08795
406.75988
260.35968
45.028545
340.11927
259.16754
340.34199
415.55456
285.56573
328.14376
264.88099
273.97544
405.90403
342.6159
552.69871
367.6931
219.12614
304.33934
212.24806
425.27363
535.17873
755.05373
362.2446
363.44095
325.4834
216.71209
424.31391
465.05535
121.12837
295.83037
487.79687
215.96479
406.4655
340.07152
170.45753
150.33899
347.47565
457.66883
439.79526
0.33524612
251.90595
210.15445
461.85081
505.14337
670.46111
226.70817
229.46357
-32.429699
400.34085
339.86627
359.90886
529.89346
250.6694
-32.111418
203.03477
226.49071
218.04218
331.03217
463.66844
301.80396
123.08252
273.99156
307.9051
586.0656
426.75444
363.332
337.28564
243.61287
204.55019
338.45822
446.80638
339.80557
655.59665
291.55725
336.9799
659.60576
527.15012
750.5429
451.07217
246.6074
353.25537
395.93032
161.84406
252.56888
340.2619
494.50798
465.55229
89.191524
283.76086
354.96753
258.14652
331.99307
371.9513
736.03755
622.68364
501.83569
485.51409
281.97576
415.48986
507.41118
220.57401
76.934163
-18.955036
505.83339
594.40373
478.86797
490.57783
214.9891
381.49486
371.77319
72.831258
237.46473
274.22629
303.8216
28.721546
382.32267
309.04414
420.11741
436.71136
395.01274
437.5208
310.41891
237.96143
304.4066
713.21404
447.16251
489.63705
378.10828
506.22503
425.90349
107.41623
346.23376
313.82121
472.5807
446.13097
350.71025
350.78297
200.6673
394.57375
227.80256
376.81937
177.54742
287.41076
321.66659
347.63418
207.36794
497.46496
289.02707
655.63471
646.01606
557.36696
333.92273
375.95135
70.286264
482.24451
510.27328
514.08465
429.52542
492.61868
262.1419
432.96987
445.19583
815.15475
583.02424
682.99763
449.55212
103.92202
404.44842
446.00287
383.53081
799.34851
315.60373
206.43233
264.51311
368.13859
466.6958
19.821358
329.16572
599.62865
413.23037
450.17346
643.78737
557.35368
354.27585
463.87934
304.82002
131.18985
256.93107
121.72866
532.96203
319.98167
308.84731
260.99999
323.65196
92.360197
460.572
278.92219
433.74816
237.98766
209.62625
218.98195
731.93187
563.35228
422.77381
494.82007
243.70854
472.99919
374.66609
427.19188
563.39964
416.68615
577.85544
377.55359
404.71239
255.69774
374.09904
487.17668
470.95093
166.16035
349.75528
421.99293
160.77766
150.42899
285.30054
87.59731
210.22267
299.18142
360.80231
387.31521
198.80882
289.10946
178.35442
145.12158
399.7926
406.61928
512.11913
261.75594
399.34169
171.09574
301.09874
214.27698
213.08653
391.11882
191.93001
496.11166
279.97203
449.88246
428.88582
527.26493
368.67711
401.83203
219.74119
215.16326
367.48656
245.59681
273.29728
347.32146
594.47627
357.07017
472.09951
453.6171
588.75087
474.92064
435.9948
315.69481
281.75474
124.64635
383.37163
392.33903
233.9065
332.09524
325.12454
536.75552
290.02415
265.43986
575.00741
441.33886
577.46267
430.45136
574.5489
391.76556
455.83766
384.68896
383.05105
435.95691
527.3972
326.04193
400.93855
542.94874
227.87882
430.85027
499.00294
470.08163
390.06708
385.09727
403.56609
342.00245
483.37209
468.13364
278.52131
473.99779
528.75518
535.27109
417.27419
548.18495
264.64533
198.12003
637.49183
347.9317
307.0366
480.82306
236.11377
394.6447
193.05926
396.01424
253.02949
357.39701
124.70431
463.0057
432.26184
271.36146
118.37309
381.77287
449.24613
485.76161
564.61114
376.41492
56.525516
289.64387
620.98513
587.39569
375.63424
315.21244
-24.595341
297.80266
321.84066
237.55185
467.84707
259.29651
363.88178
226.99758
214.81387
238.84162
327.67158
378.77194
295.14607
240.68513
380.78903
508.88359
417.25223
490.92946
415.59256
346.52779
534.1511
558.13379
380.75916
521.15945
492.16373
297.80472
407.26847
468.05657
520.7194
328.43891
379.40697
300.78172
209.53646
311.3857
176.24059
367.77978
272.50419
329.72471
255.55533
273.82204
322.39372
336.78218
221.38299
43.72859
245.25842
96.020367
328.15741
489.6817
274.43464
355.57809
259.4151
462.37335
435.52156
376.01228
489.94852
657.9329
556.6255
283.8734
294.94095
267.43381
164.76268
299.09784
31.955663
608.83891
332.05756
470.74527
405.26059
359.57997
269.87326
236.96909
644.51293
449.9705
438.03417
528.20414
520.01086
474.27746
491.75412
536.62842
236.63637
122.12602
275.60798
269.1512
355.48248
312.86439
590.09002
491.58316
634.75703
353.87181
250.94556
313.98769
351.97696
161.7325
266.01782
343.8914
498.75297
94.975726
118.04551
370.2879
361.59611
309.47634
437.09995
182.00173
479.51967
354.60894
24.828901
155.79474
440.47776
304.43482
447.03444
393.38028
514.67949
293.96846
391.16999
284.64809
314.24475
170.14191
478.58437
343.91154
314.35345
68.519155
164.14755
109.85124
350.04931
351.7498
323.41851
386.40772
479.15272
428.46438
235.05175
190.36264
379.66977
441.18688
400.28166
324.34303
463.84513
559.23408
12.990669
352.79134
366.8543
284.12613
194.10916
222.07846
179.49836
290.46819
482.78812
226.71094
417.25032
352.13577
247.71642
304.55656
490.35714
422.92206
578.154
320.29846
258.49911
173.76446
471.44123
532.95203
701.43035
584.4268
381.29886
515.34109
225.7299
329.74513
369.551
590.29607
265.32887
230.24123
369.05618
288.56092
271.9484
482.31758
493.36973
445.77515
398.05329
118.48106
186.42367
384.30092
320.11935
480.55572
210.85115
384.16687
210.18041
497.99652
525.48739
353.97625
411.75187
668.17674
460.72621
279.72681
209.87287
74.863285
113.21465
195.23153
654.79694
605.34069
504.2049
292.73789
62.693075
260.81343
379.55887
446.76676
436.82264
542.90329
359.28732
355.6103
251.10875
304.14137
559.07401
511.47001
517.03845
300.75389
673.8981
482.08114
181.99619
63.949831
353.37618
486.82225
428.02931
745.3963
678.97474
571.93959
389.89558
237.00828
103.13351
226.3103
285.67264
439.16404
280.01984
-11.189612
161.02894
138.42563
504.42681
26.427451
36.407664
447.98901
164.64571
485.81923
279.28305
184.57792
165.66906
614.05244
428.33978
519.20688
308.66996
326.78507
503.28979
372.67693
513.21112
344.78981
265.58303
489.77881
305.97629
278.16977
375.3039
288.38568
272.58276
512.79555
363.95222
370.87755
492.92143
471.37397
414.02004
387.85903
306.98381
406.64821
86.003991
383.67932
578.58546
270.0164
323.06147
384.36389
353.84898
396.82676
501.06278
395.16994
425.17511
265.76045
197.22885
340.54986
293.27935
364.55534
310.70359
521.43241
307.96296
238.54238
320.00867
373.67466
504.72753
299.92937
271.50985
361.48871
514.98474
128.39116
507.06929
500.89636
603.22569
352.04383
422.1306
370.25354
541.50629
210.25699
222.47073
168.33001
-112.84252
25.486955
376.52264
203.77271
244.9702
330.20121
283.30428
111.55156
149.92211
323.19828
436.21833
589.42829
232.59608
190.98905
504.81316
88.654776
283.76498
386.35281
35.043278
78.727101
412.06361
362.25991
360.2504
667.02121
392.36106
846.65079
374.5722
474.89552
7.1627991
449.62371
415.91422
251.03176
490.76078
516.87616
253.88492
436.67265
645.41333
363.7388
373.81546
459.96089
494.40065
444.75005
500.33737
412.73009
233.50544
167.69079
165.2606
322.69326
421.41058
358.7097
380.48474
327.33007
296.14277
289.07066
430.0526
237.73346
342.05537
362.04072
488.53845
502.73295
417.45935
418.66658
372.55802
456.97947
240.45009
277.64641
772.84826
558.57194
296.10199
398.82483
451.95191
356.41157
479.78332
374.45702
429.43875
460.50304
431.41216
411.2163
536.50143
764.48349
297.23714
408.22658
198.11276
358.07859
413.38134
414.05758
359.95243
466.45242
97.026689
433.82688
372.84601
252.0375
314.16959
304.12832
320.28318
578.79659
467.98573
182.35135
168.60696
336.34655
430.57206
152.72357
552.39879
525.1391
404.13484
291.29372
368.10237
320.72096
302.58364
344.69993
204.41655
352.52416
269.20019
382.63084
309.71896
362.8688
241.83735
86.131796
337.54323
338.14182
344.73989
639.22553
361.93249
366.85565
407.81956
93.389122
476.67832
290.37317
217.71673
607.09783
278.54097
252.36508
200.88041
206.16379
248.07119
160.62738
227.60319
272.84986
389.01047
298.0673
384.01406
254.18839
383.42126
65.334725
165.0607
168.31834
70.483192
377.52561
391.18381
320.36309
574.88565
512.63055
547.19491
171.0312
344.18711
58.378304
601.80338
395.68881
374.01234
239.69023
194.326
328.81546
514.2303
199.02875
528.60771
454.13119
468.47145
197.16225
194.90638
213.36707
412.27481
306.8536
375.22604
267.82262
338.54855
289.71483
504.13619
571.31966
457.62939
72.697518
131.74237
318.30952
595.87772
545.01361
470.26823
479.56285
217.32891
39.058659
154.74109
242.09101
271.62342
263.96988
454.1959
440.37298
472.81543
166.77861
457.37759
318.77569
352.9631
291.39828
479.91225
480.46423
222.05752
125.46314
226.80196
224.24248
329.35869
417.89484
445.90932
92.011074
94.824155
397.71978
537.30157
262.89332
258.67513
370.9838
549.04788
223.29726
307.64733
406.75612
188.23149
403.78294
499.96395
376.13955
280.43414
200.46405
411.68678
609.69635
261.34665
330.06456
312.44262
455.98409
294.01921
297.26154
136.09687
171.68055
421.01305
588.16003
409.31022
548.40502
184.46773
266.80709
386.13614
501.86184
466.38031
291.69272
336.79652
433.23946
296.28042
547.77031
556.6187
326.01009
555.22045
514.97921
653.04436
210.80868
304.7495
341.19918
352.71667
399.922
471.3611
357.05342
311.67925
500.90544
358.80183
401.45667
344.24359
267.36698
84.232482
326.54604
346.99321
422.56865
403.57796
459.2084
332.83767
145.89185
306.31719
428.32257
613.48787
435.06816
547.44823
556.26571
253.68855
184.36101
269.03043
402.9825
95.72081
111.26104
278.62733
232.91926
60.68821
363.09883
179.89796
183.15179
507.07798
326.88111
240.32154
505.48087
576.3034
403.51219
288.93106
344.16845
385.85655
216.13096
662.23646
206.24228
108.1241
149.97433
277.38891
593.94967
387.0533
326.47312
549.28438
293.2985
353.94037
467.91019
380.54096
541.13208
674.74823
533.6782
336.23198
559.78038
472.69912
412.98616
458.86254
463.80748
606.0733
360.96693
141.18018
514.35897
327.98714
543.51042
417.79847
197.74514
283.03377
425.52551
493.25778
277.21336
399.46407
475.58441
-4.2563622
191.70497
320.71043
357.99773
477.84379
370.02409
498.81918
117.62707
74.049467
246.2181
420.94481
319.3957
643.79195
468.31717
566.34444
297.21362
277.88175
64.82791
306.77798
164.21415
404.7962
317.75415
41.985834
143.64423
184.74143
190.08695
179.85663
360.4336
347.18279
197.818
225.66243
245.66223
31.939703
202.98664
204.90553
384.01919
270.26612
333.43631
231.49257
232.76249
153.00513
326.83413
373.1893
328.51732
406.33803
81.135338
243.64635
97.167209
276.23159
348.84411
435.92671
500.75447
466.27812
237.60649
79.190695
465.29659
321.56021
467.30735
511.59419
423.69472
237.05143
611.4536
363.69144
385.03123
392.34686
229.47208
101.07862
50.314135
179.17068
214.51087
350.50061
473.49105
247.42949
352.25967
238.61998
374.20627
239.24609
349.36488
362.46514
414.86616
269.96235
324.12936
-8.6950506
294.7428
545.38873
279.38481
311.7171
213.28935
480.81967
318.36521
122.37088
296.96093
422.39534
184.00213
60.74501
504.18294
711.67236
348.57583
538.71767
538.27964
351.03917
285.87921
320.62353
451.14234
743.38923
358.88522
160.54245
257.31831
633.27717
461.69067
469.43197
493.52686
262.28428
353.43733
420.84028
285.43133
353.04485
239.47412
49.299661
330.80653
393.92973
641.09499
288.58107
281.17954
235.69968
428.89778
501.14019
347.6858
256.00239
194.7821
354.57704
260.44908
360.65213
284.66194
61.178217
-37.696703
203.15866
207.92802
198.16967
424.28283
233.54103
308.01942
303.0343
602.98112
354.40983
443.08677
469.43651
444.65255
502.70131
340.66613
390.06435
274.44116
598.49846
432.55927
309.4392
287.89116
357.41849
257.91438
329.59651
455.29332
333.26831
504.68271
395.34799
409.6713
212.58994
100.80905
183.33891
317.65897
242.48244
163.08575
308.59732
201.07804
312.01527
413.5289
486.39729
452.47599
574.74153
298.07861
320.11456
351.64016
285.98784
414.31759
599.37285
248.91371
135.12697
548.97082
414.70176
808.85174
636.75508
348.50629
415.98534
575.30764
197.7609
227.35543
273.74967
309.89315
499.64557
476.76197
379.34002
215.87766
139.21019
442.54847
70.152786
479.49553
162.3473
312.31005
311.28953
133.62353
357.41453
459.33057
230.47025
495.31
348.41136
181.28868
327.54775
421.79379
348.46547
420.7344
399.03895
263.35386
361.27689
123.52854
350.81418
413.50633
22.91719
372.57219
198.7849
409.63663
622.2563
237.72828
538.52249
249.61881
412.97215
240.91081
267.70641
285.63334
412.94566
266.37288
626.38007
420.12559
554.68296
427.34972
357.59885
331.55525
383.69787
282.80965
359.10189
504.32671
251.17146
346.24382
201.98948
360.26104
518.47283
467.90335
243.79992
221.34806
300.05882
288.71025
96.694216
566.07224
468.34096
178.64368
271.62678
417.12904
335.44599
432.21154
508.49045
373.17031
139.68447
163.61525
70.273389
207.48304
310.90925
370.92079
404.30328
473.09866
-4.182441
13.335293
219.02357
701.68658
184.44012
166.35991
455.91374
567.67054
392.28196
390.61002
445.44095
261.68503
500.65961
557.98608
177.38909
488.03744
582.7018
558.59537
642.0119
420.7244
425.02736
434.24414
350.36829
511.41651
432.97604
451.03703
506.84195
401.09588
148.67315
223.2594
344.03676
425.57326
287.75898
426.94801
499.7412
504.45743
357.83449
325.99151
336.78933
394.92938
475.53002
474.43344
379.88924
276.54198
88.316425
488.46408
629.58232
341.60233
473.80095
361.41659
386.62762
265.80919
341.37444
288.87375
353.2294
555.46086
188.38004
534.28199
223.11451
383.27741
461.91427
425.76813
541.18975
280.69233
317.22915
513.7684
432.34648
276.77543
284.55465
248.54576
382.04145
421.34447
619.6268
294.30987
531.64837
245.46445
319.96584
379.35789
280.14829
474.41427
590.00169
422.81102
357.2022
127.61672
225.15479
483.04482
267.57303
109.88547
201.07904
363.53444
423.15291
263.49072
112.58017
413.95168
421.86305
226.5878
372.68431
397.54673
258.88442
235.24271
96.671336
521.89326
255.54635
404.52609
513.62472
165.74103
334.90102
303.70383
421.04306
464.90518
492.4668
70.578485
272.08531
322.94436
117.22421
181.6661
426.9576
273.3032
139.13945
522.24809
576.39492
271.40715
359.0955
571.16373
399.72815
592.29031
653.48868
432.72546
509.0194
472.71729
491.89104
181.90048
228.94323
629.37402
443.71226
314.87573
592.66916
93.86617
373.57155
300.51651
392.52794
363.32437
138.16255
110.8115
139.45259
349.77247
338.23823
364.95557
331.67025
305.87163
279.69714
279.56228
353.47174
242.65569
315.24109
236.25891
256.95289
164.43906
286.78647
285.31387
586.81819
686.68556
460.96715
243.63552
109.25621
81.561173
416.42089
289.9623
488.39864
510.81723
388.60436
325.55271
333.32707
347.55614
356.9227
543.35999
366.95931
305.44658
70.995134
388.72748
463.61056
332.7138
458.26054
238.31864
184.76951
173.41399
230.5731
220.76534
404.75234
533.80149
503.30643
449.7283
392.47507
732.52298
452.5549
72.053343
334.00949
239.00747
107.422
325.78625
392.94717
464.31351
446.36729
390.19855
323.2782
245.20014
445.23357
261.1491
528.99372
550.82873
378.65761
378.88507
153.1112
620.69903
624.97583
478.06691
382.10092
207.51437
511.14485
305.41808
250.61173
363.77
256.38906
280.22687
418.44726
344.29291
313.97975
377.80386
363.31377
365.85448
380.89899
306.71028
351.75704
229.23729
160.54338
392.40145
402.7682
611.44895
389.15776
415.29809
362.69066
525.3814
440.6899
317.91174
271.38273
446.1993
754.64841
299.4584
503.0111
367.84379
332.47986
480.61086
355.55048
338.9953
239.43231
316.84135
421.83092
252.16833
415.36167
367.22643
362.76381
401.03833
41.109044
307.29209
567.93716
642.1864
436.36586
134.19864
88.294755
262.80094
231.71298
425.86142
437.77742
335.29801
258.23936
151.70866
351.39915
459.5199
245.04873
229.26382
383.44727
245.14899
641.11363
601.22574
258.43061
550.63423
666.65726
305.04611
486.6846
259.91493
434.53199
97.044543
301.54985
402.10937
599.00074
427.83275
373.54794
612.6975
603.16101
478.59564
550.99557
316.04009
265.46904
337.28487
596.42761
360.31265
564.50451
618.16025
440.01882
336.25978
492.94284
524.94882
424.98091
411.66135
103.76657
387.09436
296.75792
202.33847
385.72774
303.26784
252.70785
430.85542
-47.936425
278.55931
354.03769
386.74045
156.58825
326.03934
-23.805511
394.62448
157.77245
285.83804
299.67886
271.90703
225.84553
240.90471
149.86461
430.97604
528.08827
613.34055
75.461377
106.26289
219.94623
279.14434
497.89954
195.23605
159.37703
455.09843
164.07646
178.99141
75.381103
389.87151
391.97613
255.4033
187.4622
237.03347
275.49768
364.32691
452.69598
482.98358
356.52432
207.36224
124.37384
237.28601
840.99286
360.77385
547.30651
317.71379
279.75063
190.72877
191.37858
559.56164
390.9573
234.32084
409.33743
353.5828
306.47027
218.68539
636.48796
344.53294
449.87889
364.84805
667.53614
497.28467
404.90771
554.33909
405.40462
308.43531
-98.040633
279.60401
320.1607
468.50076
453.88432
474.24614
810.06106
507.66328
650.32785
535.79309
549.47165
749.19077
416.64625
656.44655
467.43084
380.46738
346.5645
305.72817
509.84161
679.94208
591.88393
382.50002
314.21474
198.75729
147.28948
260.24805
230.5454
546.3713
374.43144
187.16633
387.64122
541.64875
299.05626
215.04419
74.277809
114.02425
87.475578
455.21718
468.93212
352.73822
552.81246
314.12677
383.09532
384.93046
466.0147
388.25711
389.94793
429.02913
409.03961
254.8081
380.66772
262.62168
102.08461
120.41761
514.97461
592.55738
379.5994
351.391
372.52788
642.36286
541.25185
411.83324
412.97267
286.53259
362.93843
558.7791
515.53282
302.54348
412.31436
428.44337
600.39346
188.04308
418.82336
456.42647
326.49922
366.56519
-57.243551
179.88359
403.37556
288.60707
317.42079
131.93295
229.1832
111.01334
306.86142
90.267723
493.24539
384.82444
182.85282
400.67203
388.16786
210.75641
433.3728
149.68768
653.46003
423.40434
465.39705
342.46055
440.60141
277.6564
304.0493
325.39397
350.58928
327.13769
330.3847
295.69218
231.56348
168.38602
269.42496
429.29333
280.95495
232.29584
268.08624
433.42116
434.29477
176.69351
576.76693
519.35412
611.02726
216.14412
217.03507
223.59411
302.04655
349.36233
433.19921
347.02738
247.32308
481.43973
532.7615
553.12864
621.97052
463.8881
89.551425
64.692788
307.67857
565.00944
584.14659
331.68007
418.21348
510.5969
446.93876
204.87028
207.96474
348.31084
94.167835
415.49449
420.58973
468.48594
330.07372
275.70048
409.90612
289.39044
18.858801
433.40085
488.82579
443.51305
390.17735
334.5557
164.17884
360.1031
121.4794
349.90885
287.99276
569.68765
489.99888
335.32076
584.24193
528.84855
290.72551
435.50832
223.49212
475.05283
344.64639
275.48702
249.69535
341.42637
148.69963
142.32171
320.47284
427.18559
421.94485
266.48365
498.67299
329.50413
398.18607
207.91979
276.3178
383.79348
150.70671
255.6944
241.14834
309.85119
271.00241
438.36511
265.73469
294.88436
262.87092
348.27264
386.28907
304.44855
440.04755
206.03741
582.8194
340.17167
526.73688
463.20208
246.15789
306.78954
274.26573
499.63477
482.11596
462.97206
122.6566
99.317683
254.73326
243.04844
463.92881
424.66535
246.63274
397.85974
48.928295
180.38599
313.23809
578.25594
426.35812
113.67451
181.17551
219.3047
298.33248
352.73027
246.615
51.128563
252.10216
90.029295
131.58065
432.55747
498.85727
153.09523
191.65898
502.01891
132.22095
-16.523855
220.50677
110.98872
204.49397
476.44137
297.6584
259.66623
356.47952
306.94513
626.60012
479.87559
178.59182
299.48294
373.81057
412.15645
52.083085
520.14495
305.94851
439.9813
457.32159
90.62759
69.430976
27.968063
109.92674
358.40571
120.55802
146.28247
288.23676
340.28234
412.57304
362.87506
635.01469
255.30411
217.36124
415.90917
358.84367
398.74964
552.48026
269.69662
258.09711
165.62588
281.11729
192.37921
258.1124
508.22161
346.00095
401.36041
485.63585
217.08286
195.17768
414.0379
503.33092
399.51595
554.718
408.09074
317.11859
444.97999
517.16973
377.49078
7.144971
427.19264
159.13868
501.04895
506.62825
399.9133
645.02709
394.95357
492.89197
362.64633
278.70852
431.94788
436.05156
378.98948
411.71403
37.771998
166.93136
496.97121
344.11
390.25527
429.1088
253.0123
431.78959
358.86119
341.35539
-88.729643
-3.9831837
34.905882
264.83348
419.21783
340.38273
338.42969
353.43223
370.62676
245.24825
369.42696
465.89663
506.02353
287.10925
208.16547
327.54466
200.19322
494.4363
580.54052
436.01746
302.7164
427.1028
575.03572
523.23173
469.57526
607.55214
167.0904
445.92362
529.10141
449.44769
365.12145
307.39685
375.53599
217.92131
579.2091
428.11457
438.53942
667.2066
428.32256
587.15367
268.55533
471.98454
305.8822
436.52365
355.71317
303.9569
435.02648
161.38388
505.15644
535.46854
380.74581
669.76232
460.22539
182.20677
323.75013
434.19535
94.011105
443.98582
70.288163
479.29011
385.95896
333.51209
374.14714
459.2313
557.5568
618.6219
328.49242
284.91653
217.33964
459.46469
314.97778
154.58074
145.27658
246.42651
227.21619
529.97027
390.06196
172.24533
205.7587
282.97848
263.96424
261.95925
228.06452
434.92365
339.24966
449.07017
374.80547
183.46624
159.18722
570.37298
667.2637
517.05605
371.09324
218.00362
538.0885
406.32526
650.66099
818.71406
508.87996
282.48813
605.18669
539.23573
234.50117
428.20613
383.2369
280.29081
158.44321
169.9373
177.86045
301.19822
348.34928
306.70201
228.64205
457.89617
596.66752
227.11482
701.56997
704.3754
522.94136
477.98358
252.3978
209.54019
416.33615
447.38042
925.03663
639.78427
486.04027
439.60588
507.45903
233.24775
286.81653
286.36933
228.30823
489.23254
452.02531
583.48866
540.38381
352.36902
394.25393
438.15886
594.37072
505.26946
542.58883
697.24898
256.03402
320.8976
678.30432
411.68717
624.72071
310.49238
448.96599
344.63305
451.06427
345.73724
273.60414
379.0985
528.44412
589.42139
396.81222
311.6093
281.15402
255.0225
346.59787
262.28376
105.07114
318.78397
414.2811
408.54361
395.46585
302.19916
486.96075
116.23901
581.72677
519.12515
363.30925
243.64777
536.18717
315.32835
370.99438
316.96314
444.8396
335.12553
721.43672
679.04253
746.63453
411.33041
297.89502
718.22462
383.47157
445.41207
173.93716
218.55241
171.61167
274.49726
135.79135
456.75459
761.95736
391.44868
511.61799
688.83938
171.2361
305.70846
306.86997
362.37309
529.29163
355.95323
205.54484
453.50839
402.35015
343.85522
248.16514
241.01507
444.9812
101.32274
399.7029
527.21764
508.36247
470.67007
507.29785
349.86547
380.91039
261.89217
336.72174
257.17445
465.58383
286.72997
360.29034
247.37719
563.16764
449.93726
418.56483
303.43344
249.31438
351.50064
358.54293
331.65479
172.04941
438.31219
670.88628
252.5008
255.13024
174.60275
438.71152
451.23061
371.80922
389.61386
414.62112
136.35898
384.63572
434.29333
187.36969
369.98863
655.44243
671.87262
417.90611
276.09246
192.05672
345.87151
421.05487
386.59365
222.60019
364.17791
624.90387
437.56411
258.72181
199.08017
269.76027
337.8243
494.25367
671.71148
375.24429
480.62154
291.48999
326.83428
386.90433
80.306235
251.04004
123.35497
185.49146
154.61448
266.94881
390.86514
208.63721
167.20157
412.92505
306.79866
469.55437
481.86155
732.5064
680.23113
265.4052
363.28608
672.37455
441.8042
510.54194
178.59809
490.86278
268.02844
298.32145
191.08951
226.84894
406.94337
461.03603
289.62089
155.73606
158.98422
383.267
428.29884
96.079538
711.64418
365.14581
412.0839
178.64862
296.03954
427.52568
547.00741
471.69288
140.17599
515.03045
398.25002
398.91068
427.69541
562.75718
272.85093
199.05455
-38.480624
394.97601
161.28242
427.16773
11.157468
493.62601
200.88916
288.66961
463.84896
350.35376
426.20704
361.62827
108.61789
121.09681
326.61636
203.14661
220.17201
210.81622
129.28197
141.23515
408.35038
307.39268
304.08571
412.664
407.03393
326.24229
394.55448
377.96645
557.64478
275.64224
296.32295
440.21512
373.47694
241.93177
365.75767
439.56113
119.71687
141.31177
376.82908
389.87782
398.20364
147.61625
262.37795
220.86492
435.51451
544.99104
330.89155
610.10006
379.72081
445.08104
431.84642
673.64835
281.24887
464.97452
434.41357
300.34912
181.37058
347.21595
419.33234
161.05682
366.62407
375.32706
286.3342
380.94677
411.72553
459.8668
406.61162
478.05519
394.47171
405.36338
490.18465
390.90824
374.12879
575.15072
683.1637
282.53122
453.34415
378.58067
640.88988
549.71237
546.10251
634.08619
247.92609
219.15141
235.83075
371.29153
505.99133
380.71488
532.67508
633.67809
300.67415
505.87429
216.94396
175.52435
236.40899
355.40899
78.149932
158.96343
568.92124
590.54982
446.64379
407.03162
336.88347
324.65278
302.47255
304.30982
90.229924
500.1343
130.8695
119.99013
203.11556
373.09513
294.9328
552.35364
571.09696
547.55769
541.72525
523.20164
334.68768
355.357
379.90417
487.39355
525.12425
293.78646
252.02285
463.39272
519.47239
586.0694
397.81883
391.85197
399.46933
282.7273
690.39723
554.26623
412.31226
305.97349
279.248
348.60572
259.72609
271.58157
420.4379
636.30296
459.50158
470.57132
475.45683
593.88919
418.06349
268.79526
380.79119
522.83761
518.09372
354.32166
561.38722
387.12527
307.81128
231.46273
307.36561
267.63346
16.785428
273.95627
276.48775
443.90732
151.80302
170.42841
139.85637
353.25642
444.4491
525.79039
262.56613
251.19689
284.54596
241.22236
490.14331
535.18048
399.44951
293.90436
565.84677
236.68544
471.75478
403.40728
496.10182
547.01544
350.12362
186.76354
509.12954
210.53076
397.41576
396.48817
767.35116
496.29413
239.23499
182.29213
264.46471
382.31889
513.3494
138.3054
215.82988
-84.014313
129.465
446.87161
409.27843
609.23076
266.96557
384.34041
473.39277
501.03977
422.59251
427.58602
354.85284
411.91421
395.31345
309.88789
659.08576
312.28206
154.54003
459.38099
310.03084
808.55714
658.77607
538.49758
444.14914
450.76181
273.92264
235.37365
498.64667
394.38215
470.2538
589.45563
375.46783
530.44693
540.64951
300.57577
366.31977
454.05686
527.31512
751.9367
442.42777
535.42348
755.07223
784.19119
362.2403
426.82378
213.35222
395.43515
378.18169
232.15535
487.68566
307.01905
321.42279
394.87091
298.69355
519.99887
340.05538
338.56003
356.23506
505.6873
532.42275
498.88922
569.60664
249.65322
583.38579
430.35452
344.33126
259.34655
175.93829
196.90541
530.78836
409.41214
455.78021
121.26313
292.00537
386.82745
412.01593
466.10113
351.60249
436.53847
230.80179
642.14148
613.44485
359.32829
382.37372
492.74835
451.82767
59.107154
141.35657
339.30179
425.19048
541.21134
416.63713
481.24887
321.86296
291.36169
402.48397
469.49995
513.61168
226.84998
395.41014
473.88026
205.21977
400.73322
330.01822
336.58707
30.158855
529.19617
419.26889
498.19511
273.13774
212.26748
117.052
491.49529
434.66124
257.96522
374.23436
328.22566
352.84588
274.56552
294.3007
507.65835
388.59897
468.78424
361.26787
246.88375
314.83515
374.95409
146.93792
421.23713
378.05905
378.08271
348.63722
266.95137
457.12468
520.43973
528.38204
335.10143
277.51324
333.84279
56.031964
189.23169
116.12453
238.08061
486.02295
275.16629
432.30693
466.91375
594.17013
408.65655
524.41136
374.09412
304.60351
36.509599
327.67403
185.00194
223.88451
115.20203
443.36029
404.57498
312.11577
480.38594
508.93561
492.49906
600.54144
271.99595
326.35075
572.53375
260.35058
521.60981
353.44815
410.74637
314.9647
336.56426
438.82199
113.44063
91.14244
229.78013
393.22588
312.91686
268.59569
439.26438
200.73223
280.34422
224.92522
239.68581
358.06911
237.79236
272.90862
236.40585
291.66412
392.21763
363.13765
497.41529
227.30829
307.50945
260.44072
144.11428
164.1134
238.06733
580.47645
296.12924
437.55792
489.22749
523.22828
372.74296
242.88954
347.30918
592.25632
449.70091
549.69892
416.69364
421.85083
475.03042
104.80372
272.69154
117.64337
22.206163
104.83324
381.84573
318.34854
294.37519
321.31841
284.65608
193.63161
160.48357
425.86093
470.09871
337.42441
371.94572
334.83337
364.7684
527.42696
668.5725
560.63462
436.90248
506.20364
212.36653
408.1018
418.60466
479.10653
157.29383
536.54995
714.89827
353.47246
262.45509
378.09564
159.39585
416.88567
429.10055
270.89278
243.31628
602.66398
288.74061
67.5324
139.56157
133.35251
287.9019
252.45392
484.52232
251.23515
203.12525
146.24153
477.17629
274.28016
177.11755
305.56176
117.66661
438.21349
495.18692
141.64624
456.88457
363.44571
357.45633
358.54259
476.26716
263.36496
382.41616
366.53667
570.34686
253.68076
518.22452
137.31801
341.93387
415.61686
299.70197
261.32772
256.17153
358.49913
451.55426
456.80779
398.79718
301.08547
277.14589
398.90477
613.42777
368.86806
223.22472
172.34727
117.03448
338.28463
432.5102
420.36279
553.6395
483.40352
375.13355
258.26354
124.45094
643.5352
173.03566
359.15579
297.29457
240.00501
294.8284
41.116618
336.09389
184.31678
321.51761
248.16952
459.07104
288.39763
344.56243
468.88509
-22.668069
189.6514
61.825006
237.72808
339.4425
678.08342
283.36096
546.51897
199.22339
437.29521
277.8719
157.56174
337.51155
324.64329
664.20897
368.10479
359.606
81.438036
267.76864
188.51618
362.37848
186.24673
346.82771
457.24275
487.39573
328.4591
310.61237
402.53941
470.90182
597.81286
522.0148
409.17143
290.64876
180.5336
241.66767
419.30985
615.31562
248.63946
289.74076
642.41022
452.57539
333.7624
289.71515
519.9115
274.55596
494.5836
108.64179
351.19612
548.10128
480.2876
601.38272
339.57853
303.53886
180.80722
308.82553
377.56003
96.179435
295.38771
373.46096
262.49524
322.53874
2.4531907
303.26473
311.14071
330.1607
350.50532
293.40666
334.71794
108.51563
476.67859
404.33381
-39.169457
117.81546
247.73671
367.10878
314.20434
302.54883
598.2586
296.84692
224.17571
243.45201
330.82697
189.33784
36.145454
467.63718
393.51885
313.01942
450.83472
234.06896
461.69909
358.94898
214.81348
275.03615
274.02557
443.79938
369.45133
102.54409
615.90943
368.50132
345.41089
121.57646
482.04369
247.97539
162.44012
30.532587
185.19911
306.33709
252.44259
132.24298
245.86781
148.07736
249.97984
249.80273
55.001914
89.440472
85.825779
56.142608
101.91885
376.71579
457.10987
467.82816
268.88857
156.8193
239.98373
510.6903
606.8785
421.911
-10.890488
477.86611
571.48167
220.24506
426.4077
332.97707
312.88233
246.43532
383.01499
57.332571
366.72427
222.26935
387.96589
484.32571
286.82945
269.02431
241.89705
140.05624
197.58574
240.85791
420.92496
365.54375
580.17385
350.50759
423.76168
301.0099
309.02862
648.69937
395.25887
337.42898
205.81121
395.52889
483.28486
233.25669
486.6894
454.81682
331.10403
36.072063
291.71523
612.88983
349.38533
233.00621
461.0412
512.76023
269.6102
303.74434
368.341
586.003
501.94865
462.62046
370.85986
334.43936
337.64797
397.76308
555.59907
594.28781
247.69449
267.04345
328.6371
180.87597
410.65744
418.23037
431.89196
86.739893
284.72184
498.22955
330.61146
431.92284
230.72633
458.67211
440.35392
346.11237
517.81432
234.34245
541.13499
319.08007
435.40662
525.52376
200.85323
388.67948
46.451946
359.09676
210.57515
289.07543
473.31399
411.54903
548.62004
334.43944
441.71355
419.28749
264.03161
366.22278
373.73608
115.11589
466.96235
307.55729
495.65211
579.79674
484.72673
621.3988
544.17615
366.10832
405.04069
560.51246
254.35147
168.47237
302.7311
456.70222
403.43008
588.74119
281.3704
471.4094
514.66366
481.87293
550.65431
443.81916
239.08035
477.47278
609.66138
516.91121
459.7854
429.62975
164.13984
169.44557
245.70548
530.80477
487.07726
608.14532
324.93607
427.58175
305.22068
224.98521
525.00283
454.93191
427.70785
432.71994
478.74378
455.67779
355.71957
506.90431
323.83467
596.74801
363.76829
585.47312
418.92199
357.06187
576.40236
347.84918
406.04675
203.1811
262.28546
337.26102
313.3954
253.96608
417.11696
547.02397
397.53373
334.18496
399.99087
369.2311
247.99058
543.38005
480.71791
306.1741
302.53216
306.99012
335.5189
199.64689
228.37915
348.52011
284.862
285.92738
348.09621
36.840455
357.36521
520.21565
360.35712
113.92184
410.10815
141.84288
214.74938
244.97375
485.07187
172.13184
249.89294
477.26833
568.00347
404.81932
277.1763
93.214274
354.55841
453.97155
206.36659
422.8717
387.92576
282.27749
411.17715
325.80571
278.14192
439.40352
169.86474
206.98362
227.20507
414.74499
243.76779
189.70911
363.12503
537.57652
626.86944
715.29522
