543.77678
942.47839
1504.4443
1881.0153
1838.7174
1866.2827
1302.5556
1181.4042
1035.2029
1269.151
1451.8292
1405.71
1297.671
1426.1413
1661.0343
1602.45
1420.3959
1513.4056
1363.2043
1377.8548
1346.8028
1264.3443
1641.4994
1466.0852
1282.9975
1666.7283
1551.0143
1532.2504
1341.017
1020.0471
1301.2772
1274.7364
1331.016
1355.0888
1591.1237
1368.9029
1210.994
1153.3558
1426.0238
1468.0932
1391.0894
1820.221
1741.0593
1564.3729
1285.8899
1426.5546
1592.5646
1378.2502
1391.174
1158.1436
1379.905
1320.6718
1407.5451
1619.0817
1460.0242
1377.7367
1528.5729
1176.5661
1461.2933
1426.7718
1650.608
1488.6912
1621.2233
1429.208
1544.6921
1393.4855
1456.1663
1327.1167
1435.8805
1659.8071
1518.7601
1546.6629
1388.2858
1711.4104
1384.0839
1472.8589
1526.4818
1327.4513
1661.6143
1468.3475
1361.5324
1558.6395
1599.3819
1682.0747
1340.2345
1395.6708
1627.7678
1632.3067
1441.4249
1491.9642
1636.7021
1349.8483
1553.4024
1438.3325
1571.6556
1477.5945
1460.6996
1416.6365
1444.0705
1458.5382
1417.0242
1539.0073
1532.5892
1431.2638
1388.9002
1377.7339
1131.8732
1548.6939
1378.8936
1280.8535
1350.085
1283.918
1179.9677
1482.457
1540.8968
1643.7848
1704.0515
1421.3033
1446.8479
1525.8874
1352.9767
1393.2738
1420.8719
1470.7886
1604.7167
1499.7734
1361.5976
1690.2903
1538.5859
1494.1914
1231.3682
1514.4037
1346.0743
1463.1187
1771.1414
1635.9877
1580.8405
1602.0875
1555.6427
1441.0556
1419.8597
1474.9527
1426.1277
1406.0799
1473.7024
1405.3922
1350.3635
1049.7981
1315.3289
1583.3509
1452.0925
1589.1302
1351.0438
1489.8748
1451.6097
1629.6641
1646.7182
1365.6298
1522.0177
1537.1765
1184.1032
1465.8783
1343.2323
1497.8688
1284.7457
1652.339
1585.2672
1321.5906
1561.1817
1629.9907
1189.9954
1468.0875
1389.8154
1524.2316
1252.0976
1503.1446
1378.3207
1483.4422
1233.772
1465.0559
1456.4349
1485.1059
1464.2995
1426.3989
1250.1938
1550.7261
1502.7778
1350.1129
1505.2999
1448.1948
1492.4151
1473.3931
1590.7441
1675.5495
1783.7768
1420.551
1409.0097
1425.3155
1534.5986
1251.8827
1427.4204
1588.0128
1649.7058
1783.8248
1715.669
1431.0439
1562.0003
1267.6559
1638.4374
1434.8122
1471.7814
1365.9828
1489.3301
1627.588
1844.0405
1452.9831
1780.0741
1828.6083
1651.8471
1426.9588
1341.4136
1386.1843
1399.9685
1533.6646
1316.7177
1589.115
1359.3278
1425.1309
1484.1904
1493.415
1546.7372
1444.6667
1340.325
1691.4906
1573.2141
1330.9262
1474.8203
1480.0205
1560.7428
1796.7458
1444.8292
1749.5133
1605.7223
1925.5816
1379.8831
1521.0663
1512.8194
1299.9443
1496.2617
1432.6159
1362.9813
1583.5308
1524.3956
1567.92
1593.9049
1279.9287
1461.5086
1651.7201
1245.6328
1403.3777
1415.0898
1506.1272
1579.9079
1288.6903
1513.5803
1446.6924
1305.767
1430.995
1598.5625
1256.0671
1552.4255
1300.0512
1261.2268
1433.0172
1377.1197
1581.0237
1602.6545
1501.3146
1375.3015
1432.8202
1355.4933
1270.3587
1464.1174
1597.3101
1527.6437
1576.7361
1536.2227
1505.9427
1716.5063
1515.0542
1461.7671
1588.5352
1587.1758
1506.7168
1327.1914
1435.5898
1280.251
1525.9092
1402.3316
1388.3951
1356.7888
1463.5636
1182.14
1280.9555
1301.0034
1448.9864
1609.6242
1447.0762
1623.1204
1847.4418
1561.697
1237.006
1388.6167
1521.3276
1212.7714
1550.8492
1711.9728
1452.3322
1337.0838
1408.3609
1260.7498
1338.7116
1709.7149
1460.6275
1106.7024
1503.8779
1562.1214
1390.2461
1582.761
1273.1667
1310.6659
1610.3964
1376.8999
1608.613
1327.4309
1581.9838
1340.7711
1466.6733
1588.2816
1638.5677
1569.3371
1562.8418
1338.234
1439.3048
1164.9989
1094.4446
1522.8007
1417.3865
1656.2918
1537.4879
1586.0763
1415.2638
1660.8347
1293.8151
1510.6572
1322.4202
1648.06
1689.6438
1544.0795
1605.718
1558.6101
1351.9784
1283.8511
1198.2075
1609.7434
1544.8009
1535.4958
1455.2123
1624.4631
1318.0733
1628.7852
1350.1659
1539.2798
1448.5034
1472.7644
1616.6848
1459.1364
1309.2719
1231.4873
1615.4858
1265.0476
1477.9103
1401.7449
1574.235
1384.1272
1429.3047
1601.5505
1445.3341
1435.0427
1303.7581
1325.4724
1355.1359
1750.5903
1543.1435
1580.1453
1464.3552
1537.7774
1357.7003
1496.218
1678.2182
1494.0471
1671.9756
1499.7617
1256.0922
1459.4555
1467.3135
1430.962
1542.8073
1527.9942
1521.8056
1417.1068
1541.6038
1340.2855
1528.8974
1714.5084
1868.6525
1601.4291
1493.083
1457.3084
1644.3639
1502.7811
1543.8179
1621.2373
1644.3087
1514.1287
1216.7303
1342.4197
1515.3072
1497.3677
1618.6461
1472.1546
1485.3526
1769.9788
1735.6798
1270.3304
1425.9191
1539.6563
1500.0598
1629.0806
1514.7329
1444.8124
1214.8688
1081.3508
1779.5739
1604.4558
1514.9258
1291.3206
1462.8476
1368.2037
1526.7417
1374.6869
1597.4387
1361.5538
1640.1468
1467.2034
1410.4664
1434.4058
1467.1271
1411.5583
1550.9147
1422.8679
1600.8354
1674.1266
1755.9304
1557.9376
1401.6507
1372.7984
1477.5768
1487.1443
1735.474
1613.6865
1574.2094
1660.1168
1172.8732
1458.5522
1475.0556
1518.0302
1836.487
1670.9406
1416.4022
1553.0788
1304.083
1289.9833
1603.8799
1563.5781
1571.0768
1516.6953
1640.7874
1315.1654
1357.335
1602.9061
1663.3106
1408.6256
1507.1232
1593.176
1619.4299
1405.9363
1415.9159
1564.5328
1604.1893
1442.7092
1385.4826
1438.1625
1254.2012
1484.0819
1729.9247
1400.0015
1474.8224
1250.6102
1577.8856
1277.6961
1404.5041
1403.4239
1443.5797
1366.5986
1554.2645
1482.749
1514.4536
1686.3932
1415.8295
1414.7493
1783.8108
1605.257
1742.0827
1655.5321
1456.1708
1353.9117
1389.9051
1291.042
1699.9698
1425.323
1126.6545
1492.6009
1547.1511
1243.3821
1162.5189
1420.5247
1358.2826
1420.0997
1506.1058
1526.021
1509.4398
1460.4366
1292.7776
1324.8533
1559.8215
1614.3486
1408.9127
1534.5976
1313.9281
1482.4072
1619.7622
1480.2358
1403.4831
1348.8998
1466.7319
1478.5731
1341.9825
1545.4204
1552.2675
1715.0984
1700.3868
1528.7061
1270.1192
1424.5661
1271.7305
1459.7389
1681.161
1675.5761
1566.0683
1578.8654
1493.9995
1568.7632
1330.793
1517.1848
1594.4842
1421.1826
1606.3857
1665.7211
1339.8758
1449.4276
1498.8402
1539.7904
1328.3388
1343.8082
1511.4176
1312.395
1379.0149
1466.6951
1568.3786
1585.5794
1381.5019
1241.3071
1357.9662
1450.0108
1633.673
1251.9311
1639.1838
1604.8344
1440.867
1370.4515
1240.8453
1398.7357
1533.5655
1396.0558
1596.3281
1356.4462
1334.3368
1339.2187
1192.0213
1371.7243
1420.4281
1591.6523
1323.8284
1468.5126
1307.0548
1268.2055
1419.8697
1354.6983
1228.319
1463.0392
1558.469
1457.0821
1530.2036
1292.359
1324.4974
1457.0486
1629.2053
1349.392
1493.5965
1651.4747
1448.783
1244.8748
1210.2471
1259.0307
1503.8454
1575.621
1502.7704
1505.6387
1347.3658
1473.0105
1289.8353
1411.5945
1533.4777
1468.2977
1411.8615
1555.7
1302.1863
1476.2922
1382.5487
1406.8531
1334.0358
1316.9867
1347.1238
1457.3621
1559.6341
1452.6994
1339.3908
1173.5943
1142.1517
1846.102
1418.4512
1368.9794
1336.5692
1261.6787
1303.8
1185.4652
1232.5751
1446.1526
1529.8037
1432.9643
1308.5846
1310.2494
1389.8135
1419.1301
1187.9099
1727.4398
1410.2483
1498.8605
1743.5556
1421.2075
1528.3532
1471.365
1383.7544
1395.317
1533.9558
1433.6966
1439.8677
1299.6006
1451.7239
1510.1036
1561.1269
1487.4742
1238.5528
1585.1099
1550.7208
1294.0229
1485.5112
1769.9565
1456.9492
1425.9144
1319.3744
1498.7338
1411.8967
1565.6041
1391.233
1306.0367
1576.7956
1497.3998
1687.6773
1751.1309
1761.5566
1678.0871
1363.942
1789.7862
1454.8287
1446.045
1602.7085
1415.6034
1469.61
1394.8262
1444.4732
1360.9067
1424.3247
1297.1183
1456.958
1487.7115
1697.544
1584.3061
1366.4447
1571.2227
1192.3716
1294.1099
1479.4765
1332.7457
1599.1588
1592.2342
1660.2189
1529.9304
1523.7533
1772.7971
1425.9314
1409.4386
1668.4543
1551.7769
1592.357
1681.5916
1688.6284
1655.2785
1249.4694
1419.5759
1461.9099
1437.669
1602.8856
1483.4918
1675.554
1575.0494
1497.1494
1376.8015
1752.5161
1597.4295
1394.885
1376.8484
1401.7018
1403.8229
1288.9674
1450.4527
1505.2248
1267.1502
1603.2056
1233.8258
1311.6693
1540.1676
1647.7941
1378.2885
1495.7138
1609.4514
1397.9224
1395.7706
1418.9587
1429.7046
1575.1463
1338.2633
1406.0943
1580.9088
1460.481
1535.8145
1716.6987
1613.5367
1498.7415
1531.8966
1415.6654
1586.901
1500.3502
1699.6451
1907.9422
1876.3169
1540.8451
1504.0417
1427.4606
1326.3372
1488.4581
1443.1767
1558.0677
1628.7233
1541.1378
1488.4552
1694.3626
1431.0551
1545.2104
1738.539
1529.8131
1656.7303
1554.4645
1608.8273
1642.7362
1208.5126
1509.9653
1380.376
1571.2061
1437.8871
1525.5518
1735.0328
1622.9856
1837.7254
1399.6868
1330.2423
1555.9914
1555.9927
1582.4155
1724.5559
1452.483
1463.6811
1497.7584
1364.0584
1743.0685
1792.1261
1603.2393
1668.9767
1522.8785
1420.095
1302.9692
1659.7755
1352.2723
1427.1531
1485.7043
1497.6257
1623.6756
1655.8518
1628.6403
1922.5352
1513.4289
1568.3213
1383.4167
1593.6939
1615.2021
1503.8755
1474.4919
1566.4427
1511.0535
1465.4466
1380.0201
1598.6702
1733.7489
1525.231
1300.4408
1549.9627
1496.4662
1705.8367
1593.4433
1602.9754
1613.7539
1682.8863
1403.6419
1517.8079
1398.453
1635.5113
1546.282
1763.5808
1461.2865
1559.5508
1525.4326
1621.3308
1484.0999
1588.434
1873.543
1672.1363
1634.1271
1455.2187
1172.3593
1582.6756
1730.6076
1846.5672
1709.3104
1560.0862
1389.6251
1694.8934
1550.8252
1644.3733
1564.061
1645.6341
1550.5693
1650.414
1654.2237
1689.4018
1411.469
1474.1623
1567.2827
1428.6104
1440.3864
1529.4894
1537.6164
1570.7197
1438.4264
1158.4518
1274.1841
1410.4085
1442.6539
1460.8014
1466.5772
1590.0205
1685.7131
1653.1782
1288.554
1299.878
1357.0574
1467.3708
1651.9052
1644.7537
1698.4111
1475.1291
1487.9495
1799.4165
1503.8197
1391.4379
1278.8922
1209.7062
1632.1204
1417.0742
1678.2985
1568.3241
1643.7744
1430.752
1342.5789
1480.7697
1635.7391
1763.1845
2001.4401
1777.5074
1473.2494
1804.6607
1600.4745
1434.7303
1267.8514
1480.2845
1425.3693
1521.6094
1460.4947
1248.9812
1556.1811
1765.7853
1625.4222
1483.6211
1488.7407
1612.2143
1258.2167
1358.4057
1587.0714
1561.1568
1661.6609
1646.2543
1417.526
1669.4974
1518.0798
1661.9034
1543.496
1360.6547
1598.5321
1412.6835
1563.382
1452.956
1687.2889
1510.7543
1464.7193
1534.1498
1656.1659
1395.0948
1584.3106
1486.7742
1536.7392
1649.7774
1771.2739
1766.0679
1525.327
1332.6078
1334.293
1711.2779
1498.7093
1450.9231
1653.8494
1684.7965
1493.5733
1547.0878
1526.8295
1649.2188
1637.172
1497.6872
1490.5738
1459.5227
1788.8844
1567.5322
1606.3974
1422.2679
1305.6325
1612.4508
1475.7043
1414.2885
1346.7575
1525.8501
1782.2561
1378.7432
1167.3895
1593.2053
1558.7414
1281.6749
1504.3227
1419.7659
1686.9778
1341.1817
1497.8593
1524.6035
1685.5642
1167.9594
1348.4962
1480.2189
1586.0374
1401.9002
1422.4656
1255.8134
1679.8407
1344.1451
1415.6928
1598.1559
1546.2068
1580.2824
1554.7012
1418.2064
1426.682
1409.7185
1352.6459
1204.0228
1616.3654
1464.6802
1541.1363
1412.7765
1593.9562
1539.9005
1695.1735
1398.3303
1403.3602
1558.7685
1691.2792
1757.7386
1946.7701
1636.1818
1616.379
1420.5439
1666.8958
1526.228
1500.9235
1602.8349
1475.5346
1335.0892
1516.0273
1528.2334
1681.3074
1422.0655
1545.2899
1292.5253
1475.5791
1568.7807
1683.4616
1547.4473
1674.5828
1443.1495
1603.3285
1688.4395
1390.3648
1418.6563
1468.3291
1619.9363
1517.0924
1527.8622
1804.1813
1593.3445
1340.5405
1619.0461
1365.5205
1500.6316
1540.0388
1191.2765
1316.1215
1523.4223
1790.0088
1660.9089
1517.5961
1526.2357
1369.6457
1410.5283
1301.7874
1342.3665
1556.4544
1658.4801
1381.0495
1593.5923
1469.0148
1457.7854
1224.374
1592.0966
1145.1393
1706.6394
1843.5153
1588.5982
1618.8872
1556.0969
1747.4924
1688.7326
1533.2926
1788.4709
1403.5431
1358.3116
1307.2615
1452.7261
1593.3298
1594.3847
1652.663
1433.0925
1342.8958
1535.7098
1405.3332
1494.3565
1397.3949
1377.6935
1389.0697
1662.3052
1376.2622
1497.3293
1424.2901
1540.8157
1806.0287
1671.4141
1644.2137
1736.3156
1619.298
1581.4093
1514.0636
1510.4461
1691.3643
1669.8617
1620.0897
1425.9545
1330.2084
1555.8002
1406.9879
1217.8225
1552.8189
1418.8558
1527.7161
1302.5489
1566.3183
1447.8244
1550.0153
1549.041
1498.9713
1610.7312
1520.4502
1509.5132
1629.7716
1601.2611
1426.511
1790.9548
1476.303
1513.5994
1401.8063
1538.4869
1622.7781
1494.6765
1353.6903
1356.1352
1371.618
1654.3123
1375.9325
1520.9069
1674.5121
1361.4006
1493.8803
1565.3397
1907.2389
1384.4628
1396.7373
1153.345
1542.1188
1520.3713
1981.2932
1501.5026
1572.1169
1430.1838
1801.7885
1632.5213
1473.2627
1434.8038
1456.7174
1515.7116
1628.6555
1626.9398
1636.3147
1661.7742
1654.1335
1594.0897
1620.6366
1632.3538
1458.2188
1364.1928
1452.0072
1488.2366
1427.5151
1625.4958
1696.5196
1728.45
1668.0581
1806.1862
1556.7815
1748.7201
1693.812
1562.5336
1802.658
1266.8483
1685.2635
1414.0284
1447.6218
1563.4432
1550.8013
1597.8641
1374.5509
1442.3023
1492.9258
1349.2648
1463.2106
1561.958
1431.127
1537.4666
1432.5461
1473.7461
1326.3013
1346.7683
1341.1043
1441.7831
1603.2693
1572.334
1717.3258
1689.8819
1363.1698
1882.1293
1670.6655
1419.2332
1514.7529
1465.527
1511.9202
1932.7745
1668.2191
1646.5498
1285.7018
1356.3513
1443.2512
1716.2559
1761.5424
1608.6634
1460.7261
1514.2222
1215.5862
1684.4055
1401.4479
1370.5854
1470.7267
1494.2471
1280.2718
1667.1328
1582.8139
1402.2761
1468.3406
1506.9392
1433.7425
1399.7909
1693.1031
1909.1117
1441.6705
1606.9036
1676.4962
1573.2727
1390.6366
1444.8769
1335.5281
1591.2903
1575.1003
1440.0555
1436.5355
1605.6365
1537.6413
1645.7228
1496.1999
1376.7162
1267.5115
1335.7177
1188.3151
1797.6699
1585.6247
1342.0598
1515.7212
1526.1726
1407.7093
1169.7193
1489.0638
1569.0031
1636.3446
1761.8761
1810.2644
1745.4864
1514.6458
1312.8829
1519.8756
1537.9035
1623.4192
1622.0548
1739.1121
1467.4827
1376.418
1514.1742
1514.6731
1461.7416
1678.1482
1597.7475
1186.3632
1396.1765
1723.3066
1690.5407
1548.8778
1524.0976
1524.1309
1589.2114
1289.1046
1531.4879
1634.3188
1521.1575
1607.539
1707.4733
1382.1247
1747.0758
1523.6703
1344.0513
1739.3512
1779.6273
1768.9676
1486.5156
1339.9779
1562.1344
1600.2883
1799.0072
1792.2635
1705.8181
1531.4875
1472.9528
1434.5104
1546.4906
1494.9306
1556.8204
1414.0243
1335.7586
1233.1867
1444.2278
1461.4391
1446.5945
1702.5838
1583.7954
1501.2906
1629.5335
1496.4687
1387.3852
1472.4599
1646.1694
1367.6992
1589.433
1448.2415
1329.3526
1686.3902
1670.3599
1530.8915
1338.256
1524.4856
1424.8849
1481.8805
1392.6371
1500.8731
1792.4272
1607.9586
1493.2499
1689.6951
1630.7327
1820.8192
1486.5553
1686.5435
1354.8515
1558.4279
1453.8872
1590.0922
1455.3929
1544.9375
1442.0096
1548.8444
1440.4917
1257.5549
1327.2728
1220.7629
1395.2961
1580.3344
1526.9424
1474.5867
1516.033
1609.3408
1464.3341
1505.2038
1561.1527
1665.5014
1606.9783
1598.294
1341.7266
1583.1107
1721.0174
1706.7504
1804.6481
1815.0779
1780.9032
1750.5647
1351.2407
1523.6563
1915.0601
1771.1473
1734.4861
1420.6228
1577.4224
1623.6137
1703.3099
1397.1817
1432.1333
1455.2186
1499.58
1763.0794
1709.0804
1615.5988
1579.1326
1833.5374
1629.2748
1297.7908
1387.1704
1556.4915
1672.773
1528.7842
1767.9195
1512.8758
1717.9237
1725.7081
1709.9812
1851.3899
1290.806
1463.9299
1307.17
1665.2682
1520.1449
1744.3379
1649.8029
1466.3996
1476.572
1496.829
1626.7909
1473.0117
1468.9628
1558.5081
1554.5257
1627.0713
1835.7322
1512.0561
1694.5424
1232.0769
1641.7756
1383.6585
1425.7992
1653.3394
1505.364
1609.3727
1519.2377
1517.4029
1416.0741
1659.973
1585.919
1604.0157
1558.3569
1347.6097
1574.7008
1460.3351
1779.811
1539.3015
1368.9563
1520.3771
1692.9074
1753.4097
1475.3296
1525.1183
1731.9594
1312.8346
1313.4027
1086.8438
1324.976
1470.2863
1370.9324
1699.2136
1475.9335
1353.4644
1680.7516
1509.0789
1359.9665
1555.3501
1373.7178
1214.7031
1364.4846
1324.3323
1562.1743
1457.2322
1614.4224
1439.1781
1578.3767
1358.1666
1347.6854
1655.9655
1553.0921
1511.3849
1398.1217
1299.1604
1519.2387
1888.9081
1565.531
1774.2355
1437.7509
1384.2365
1461.0352
1320.4118
1669.6544
1674.9852
1657.7777
1769.0062
1533.4598
1666.6625
1499.9488
1530.1195
1658.1885
1672.9184
1426.0911
1298.45
1364.0786
1346.9485
1464.0875
1683.0804
1648.6016
1333.5898
1450.8313
1447.5484
1448.3041
1555.8305
1530.4941
1671.6223
1362.6525
1469.4492
1384.979
1441.3911
1516.6507
1290.6284
1397.5941
1593.7104
1605.3677
1704.821
1716.1316
1815.7543
1615.9365
1462.9597
1564.3468
1616.8827
1459.7633
1456.4625
1089.4547
1446.9691
1473.5694
1346.8939
1634.6849
1647.976
1464.7591
1323.7413
1516.5006
1441.464
1510.5568
1474.3649
1764.1659
1457.7416
1395.7703
1671.2842
1422.838
1387.1687
1355.463
1733.1373
1329.9566
1445.2134
1541.2197
1467.2214
1652.9529
1292.3045
1323.3218
1495.4087
1268.0471
1461.9013
1322.16
1395.5111
1371.3486
1336.4229
1451.1391
1404.4761
1654.1842
1351.6164
1501.9158
1387.9448
1336.8082
1249.0569
1422.089
1603.2305
1687.8756
1641.5814
1387.6555
1134.6455
1372.2277
1539.1942
1583.0936
1601.0557
1327.4794
1627.6665
1446.8189
1567.3485
1410.4654
1383.3238
1605.9023
1577.843
1282.4374
1304.8921
1212.4537
1470.0894
1572.3913
1426.7251
1511.3518
1571.0018
1579.9354
1605.046
1772.3798
1503.5236
1662.9075
1766.6167
1698.6864
1533.3641
1485.2267
1521.9858
1532.9699
1467.5884
1715.5211
1586.0801
1587.3911
1513.1755
1584.2258
1582.2152
1608.804
1461.3837
1663.034
1362.7065
1543.2159
1435.0546
1742.54
1554.7806
1448.8979
1727.127
1548.886
1541.5642
1473.231
1526.9481
1502.7943
1659.6072
1441.2473
1482.3968
1639.6143
1713.4655
1482.9503
1218.8505
1408.3821
1482.5408
1881.0667
1643.6009
1594.7013
1541.8108
1547.4796
1599.9375
1484.4479
1605.026
1690.0791
1797.5992
1451.3672
1558.1495
1438.305
1471.4181
1433.1931
1512.2957
1634.4581
1459.6578
1398.2676
1454.8812
1592.86
1608.6233
1641.4999
1639.6057
1683.3576
1543.6688
1632.1575
1665.3782
1652.9487
1468.1278
1418.3769
1520.1476
1393.26
1692.2715
1650.4389
1422.1771
1339.2801
1366.7372
1322.5411
1389.1219
1443.5244
1532.5301
1368.9376
1640.5079
1608.6225
1664.0232
1512.7613
1420.1499
1762.7039
1794.975
1380.644
1540.3245
1549.3446
1477.8632
1345.0183
1443.9638
1351.2165
1367.417
1264.4802
1374.9349
1791.5678
1513.6937
1615.0287
1679.6211
1497.6833
1334.2669
1593.7958
1605.982
1653.2515
1518.973
1402.761
1502.3688
1587.4255
1530.9201
1549.5811
1454.7185
1416.136
1302.3766
1265.5553
1266.1477
1333.2623
1732.459
1529.6833
1632.613
1476.6455
1435.7692
1601.0322
1552.1397
1657.9797
1513.1906
1457.5324
1426.586
1492.4501
1565.2959
1683.2155
1847.6593
1814.5309
1497.2653
1552.5668
1287.3501
1365.3467
1343.0891
1497.3799
1443.1406
1435.2629
1659.3234
1597.1413
1387.9854
1474.6074
1501.987
1289.9433
1232.7995
1519.422
1560.6718
1576.7227
1401.0725
1612.0893
1278.8963
1385.0316
1421.5618
1505.4151
1581.9587
1554.4167
1251.7862
1510.496
1281.4894
1518.4316
1562.1082
1333.1219
1644.8252
1395.6004
1302.5366
1510.5572
1676.8758
1885.6022
1519.1402
1492.4262
1509.1898
1331.5801
1531.8896
1258.7384
1408.8363
1497.8304
1615.4113
1459.1849
1506.0559
1446.1204
1415.5339
1531.8929
1452.349
1437.9056
1693.1003
1646.8616
1377.3425
1675.1152
1636.7989
1684.2493
1334.8819
1477.7756
1426.838
1529.5741
1721.3131
1579.0264
1565.9448
1659.4666
1748.0107
1691.4225
1419.6944
1423.0593
1316.2781
1546.3445
1470.869
1458.1038
1573.769
1627.924
1264.8022
1201.5033
1442.5077
1540.3222
1420.7861
1614.5439
1604.0506
1241.4527
1417.7515
1325.7774
1330.0328
1459.3304
1398.3706
1299.7373
1483.1826
1573.9417
1483.2545
1390.524
1312.406
1633.3389
1735.7453
1349.5408
1389.9529
1427.3998
1315.2796
1473.9518
1505.8746
1304.3634
1563.5042
1560.1362
1221.9285
1615.9477
1387.7772
1258.3066
1177.3326
1549.2239
1453.2775
1566.9403
1573.8494
1586.0338
1568.9495
1506.6454
1308.4392
1714.239
1444.4219
1510.2339
1585.8202
1608.0254
1560.3845
1403.6796
1608.3763
1354.3197
1544.0105
1439.285
1542.2826
1357.0186
1663.538
1470.1764
1462.1052
1263.0381
1612.3965
1572.9631
1924.3589
1512.2525
1582.367
1616.4748
1451.2821
1371.3404
1473.7791
1407.6244
1492.343
1743.9361
1616.8109
1368.5385
1566.4491
1683.9565
1524.0846
1644.6168
1521.845
1527.3022
1749.0902
1893.1364
1393.9464
1408.3134
1468.2018
1407.4266
1588.3958
1330.0188
1535.9581
1677.1074
1518.4717
1674.7117
1727.6932
1458.0483
1529.0245
1554.9602
1425.4029
1817.3783
1490.5797
1498.3495
1579.329
1340.0815
1442.8753
1130.3276
1382.585
1688.0377
1311.6388
1726.5067
1342.9659
1829.5211
1771.988
1492.566
1482.545
1371.3458
1537.1547
1512.2278
1548.5169
1443.4611
1451.8434
1409.6336
1322.4436
1419.5046
1619.6715
1460.7958
1768.5929
1649.1645
1729.1461
1446.599
1787.8543
1573.6501
1437.6074
1646.0132
1670.9428
1454.2205
1485.0628
1704.0312
1828.0517
1792.6709
1506.8055
1506.1146
1372.4697
1112.8873
1224.2752
1371.8774
1430.7853
1298.3447
1474.6674
1306.3569
1323.9911
1306.6588
1655.2447
1608.5773
1648.277
1317.1995
1650.6565
1585.4304
1675.4225
1590.3929
1494.1419
1492.8817
1554.8977
1760.6325
1419.9957
1452.3968
1408.3112
1553.0274
1342.0688
1518.2119
1783.0297
1542.0655
1598.758
1376.8762
1558.2864
1260.8343
1525.4041
1408.795
1665.5771
1616.4342
1633.728
1242.3641
1322.7129
1498.4469
1474.7993
1486.2044
1446.571
1712.224
1519.9693
1435.8208
1549.0476
1724.9256
1289.5827
1595.698
1653.2281
1658.9337
1450.5315
1306.2364
1515.2598
1455.0931
1301.6067
1256.5425
1535.1165
1706.7436
1431.0134
1631.9926
1581.7796
1452.0993
1642.1055
1318.6622
1319.9569
1291.5812
1358.9616
1548.6758
1787.1817
1419.0885
1587.1319
1489.9189
1672.2281
1536.3006
1602.2621
1395.8489
1687.2552
1470.827
1241.5217
1137.2261
1264.5502
1456.7796
1488.032
1352.5646
1358.2295
1477.6846
1275.3614
1348.1729
1510.1622
1293.8589
1402.0436
1702.3646
1556.5019
1438.8342
1646.5532
1508.3015
1338.588
1371.3284
1386.4708
1413.1826
1596.137
1531.4842
1328.4856
1220.5786
1562.747
1352.1702
1299.8954
1495.5951
1754.3182
1565.6389
1514.5665
1559.5148
1411.4222
1341.141
1407.4703
1501.2255
1591.7949
1431.6699
1560.8167
1340.9835
1462.352
1346.7749
1443.8514
1568.5674
1243.1855
1328.8427
1734.5853
1609.3059
1488.5708
1766.9196
1879.0627
1319.2086
1398.3538
1514.3623
1600.4484
1634.1621
1595.3183
1364.1851
1307.2547
1601.9695
1600.0871
1395.7763
1398.5836
1404.0738
1482.4277
1429.5205
1737.8633
1683.0654
1679.853
1325.4079
1619.4787
1509.0693
1605.6004
1745.1081
1589.759
1550.1328
1557.4683
1524.9165
1685.3541
1867.5748
1608.6119
1566.6665
1337.8674
1224.1058
1552.009
1679.8504
1496.9435
1681.1154
1572.3157
1322.8191
1432.7205
1619.505
1768.5059
1443.8051
1802.3335
1611.027
1447.8503
1607.2748
1262.905
1402.1534
1408.1891
1454.1337
1533.1596
1624.8016
1659.6494
1802.3931
1514.9273
1712.8477
1592.0067
1524.3195
1479.8481
1697.1496
1596.503
1542.6898
1696.4915
1500.9934
1410.6982
1569.8174
1605.5441
1732.9759
1815.1098
1866.7476
1477.131
1463.0046
1547.7644
1731.3461
1577.4002
1414.5192
1454.3047
1647.9115
1484.1172
1418.5169
1524.1451
1532.7696
1632.0989
1595.4892
1538.8685
1604.3819
1503.7845
1506.7766
1425.4482
1484.8519
1444.3586
1514.0842
1714.1298
1630.1829
1428.8926
1490.5624
1367.8933
1367.6299
1504.4812
1368.7646
1265.8045
1459.9087
1601.6064
1248.2365
1505.0028
1604.4635
1511.3227
1530.4394
1423.4274
1405.4541
1466.6945
1415.9318
1258.9891
1367.8064
1387.8702
1332.4287
1489.9549
1576.7927
1473.9276
1437.3343
1389.1599
1404.4852
1330.576
1474.8111
1412.4266
1467.4819
1451.6232
1085.7173
1424.8121
1416.4797
1565.5031
1713.3197
1724.998
1458.1694
1207.369
1349.6641
1140.08
1316.1783
1375.5393
1469.7831
1462.0802
1649.4795
1670.9419
1607.3576
1326.1567
1228.3322
1287.1498
1029.8856
1326.5042
1764.0431
1634.5939
1503.3018
1402.6854
1351.1403
1261.0393
1347.1359
1250.0869
1528.5936
1307.2611
1562.5446
1463.7305
1398.662
1259.967
1338.1409
1295.1366
1560.3767
1084.8895
1289.6511
1286.6412
1378.3161
1428.5531
1608.7721
1659.9913
1276.8915
1573.4841
1510.8437
1476.7476
1211.4897
1729.3782
1561.3311
1363.5625
1277.4157
1477.004
1623.8076
1344.5615
1335.0527
1364.0247
1532.1572
1258.7547
1414.8444
1296.1498
1335.8991
1363.718
1476.7095
1584.2297
1572.7725
1542.6027
1308.8785
1540.0723
1491.9197
1618.261
1741.0103
1694.1462
1627.2741
1643.7185
1624.0474
1368.8569
1278.1261
1339.6975
1306.9256
1483.8308
1373.365
1475.5969
1512.9937
1306.033
1478.1417
1404.4376
1439.7314
1648.0257
1772.9447
1579.3288
1446.5534
1554.3324
1564.3704
1522.482
1621.8044
1238.6305
1516.98
1242.9815
1285.2499
1485.603
1393.2629
1526.1625
1482.538
1411.6564
1178.6
1544.2138
1513.2645
1505.7915
1400.078
1481.717
1551.8762
1634.4906
1722.2361
1346.3452
1480.0354
1433.3495
1469.9319
1848.7868
1453.0297
1528.4934
1300.5349
1424.9228
1353.6033
1640.3895
1654.5161
1666.5574
1612.0181
1313.9932
1457.8959
1177.705
1282.464
1575.8929
1679.5425
1660.7805
1556.9136
1569.8316
1654.0167
1519.7295
1376.065
1492.4936
1260.2086
1439.7901
1262.0661
1296.3964
1282.2762
1383.097
1063.5754
1198.2718
1397.6076
1398.1157
1270.6538
1263.9165
1422.9305
1484.3687
1601.0662
1526.9588
1385.2107
1485.6135
1364.4685
1386.7325
1345.4133
1280.3727
1652.8645
1543.9428
1336.8472
1608.4394
1213.2877
1405.7947
1422.7477
1320.0535
1409.1731
1380.463
1238.6567
1386.7813
990.07599
1253.9564
1177.2115
1448.8534
1660.1684
1522.8828
1312.3988
1360.7256
1463.4869
1359.1153
1407.4164
1269.4712
1412.0183
1256.691
1300.9812
1422.8766
1611.05
1310.3091
1552.5767
1685.4731
1386.3361
1307.5068
1434.4121
1686.6711
1483.9004
1598.7439
1575.6831
1407.8247
1545.6858
1431.3584
1444.2267
1364.1128
1471.8083
1703.0577
1481.9528
1772.8426
1563.7258
1602.5168
1507.094
1460.5165
1338.2446
1214.0258
1615.9196
1489.3836
1687.2044
1563.6468
1371.8484
1373.0019
1285.6903
1313.541
1396.6865
1684.2611
1603.2261
1350.8569
1284.917
1559.0888
1587.0233
1545.5076
1700.6665
1374.306
1335.0703
1573.3451
1496.0821
1492.5098
1451.0789
1699.053
1231.9629
1276.0344
1514.237
1436.471
1535.7846
1582.085
1644.33
1593.0928
1389.6366
1606.1521
1325.5933
1349.7256
1485.0151
1449.1606
1607.2736
1464.1702
1525.6601
1550.3633
1493.633
1119.4977
1260.7416
1534.186
1594.6063
1542.2714
1411.2454
1511.7713
1470.2352
1445.3916
1515.1397
1359.7546
1365.5363
1559.8345
1894.1084
1606.4211
1599.5779
1297.5668
1282.586
1575.4761
1611.9859
1354.7583
1720.1537
1393.5456
1567.0052
1449.7732
1606.7813
1330.3143
1291.7357
1562.5641
1458.6852
1537.7861
1517.8817
1462.721
1730.709
1706.3469
1576.6981
1596.4846
1752.3597
1634.2324
1585.6757
1466.7034
1565.9378
1528.7109
1433.2536
1549.8055
1441.8137
1633.1135
1282.5939
1636.6639
1662.9892
1789.8376
1642.6849
1754.3209
1804.3321
1629.1238
1412.7264
1336.8812
1279.4626
1399.9167
1517.3187
1419.9583
1451.4948
1431.7067
1519.5678
1326.0755
1365.3473
1741.2774
1593.9303
1459.019
1565.1889
1658.7571
1223.5781
1412.8849
1374.4456
1535.5091
1437.911
1508.813
1347.0846
1559.9785
1441.4132
1675.322
1773.5322
1510.9085
1551.3273
1504.1386
1344.7935
1427.7554
1739.4275
1787.9145
1790.0981
1490.3024
1476.7678
1425.2224
1458.8241
1541.9208
1592.6192
1913.5168
1694.6876
1776.294
1574.2832
1387.159
1424.6105
1427.8598
1692.6112
1484.6458
1361.4351
1631.6099
1488.9907
1521.9625
1272.0695
1676.3773
1500.8891
1690.4698
1558.2488
1391.3266
1272.4977
1559.0182
1483.3253
1411.6648
1529.8458
1568.9852
1500.2554
1435.2301
1387.5923
1493.749
1477.6487
1496.6017
1366.3639
1210.3161
1446.1638
1449.6232
1471.6937
1353.2004
1478.3307
1404.1913
1400.3027
1353.8345
1630.1086
1624.4576
1647.706
1481.5621
1522.6041
1331.3415
1409.7445
1434.8976
1610.4697
1443.8039
1692.497
1516.3448
1578.0012
1522.2056
1673.5555
1566.5042
1504.8094
1605.3344
1381.9268
1433.9877
1421.3211
1522.4754
1535.4926
1615.0657
1486.5528
1663.8215
1504.0115
1522.6365
1489.5165
1498.3291
1791.6688
1440.8256
1457.3944
1624.6219
1546.8234
1425.4946
1226.6896
1629.2975
1433.9798
1422.2848
1861.107
1591.5448
1604.7516
1583.0868
1527.356
1689.6838
1534.4119
1582.4406
1483.9964
1503.5211
1749.4341
1682.8619
1566.9911
1456.4211
1440.6121
1314.8755
1613.2246
1411.5036
1336.569
1411.2011
1481.9673
1643.2987
1863.923
1384.6344
1510.7633
1303.9564
1609.7984
1796.9057
1526.7894
1658.8285
1445.5886
1556.0338
1427.3324
1585.2866
1578.6469
1620.1552
1539.0416
1437.1132
1396.1962
1503.1085
1307.4296
1599.1775
1694.6518
1799.3943
1742.2999
1426.7689
1625.039
1606.4486
1291.8123
1609.9105
1792.407
1748.8743
1389.6371
1499.5503
1484.9995
1614.4394
1643.0874
1480.2102
1282.4343
1666.2695
1630.2996
1623.9397
1509.1296
1639.9871
1406.1256
1561.7288
1480.8183
1414.223
1303.2944
1542.0505
1750.5374
1730.1501
1557.4656
1509.5463
1493.8262
1345.58
1387.8493
1487.9501
1277.7894
1323.7441
1366.6476
1736.5873
1459.8408
1288.7069
1304.4545
1360.9155
1373.1255
1591.8639
1609.7485
1699.8806
1458.1561
1607.6965
1597.1952
1537.079
1280.9474
1412.9417
1267.8076
1480.8605
1712.5644
1464.5484
1789.4579
1643.5072
1386.6213
1328.7271
1518.2324
1693.8216
1525.7373
1537.5822
1513.7666
1504.7509
1795.517
1703.1809
1651.3899
1403.2755
1467.1741
1446.5318
1804.4497
1499.7337
1710.2313
1565.3899
1540.6023
1552.3927
1410.2744
1309.1641
1414.5165
1361.2263
1260.3694
1424.1295
1513.0427
1460.7231
1565.7596
1428.1217
1474.2662
1614.0717
1634.6124
1353.3614
1304.1235
1333.6969
1549.1757
1372.2502
1690.8285
1436.4108
1301.8922
1608.5915
1730.307
1691.7758
1336.4261
1657.587
1331.3684
1238.4589
1451.2302
1478.8982
1626.2773
1595.6992
1586.6441
1533.7197
1363.1127
1408.6003
1660.0434
1570.6103
1527.9428
1436.3345
1520.3613
1519.9847
1302.9769
1325.3221
1444.0822
1558.0446
1432.2518
1612.5348
1714.028
1758.2313
1504.8747
1366.6879
1240.7413
1526.0773
1564.8348
1870.9867
1698.2904
1582.8319
1691.8858
1799.9139
1453.2162
1722.8135
1701.7687
1449.018
1309.8858
1439.5737
1610.7412
1490.1738
1757.4693
1363.341
1459.1236
1607.0467
1613.1884
1366.1645
1275.7756
1639.0577
1638.698
1560.3037
1734.3333
1652.9104
1557.3881
1677.2189
1160.8297
1493.7295
1485.6774
1546.2379
1510.8356
1495.3955
1566.7997
1395.3602
1544.7
1750.8111
1436.3658
1367.6921
1537.3758
1459.6489
1566.1558
1640.3869
1390.8286
1390.1603
1447.3096
1608.0468
1365.5223
1642.4432
1675.6018
1574.0318
1313.7123
1240.9051
1213.3571
1524.2668
1537.5104
1585.0393
1522.0406
1405.563
1694.6194
1475.2345
1446.7999
1381.0084
1545.1133
1587.043
1606.7055
1363.3386
1192.3591
1454.2351
1454.4358
1503.4426
1403.7323
1393.1588
1604.5157
1308.6763
1413.425
1381.7508
1317.6588
1416.5538
1504.4024
1395.918
1392.283
1689.73
1565.5346
1420.4214
1291.2259
1383.196
1256.8906
1576.6906
1806.3678
1712.0955
1478.9191
1490.613
1612.708
1277.9128
1770.7092
1742.1542
1512.8715
1654.0478
1745.5835
1494.9729
1548.3802
1521.3065
1382.0166
1460.7903
1385.8135
1495.8881
1334.3944
1370.2495
1193.8643
1143.0512
1462.5605
1397.6824
1413.7107
1684.6399
1556.221
1806.9316
1395.6235
1402.7698
1440.0365
1265.3991
1698.395
1382.9098
1291.1803
1523.2222
1616.8041
1627.8136
1691.3624
1535.4803
1358.7938
1144.2894
1521.3339
1475.7391
1573.642
1508.1446
1325.6634
1540.0122
1453.8475
1643.6312
1535.3783
1464.1782
1454.0762
1420.4764
1524.1773
1465.5439
1469.5876
1526.8165
1606.6621
1645.8027
1512.6528
1469.0186
1448.4699
1499.9114
1632.9561
1545.9448
1395.6247
1512.5052
1595.235
1405.8744
1404.7001
1233.6639
1552.6121
1663.4114
1507.9648
1374.9975
1464.1141
1411.0138
1274.5269
1422.925
1497.9887
1688.9081
1450.922
1475.1653
1295.1525
1419.4984
1633.1617
1594.1887
1441.8383
1439.7216
1433.3987
1499.9613
1587.9759
1622.2963
1189.7935
1391.2951
1448.261
1639.5001
1775.8722
1785.5258
1835.8162
1681.3626
1468.182
1559.8862
1761.7989
1743.6333
1567.7553
1598.1453
1640.6884
1394.2879
1339.7526
1379.345
1239.5249
1494.4037
1738.7471
1564.5217
1583.7575
1639.9626
1298.0502
1163.4463
1253.8329
1365.0431
1457.6858
1704.9979
1537.2121
1369.591
1494.3524
1501.9072
1562.0735
1435.1368
1419.5602
1358.5679
1808.2149
1649.933
1628.9885
1508.7214
1700.6079
1583.9536
1578.3696
1475.7845
1683.1623
1286.4245
1400.2913
1664.6649
1602.9442
1692.0498
1404.1558
1567.2449
1606.5926
1500.676
1432.2257
1476.0309
1688.0572
1231.9058
1671.7579
1558.417
1562.4885
1394.4803
1443.7969
1146.2847
1010.2581
1333.5238
1413.658
1394.1112
1383.6854
1559.7203
1474.1082
1731.0655
1329.2952
1423.1549
1420.5601
1487.7825
1538.8077
1465.4125
1558.8771
1613.8749
1464.9071
1200.5328
1312.0306
1476.5552
1270.6451
1384.8135
1326.1192
1322.3095
1608.3286
1646.3532
1687.1344
1448.1103
1331.7204
1265.9533
1252.6508
1534.2818
1493.3275
1530.639
1140.4899
1293.0342
1658.8968
1579.1525
1499.4809
1460.7883
1686.5967
1445.7889
1571.9095
1342.4161
1602.2422
1914.0226
1495.1084
1601.5788
1482.9649
1318.8803
1500.1508
1273.9834
1182.6333
1432.6361
1422.5836
1580.2835
1226.2621
1426.4559
1373.8034
1474.597
1526.0214
1483.3045
1747.1951
1221.3072
1319.0052
1470.3378
1494.6704
1531.3355
1388.0908
1378.0321
1457.2891
1461.041
1325.8318
1428.5824
1590.3892
1286.2206
1383.7323
1407.1001
1285.9283
1122.4692
1011.901
1417.7357
1489.0018
1581.154
1153.1936
1261.6232
1315.3958
1359.5599
1467.0705
1651.1914
1740.4874
1654.9101
1389.2781
1292.8081
1392.1594
1542.5342
1465.1944
1414.3806
1401.9239
1238.539
1531.0826
1343.8475
1461.8541
1567.5848
1682.5255
1552.761
1443.2955
1542.3593
1590.7498
1428.9968
1443.4317
1640.8047
1327.8275
1291.3673
1560.0283
1473.1854
1652.5157
1448.1408
1588.054
1447.3003
1452.2078
1382.6545
1571.2747
1527.2859
1579.8422
1763.236
1510.5264
1398.2872
1215.7367
1727.1285
1440.5591
1358.9977
1579.2059
1437.1298
1340.8578
1408.6416
1383.0323
1639.8336
1458.9708
1562.3124
1785.5048
1346.0114
1256.3201
1596.5242
1388.8478
1561.4038
1555.1481
1619.0972
1351.0292
1159.9662
1324.9393
1482.5317
1853.4735
1399.9099
1231.2207
1478.9935
1430.805
1471.5697
1397.4609
1393.7685
1702.4945
1448.1198
1347.7738
1417.4955
1397.6869
1231.2923
1797.9903
1672.6912
1757.6685
1418.255
1547.1486
1281.8195
1483.1631
1417.9629
1615.5345
1370.7022
1490.849
1476.2579
1502.0378
1419.4232
1168.6504
1351.6452
1327.5633
1812.4405
1576.4229
1195.5139
1415.439
1305.5139
1607.0859
1570.7308
1527.6332
1368.7588
1818.5062
1397.4073
1474.7942
1486.5112
1069.0668
1362.7771
1336.9826
1478.4714
1261.6288
1403.9608
1417.3864
1296.5482
1266.7709
1506.5145
1430.3029
1330.9212
1308.0062
1191.4334
1387.1524
1362.185
1399.8439
1225.4193
1516.7187
1436.122
1284.4467
1287.9207
1451.9328
1272.1794
1328.2809
1458.8604
1273.7767
1439.8084
1484.968
1476.3722
1384.354
1428.8596
1399.4645
1680.6
1349.7891
1371.0136
1428.4549
1249.7267
1360.5447
1281.6529
1610.5082
1388.7149
1265.6023
1490.5444
1862.6379
1756.4016
1444.9262
1460.9488
1349.3669
1606.1194
1486.9184
1529.9934
1245.3375
1519.5374
1314.6097
1580.4871
1330.8884
1359.4506
1482.2894
1512.992
1579.7932
1210.2079
1299.9992
1424.1768
1429.4144
1346.0892
1434.6774
1670.8888
1532.8844
1604.3034
1494.157
1469.0226
1297.3754
1593.0812
1442.504
1688.4251
1566.593
1385.7507
1581.2473
1390.2638
1365.6486
1600.6736
1486.9168
1726.7283
1633.7425
1548.4111
1556.5596
1626.0306
1431.786
1440.1836
1482.076
1601.3022
1646.6705
1612.4493
1395.2908
1456.2413
1531.143
1387.1209
1502.4139
1654.0102
1496.574
1721.5062
1701.8379
1634.4881
1589.5603
1669.9215
1580.6043
1535.5467
1294.0581
1159.1298
1274.4131
1403.6188
1494.6092
1731.1573
1430.9348
1649.0748
1646.3679
1475.5193
1605.6059
1531.8062
1384.1231
1539.7734
1316.8783
1537.3955
1504.957
1467.4981
1725.4522
1724.5087
1612.0338
1399.1422
1507.5222
1430.8976
1459.598
1607.9472
1676.0723
1414.6789
1449.6363
1342.7568
1346.1379
1353.718
1858.4446
1442.956
1467.9477
1483.073
1524.1134
1544.6844
1655.2119
1380.9549
1649.9415
1572.5531
1370.78
1268.384
1581.2815
1421.4365
1515.5056
1571.8234
1479.5347
1316.9934
1468.1587
1173.577
1249.9173
1381.2735
1332.1922
1442.8845
1743.3807
1678.1689
1849.683
1678.2829
1422.5583
1464.5311
1762.1965
1838.4618
1581.7142
1525.9145
1538.9474
1665.0333
1654.0023
1518.3417
1579.1988
1643.7247
1783.4036
1709.5688
1732.9392
1500.7915
1488.7384
1342.8713
1613.4118
1502.3006
1370.2418
1469.7515
1303.2111
1313.8391
1578.2498
1650.4636
1417.3312
1346.0906
1710.9726
1328.8587
1624.6047
1452.1397
1601.4907
1530.5064
1640.6427
1695.4147
1665.3305
1644.8807
1572.456
1443.3461
1431.8403
1597.0978
1831.3913
1662.129
1473.3734
1761.4198
1622.7592
1521.7081
1480.3137
1385.9279
1511.6317
1423.767
1632.1563
1538.8282
1323.8937
1677.6479
1649.1575
1705.4781
1431.2701
1301.7782
1569.1714
1593.949
1551.0059
1623.8702
1466.8528
1450.4978
1515.3212
1708.0407
1592.3714
1366.144
1119.1409
1650.027
1484.3696
1637.1621
1492.0472
1484.845
1801.118
1431.3778
1465.9094
1367.8978
1702.1171
1717.4592
1630.7116
1589.7426
1517.0274
1227.8873
1367.9623
1364.7662
1624.2077
1592.8623
1351.2691
1417.0305
1441.4035
1509.103
1366.2607
1572.0742
1506.9361
1479.0315
1476.7866
1390.4909
1378.5411
1337.3197
1143.5891
1480.8309
1573.0216
1608.3614
1533.3015
1496.469
1314.999
1441.4341
1802.3548
1645.3163
1350.2374
1307.659
1304.6627
1364.8918
1420.5834
1312.6244
1560.9899
1506.4666
1466.7692
1383.838
1484.9116
1513.2377
1641.2746
1528.5622
1457.9287
1692.7401
1348.5215
1333.6569
1174.5699
1523.3138
1316.9183
1550.2433
1251.6821
1387.7727
1492.2645
1614.1448
1481.8953
1600.1047
1586.2164
1545.5413
1472.7602
1509.4012
1560.0943
1578.4719
1792.2939
1396.8536
1534.252
1608.8955
1498.4863
1704.829
1376.1847
1599.1484
1303.7487
1345.7845
1635.5447
1638.7942
1562.8668
1424.9932
1340.3041
1315.6794
1436.1592
1211.7763
1309.1939
1461.6119
1598.3702
1586.1743
1421.5482
1411.831
1494.0285
1558.1261
1540.8461
1303.1788
1372.1459
1334.9841
1534.6388
1511.4144
1276.3012
1390.6688
1558.8682
1382.1778
1270.6962
1383.142
1527.4858
1490.919
1600.4205
1343.5551
1642.0937
1640.3062
1516.117
1538.9254
1568.5658
1696.4266
1334.0357
1214.7386
1494.7288
1531.1478
1514.3728
1092.9935
983.61356
1369.8767
1363.1652
1178.9049
1288.4833
1401.4918
1472.1446
1360.8609
1369.8121
1482.7353
1504.8276
1523.2965
1352.987
1376.6002
1306.2077
1336.2303
1370.8938
1431.7616
1521.2542
1435.9887
1413.5674
1389.3986
1474.6102
1365.345
1648.2727
1614.6311
1433.186
1449.1673
1435.4318
1214.9364
1165.8387
1285.2855
1615.6339
1492.0339
1601.1733
1485.6142
1486.087
1424.2481
1513.5657
1679.0142
1426.3124
1312.3755
1589.7542
1602.3895
1579.1052
1363.7035
1542.3992
1552.4516
1384.7046
1689.1491
1523.0664
1634.5468
1605.002
1588.413
1477.5155
1481.6611
1390.0747
1349.4896
1385.6607
1515.6367
1595.8654
1544.4996
1458.4835
1103.4436
1298.34
1361.9078
1307.2194
1464.221
1364.6388
1388.9785
1348.8102
1402.6568
1630.8242
1600.9398
1500.7804
1220.1441
1374.7255
1450.8249
1228.3581
1396.6434
1541.3414
1422.0695
1538.5589
1503.6131
1380.0059
1478.5888
1572.3212
1399.6065
1397.1634
1357.5625
1302.6186
1373.4092
1295.6841
1614.4157
1371.1069
1330.9748
1074.8622
1346.3269
1407.5807
1604.8715
1536.2352
1379.216
1414.0631
1511.0268
1398.0659
1338.5536
1689.5536
1475.0735
1563.3075
1491.5216
1613.7374
1576.1113
1391.5455
1692.201
1606.0869
1478.9617
1305.4823
1361.9656
1280.8034
1188.2917
1475.6407
1300.8815
1584.0435
1629.9315
1452.9792
1681.0989
1473.4784
1511.8599
1266.3131
1291.5697
1294.1269
1439.9956
1142.836
1536.5762
1372.9374
1633.6009
1834.6628
1470.6058
1473.2033
1432.5818
1411.7409
1225.777
1337.5241
1501.1844
1400.478
1269.9246
1376.0341
1305.6702
1382.2575
1447.8982
1372.2753
1421.0378
1362.0655
1602.8554
1408.7153
1293.645
1497.7353
1078.1119
1210.009
1216.3108
1282.5596
1506.33
1717.3662
1435.8229
1438.9487
1439.7435
1380.1877
1479.5077
1494.9172
1438.7354
1404.6698
1443.5301
1335.3475
1332.7493
1386.6797
1063.3239
1112.1036
1535.7351
1492.7011
1690.8461
1372.8708
1285.7099
1271.3981
1272.6552
1459.9219
1553.6464
1406.7319
1173.4709
1270.3685
1271.9779
1437.2402
1451.3948
1586.5761
1491.2892
1370.9187
1279.5913
1365.3093
1332.0363
1242.3079
1151.8589
1321.3539
1069.9849
1598.9219
1418.6414
1332.2103
1260.4992
1262.9823
1282.2118
1546.8401
1226.1341
1279.0174
1194.6072
1067.4947
1272.0746
1396.5208
1411.3199
1558.716
1401.6435
1474.5694
1315.2711
1383.5902
1458.0556
1417.797
1175.696
1370.3783
1239.9536
1225.4478
1086.3765
1481.5499
1257.8996
1384.8255
1158.7418
1256.8653
1098.8966
1404.3447
1527.8116
1420.058
1564.8023
1456.279
1280.4203
1396.316
1285.9197
1657.4142
1551.1055
1364.1239
1502.4103
1661.4516
1293.4109
1511.4339
1497.1945
1337.1059
1681.5364
1743.9534
1637.131
1522.6178
1297.1035
1138.3069
1343.2172
1427.9324
1251.5994
1471.3567
1371.5093
1468.4624
1167.9087
1461.5599
1424.325
1473.1385
1458.633
1583.0131
1297.8197
1473.1796
1393.0715
1358.8087
1358.4213
1148.542
1328.4215
1221.2018
1501.9116
1514.3599
1691.583
1532.1267
1437.4736
1524.4835
1204.1055
1655.8304
1276.1598
1386.6453
1284.866
1411.3242
1445.9604
1556.3903
1573.8699
1643.4058
1506.9432
1381.2862
1421.671
1309.8172
1555.6307
1577.0846
1345.0999
1453.3677
1261.6783
1458.7403
1474.3932
1367.7209
1437.8229
1379.8102
1297.8164
1399.6459
1456.4654
1450.7373
1617.2579
1508.6378
1600.5347
1585.7731
1214.3715
1245.1762
1134.7867
1550.8653
1332.6701
1559.2283
1389.5474
1263.0969
1345.4131
1535.1758
1309.8166
1444.2249
1444.4297
1218.0629
1215.328
1350.976
1164.6347
1301.6041
1310.6965
1228.3249
1333.306
1584.6764
1779.7218
1424.1032
1529.7716
1357.1337
1411.6098
1264.4657
1398.8848
1213.8758
1492.3509
1248.4669
1204.1685
1292.7426
1455.875
1378.9253
1386.7324
1358.9764
1441.0452
1353.5673
1448.9862
1179.9312
1491.2501
1559.5484
1609.2423
1456.3946
1458.418
1219.3645
1209.8011
1537.3822
1680.4606
1573.8371
1525.667
1376.5016
1480.8908
1307.5973
1353.9736
1689.6569
1519.3794
1446.6481
1403.7015
1190.0067
1461.8037
1286.9337
1367.0501
1414.8154
1508.6228
1574.4434
1369.3536
1285.4406
1344.6054
1562.8305
1365.1259
1718.1479
1538.4442
1400.3187
1180.5555
1329.6486
1297.9261
1184.2173
1378.0274
1495.8429
1517.0655
1663.5449
1479.9412
1434.1765
1279.6546
1281.6932
1275.4883
1374.7785
1447.6923
1351.53
1229.6131
1094.5447
1472.0968
1301.2491
1105.2232
1458.9486
1082.6587
1444.229
1217.0571
1234.0337
1108.702
1434.5794
1481.9767
1516.6673
1034.1343
1176.5762
1359.0401
1223.9375
1382.1119
1279.9718
1440.9916
1525.323
1430.6372
1576.1661
1427.2982
1339.7956
1292.8608
1506.601
1369.3579
1499.4588
1354.5327
1408.0154
1488.9486
1346.6963
1248.6842
1449.1233
1533.3931
1657.2768
1357.6379
1590.7042
1481.1945
1501.7793
1390.0178
1362.4366
1473.1308
1203.9667
1320.1139
1552.5233
1412.0362
1245.4983
1438.9711
1258.7978
1273.0843
1060.995
1409.7596
1467.1497
1389.2238
1321.6286
1339.6537
1440.6658
1379.0981
1508.7306
1508.9738
1368.2266
1160.1403
1381.6076
1336.6835
1455.086
1394.9937
1672.4822
1676.8081
1575.983
1465.9227
1529.3522
1453.5648
1569.3763
1547.5151
1484.3966
1587.3204
1473.9153
1457.1142
1398.7477
1419.104
1642.8076
1595.1549
1540.326
1428.1879
1361.5804
1461.4892
1593.8526
1438.1502
1653.6377
1522.7822
1594.1106
1419.8009
1246.6804
1263.6529
1333.0925
1563.0948
1543.8561
1289.8916
1396.8096
1555.1612
1173.2535
1274.3252
1352.2845
1368.4876
1236.4712
1295.2765
1376.2108
1390.5648
1550.5634
1405.7822
1459.3403
1392.8504
1354.9553
1215.4869
1487.7897
1360.978
1599.4136
1544.3655
1524.9805
1288.7957
1446.744
1635.9954
1331.2945
1150.9911
1384.5554
1423.9403
1437.1517
1464.7758
1646.5227
1338.1038
1261.4065
1572.0856
1563.3291
1417.4083
1587.8979
1378.3137
1089.6231
1586.9213
1190.2557
1658.5474
1533.718
1641.1155
1774.1564
1672.9714
1614.2757
1379.601
1644.2557
1312.8135
1505.9315
1774.0172
1368.542
1423.726
1426.3051
1713.6577
1616.4483
1387.1053
1366.2056
1416.205
1409.9048
1437.8628
1411.3134
1362.0253
1532.4178
1453.2998
1758.5862
1636.5396
1521.8666
1458.6571
1375.2049
1264.4296
1526.299
1539.944
1357.3022
1411.6939
1510.7877
1286.5967
1411.2868
1641.253
1612.6785
1429.6892
1529.5513
1318.7069
1187.3998
1347.0657
1550.0129
1316.4444
1396.1659
1489.7854
1613.2314
1525.3303
1470.5626
1439.1937
1397.0069
1386.2094
1652.3319
1120.5003
1311.1826
1380.4948
1471.2815
1681.3046
1578.5582
1742.1136
1560.6682
1245.5948
1668.3696
1461.1878
1912.4908
1604.3916
1731.4269
1365.6533
1587.7772
1458.1649
1233.7294
1535.1726
1609.2195
1566.1119
1444.5962
1461.3516
1493.8311
1685.0769
1523.4055
1672.7884
1421.2474
1604.3582
1415.6599
1439.9915
1441.0217
1497.1533
1195.6965
1359.0092
1046.4198
1028.6737
1409.6135
1457.1638
1446.4753
1479.4527
1336.0267
1437.3345
1292.6838
1252.2982
1417.5946
1502.0961
1421.2068
1641.1232
1577.989
1417.9734
1494.8084
1556.1002
1619.3301
1330.9019
1569.7974
1364.926
1193.9117
1635.8579
1590.7492
1452.8824
1388.2262
1362.4339
1409.4612
1406.1753
1653.2939
1357.6735
1319.0589
1314.9241
1402.889
1283.6763
1249.6796
1339.2124
1277.4374
1399.2494
1376.3714
1406.8121
1448.4727
1197.3579
1315.4827
1482.7426
1354.1372
1440.2713
1322.8848
1387.3954
1748.5194
1479.844
1568.4413
1178.9733
1552.0147
1393.1298
1496.0902
1538.4885
1536.5465
1495.2078
1429.4528
1144.8591
1462.3691
1298.1875
1262.7989
1428.0614
1283.9436
1403.9645
1300.0757
1422.8166
1484.901
1352.6189
1512.7103
1664.6205
1787.7231
1503.8817
1647.8873
1455.5975
1397.6814
1450.0723
1604.2635
1424.1287
1735.4703
1450.7256
1562.714
1517.515
1505.6125
1241.6178
1522.4969
1359.2196
1560.0052
1447.0162
1383.2768
1537.6665
1494.0001
1398.1071
1507.2334
1516.1847
1361.9135
1551.6212
1464.1412
1341.2129
1372.787
1501.9365
1591.6248
1531.712
1218.3819
1303.0222
1425.3297
1514.8491
1515.2056
1365.1482
1567.5754
1282.0702
1114.6537
1365.2726
1446.95
1534.1561
1522.4399
1423.9143
1607.5918
1660.0342
1514.6239
1648.97
1694.093
1326.7882
1201.2255
1540.218
1614.2716
1464.4238
1440.8538
1635.329
1841.8636
1651.6886
1664.6813
1280.6862
1240.4473
1500.0331
1476.8285
1535.9277
1711.7378
1669.1598
1385.8472
1526.8681
1527.35
1392.6857
1246.4471
1484.7139
1420.5452
1461.8548
1362.0209
1580.4319
1692.0617
1532.036
1405.0286
1051.945
1556.9373
1550.3051
1438.0673
1199.8487
1639.898
1625.1737
1415.4888
1340.8626
1480.8584
1521.0123
1483.042
1658.2229
1373.4775
1565.0336
1442.6644
1634.5847
1340.1347
1564.2991
1585.8643
1372.2081
1646.7988
1606.8713
1474.1836
1537.0456
1531.5228
1530.5016
1387.7526
1723.2404
1563.8497
1715.1749
1584.0221
1332.1163
1694.4466
1421.0351
1536.3527
1698.4451
1703.9747
1528.5358
1379.8402
1487.3057
1724.1129
1732.8402
1320.722
1532.7848
1622.2466
1644.5377
1722.1631
1766.0615
1423.019
1511.5914
1679.1852
1484.8392
1569.3145
1385.0668
1388.0836
1589.243
1783.2966
1413.2737
1238.6232
1187.0789
1383.05
1157.883
1360.7502
1477.6832
1397.9903
1758.1308
1647.5183
1559.4743
1635.7659
1435.7548
1680.5224
1235.858
1350.0895
1461.1665
1607.9884
1431.8385
1616.6027
1384.3464
1354.823
1416.0764
1636.0281
1659.9601
1416.5538
1625.3585
1493.3716
1295.5114
1509.1995
1719.1336
1549.5594
1597.836
1572.8708
1745.1566
1484.5877
1529.7974
1521.8006
1507.9959
1540.4595
1651.0832
1574.9227
1472.139
1358.8926
1406.3342
1763.7003
1720.9444
1533.0792
1509.3759
1839.0461
1604.3207
1615.6208
1367.4062
1705.8111
1435.8206
1491.5588
1628.7927
1603.9908
1700.0658
1605.9483
1409.9337
1571.2952
1430.2478
1603.171
1594.4922
1479.4424
1422.2416
1311.789
1171.6102
1445.735
1443.3052
1555.3432
1643.3955
1455.216
1590.4945
1577.7586
1675.8831
1734.0424
1382.9541
1433.1299
1652.1364
1843.251
1804.6301
1469.326
1583.2051
1413.8181
1426.7635
1427.8493
1671.9044
1580.8265
1579.5073
1510.5093
1273.6399
1512.3969
1819.4796
1649.2151
1438.5322
1555.7635
1384.6861
1610.6538
1874.6109
1566.6431
1411.2338
1411.2772
1371.5002
1485.5396
1571.9837
1587.5085
1711.2599
1729.981
1452.675
1585.4646
1368.5766
1280.4193
1320.7862
1307.7919
1621.8604
1591.7409
1677.453
1645.1879
1285.6423
1404.8759
1569.2966
1721.3727
1700.788
1741.5281
1330.7862
1483.5622
1305.6636
1494.9702
1480.9993
1546.7988
1465.4651
1696.0517
1454.1729
1508.9323
1507.8294
1445.0826
1507.5028
1390.3168
1534.3914
1733.9502
1645.675
1426.8082
1758.5374
1392.3543
1452.1311
1411.3631
1345.4365
1344.5458
1414.1424
1585.7127
1810.8532
1626.1022
1379.4083
1632.2177
1791.053
1667.1197
1386.9976
1601.0873
1678.2336
1464.2631
1663.9852
1301.0937
1381.588
1662.0174
1397.5083
1494.138
1489.957
1789.3072
1446.8578
1550.7009
1569.9552
1436.5337
1383.6293
1484.615
1659.4847
1717.8757
1667.7743
1453.8059
1598.1241
1704.5098
1587.1716
1537.0747
1493.7624
1470.8732
1392.1218
1425.6365
1529.0279
1412.9308
1580.8294
1489.4509
1443.3465
1644.5325
1396.1819
1473.706
1617.2345
1527.9339
1744.4093
1586.4041
1815.6508
1448.8434
1610.5605
1330.8181
1365.0015
1545.4559
1615.9255
1692.1507
1498.4013
1352.1494
1529.5939
1679.024
1735.7841
1734.5822
1708.6571
1497.8154
1481.6858
1462.9964
1216.1239
1265.2956
1457.3679
1412.6198
1330.4664
1449.6102
1242.5159
1556.0528
1563.159
1345.2323
1571.9444
1323.9646
1273.1691
1421.4471
1494.2739
1540.0664
1422.8048
1327.2594
1525.6281
1528.3005
1829.7937
1545.8153
1809.2513
1466.7911
1531.7396
1392.4569
1323.9042
1700.3891
1445.2266
1436.0791
1427.847
1433.8884
1580.761
1516.343
1367.3282
1633.498
1214.345
1608.5124
1413.2124
1360.7462
1285.8746
1457.3598
1265.8325
1333.7804
1491.5426
1647.925
1716.2007
1624.9229
1478.1989
1580.066
1393.7324
1346.0894
1438.3616
1288.3164
1346.4914
1513.7591
1562.5035
1752.4244
1611.6655
1537.0655
1525.7286
1396.2631
1548.1851
1631.7089
1455.065
1439.8319
1703.3586
1395.3921
1612.2726
1578.161
1622.7426
1524.8101
1481.884
1489.0509
1699.1518
1652.0424
1579.9814
1529.3743
1697.9917
1430.0423
1543.1869
1624.6898
1490.5812
1499.7566
1418.7563
1556.566
1636.5076
1457.6098
1560.168
1425.639
1324.9961
1526.3484
1544.7553
1513.276
1581.7401
1560.3668
1396.5822
1489.731
1548.5643
1662.6667
1968.3067
1586.2068
1479.5841
1362.2913
1613.3112
1631.7221
1710.5474
1712.4063
1642.0356
1488.8067
1637.89
1540.6224
1766.576
1582.2833
1366.6634
1544.9415
1444.5404
1715.2987
1410.7578
1494.2587
1486.5873
1617.399
1707.4193
1414.6455
1479.1761
1319.7346
1387.3569
1742.6251
1388.6449
1442.5384
1366.3246
1577.722
1610.9688
1594.6861
1297.3781
1580.728
1618.407
1451.5291
1460.5687
1543.9369
1402.5717
1567.932
1434.4918
1500.799
1199.6231
1606.2445
1489.0127
1563.8392
1510.6769
1551.2471
1623.2798
1473.5236
1528.7257
1496.288
1556.1279
1420.7574
1614.1248
1361.2225
1609.0996
1325.3895
1474.4238
1692.4205
1583.1088
1595.164
1534.3365
1388.7771
1480.6229
1721.7488
1514.1394
1390.3601
1606.2124
1200.6606
1458.2883
1674.3484
1600.7769
1457.5102
1791.4407
1549.7633
1411.9826
1436.1701
1641.8654
1478.7879
1472.5069
1562.8325
1765.4986
1663.684
1662.2789
1366.9728
1371.0064
1615.7965
1840.8959
1527.5273
1669.3182
1346.7782
1477.5698
1385.6289
1572.0638
1597.5923
1637.1189
1664.5691
1571.1867
1511.593
1473.0489
1788.2344
1556.9234
1504.849
1515.3576
1332.0248
1515.8798
1386.8341
1347.7308
1438.7709
1749.0483
1519.749
1441.5363
1310.8457
1421.8134
1333.3905
1607.5503
1859.5586
1846.1143
1495.2055
1409.4035
1305.5558
1499.2935
1607.1735
1392.371
1465.6682
1433.3697
1367.8844
1509.8982
1714.5491
1443.4956
1916.1826
1418.1326
1477.2794
1371.8255
1759.2741
1710.4729
1680.9085
1555.455
1488.6241
1468.3696
1611.7943
1672.6645
1316.6017
1592.0443
1559.2261
1333.3383
1408.6298
1710.2387
1461.5639
1383.1023
1469.2054
1483.6997
1390.8427
1483.6551
1568.0172
1423.9505
1737.251
1634.3425
1668.1869
1597.7872
1611.9822
1408.7875
1470.424
1461.3079
1184.9714
1493.2777
1706.176
1684.8183
1656.1558
1436.0462
1570.0825
1577.1393
1736.3522
1752.3135
1770.2589
1718.4794
1470.4238
1462.7477
1613.9482
1458.4169
1493.6065
1696.5512
1425.5428
1535.7819
1567.6545
1507.0953
1496.1139
1566.4843
1384.7463
1501.2474
1699.7223
1701.4509
1630.6024
1606.093
1458.8498
1393.9515
1595.9809
1527.9592
1509.7622
1721.9655
1185.3103
1668.0105
1193.065
1551.9013
1675.3702
1381.8598
1392.9673
1243.5183
1370.0382
1345.5853
1389.0166
1387.2045
1471.308
1651.7327
1582.2406
1628.9131
1427.168
1147.3897
1480.6807
1333.9873
1452.1282
1433.3564
1545.9245
1410.5758
1502.4892
1643.2802
1628.3308
1656.3597
1711.3487
1561.6848
1456.5748
1460.3166
1483.058
1410.9614
1300.221
1517.7968
1791.7684
1549.6723
1608.6487
1424.5135
1830.3261
1705.238
1895.5961
1733.9656
1677.0541
1450.2642
1363.5443
1406.4184
1582.8764
1575.0744
1629.0119
1433.2189
1710.2417
1937.7638
1742.3907
1633.5062
1431.2525
1491.9901
1260.0728
1517.4087
1609.501
1564.9222
1560.533
1447.3783
1535.9393
1321.5857
1446.2245
1323.6167
1522.5021
1508.7328
1892.5255
1636.8379
1447.8788
1400.884
1500.2743
1628.2504
1612.4437
1596.4382
1434.918
1467.6366
1037.3613
1380.9203
1493.133
1681.0498
1594.7172
1332.6169
1362.4203
1449.3831
1331.1149
1454.8552
1759.0852
1480.8063
1335.6733
1720.6256
1635.8545
1495.5288
1532.8792
1580.6638
1518.7158
1792.7776
1269.7872
1607.3574
1396.7305
1410.1223
1655.8185
1677.9398
1578.8295
1566.6355
1688.1859
1290.9585
1356.1489
1513.9298
1742.2741
1436.3453
1649.1612
1761.0269
1487.4942
1608.5094
1612.86
1625.6686
1496.948
1284.0977
1463.4921
1498.5255
1553.1508
1554.9576
1551.7506
1366.3723
1494.1983
1686.4494
1516.5217
1551.4323
1810.223
1568.1081
1663.0362
1491.9586
1167.9161
1399.0918
1488.5861
1494.3956
1950.2766
1820.8631
1442.7036
1572.3411
1308.6208
1408.1664
1436.1696
1571.9566
1575.5695
1541.1909
1421.5158
1475.6988
1424.076
1591.1464
1366.9687
1675.4064
1684.9671
1417.3016
1495.8952
1676.7165
1475.3716
1423.0698
1711.2292
1494.1794
1924.6279
1626.2248
1534.8383
1502.6306
1768.0924
1618.9047
1523.0441
1430.3338
1611.9501
1339.0468
1492.0176
1359.0781
1446.9409
1360.696
1669.5759
1649.1958
1653.1085
1641.7087
1512.9951
1502.801
1474.2686
1372.7736
1340.6906
1627.5364
1588.6446
1492.494
1782.9458
1754.7945
1538.311
1346.6782
1449.9802
1679.1089
1587.0851
1443.6301
1266.5519
1516.4099
1336.6033
1499.1033
1469.948
1629.4935
1548.1425
1354.6665
1447.7034
1149.9141
1564.6194
1650.2143
1586.3649
1571.0897
1585.1163
1398.4596
1350.7756
1637.8379
1527.6468
1466.7138
1675.0895
1794.2932
1838.8285
1554.4737
1513.5873
1481.5189
1379.4983
1451.4442
1459.5385
1340.8295
1556.8504
1762.5056
1469.2748
1247.4478
1389.619
1404.6387
1534.8128
1282.0507
1457.4015
1634.6656
1390.9262
1624.2458
1871.5987
1512.3679
1661.2599
1631.257
1416.8195
1715.3436
1645.1674
1669.9785
1537.0335
1561.8948
1529.3582
1744.4161
1384.8673
1581.8229
1469.2763
1686.6051
1477.8876
1667.7769
1521.1655
1630.7494
1662.5595
1484.8298
1710.9409
1704.7627
1703.6406
1322.4066
1522.4583
1432.2427
1538.6457
1753.1034
1554.2017
1762.7988
1394.5651
1710.7445
1767.0789
1267.4733
1626.2849
1723.5658
1709.4517
1412.5164
1438.9914
1534.5324
1426.3513
1572.5773
1521.2068
1185.7334
1380.8162
1619.6231
1298.2984
1526.51
1326.2057
1354.1498
1392.3873
1740.5638
1444.9878
1525.2436
1789.1971
1465.2578
1639.1087
1488.1611
1752.8237
1819.4328
1726.4844
1475.1469
1401.8152
1303.7532
1467.435
1401.5484
1453.607
1465.2922
1582.5481
1542.1836
1666.2334
1435.5421
1467.1654
1385.0668
1435.7445
1588.8057
1587.8044
1599.9928
1514.8953
1168.8054
1485.6556
1375.9003
1430.7795
1464.2468
1678.9636
1444.0881
1545.444
1406.7236
1440.9807
1482.7767
1473.0432
1526.196
1518.7486
1509.4636
1697.2801
1377.1844
1169.9987
970.17309
1534.7303
1295.3739
1709.4446
1571.3892
1638.6332
1420.6854
1750.5008
1616.7627
1710.9503
1289.6239
1346.2141
1464.6026
1531.8725
1508.4622
1440.8794
1677.068
1400.4995
1157.6768
1542.8021
1413.7979
1304.8174
1712.3768
1489.7763
1379.5534
1418.526
1676.5085
1873.0159
1680.2911
1316.3476
1477.6401
1553.0975
1411.8193
1604.9898
1376.1764
1512.5169
1414.5544
1550.4872
1616.8366
1680.8539
1552.414
1618.9579
1684.8995
1690.7686
1599.4299
1490.6129
1687.1238
1588.4244
1690.5293
1521.1199
1639.2148
1270.2013
1320.2128
1445.9986
1531.9533
1342.3789
1613.973
1575.4233
1400.3581
1444.6222
1521.131
1446.288
1369.655
1651.2591
1538.6426
1252.5721
1504.8761
1710.9959
1589.3312
1504.4489
1557.0287
1758.041
1299.7965
1515.1097
1563.7171
1713.8283
1621.3602
1513.2721
1550.8543
1703.9864
1525.5849
1673.3705
1459.2143
2036.8137
1700.6735
1635.1237
1339.1546
1533.9924
1658.1163
1629.9957
1452.6769
1535.6422
1528.1799
1449.47
1395.6436
1525.3964
1418.5145
1486.6368
1652.6604
1569.3292
1637.7251
1515.3245
1535.2498
1657.1647
1509.3591
1367.8616
1440.7932
1473.2522
1540.8055
1382.3828
1404.678
1365.9952
1378.3563
1684.7938
1346.6989
1542.8905
1592.8769
1541.1282
1289.4051
1231.5414
1485.1358
1495.4505
1390.5308
1333.1057
1636.1479
1420.2569
1533.7808
1541.9594
1457.2402
1555.6746
1550.3675
1443.8055
1401.4134
1503.7834
1492.1314
1515.3353
1680.2723
1514.6751
1631.226
1773.8044
1394.1147
1694.8082
1468.7595
1625.3981
1504.2962
1374.2539
1362.8163
1783.9749
1198.8095
1089.9559
1330.2588
1530.2294
1469.1161
1283.9971
1376.4971
1390.6594
1351.6621
1391.8535
1549.9129
1600.8832
1435.8482
1475.6714
1729.216
1733.5147
1692.8718
1503.5032
1570.5543
1615.013
1513.8906
1389.7303
1313.1169
1545.7131
1724.5937
1445.7549
1754.7614
1617.9309
1252.8027
1299.923
1272.9068
1398.9397
1418.9265
1553.7384
1622.0149
1392.6325
1388.1817
1207.0872
1174.6401
1194.6807
1536.6277
1640.3963
1614.3613
1383.926
1568.7516
1500.2185
1416.5233
1375.2494
1480.8779
1634.1516
1606.0137
1603.6816
1428.3029
1500.8343
1194.869
1364.0073
1438.448
1432.7685
1574.0305
1668.4242
1776.4122
1563.9233
1453.9318
1508.8865
1515.6762
1727.7953
1290.2928
1438.7196
1192.2849
1326.9107
1466.7868
1516.7385
1470.1931
1684.8682
1440.0007
1557.6498
1654.0847
1431.6951
1403.6975
1501.6354
1443.5122
1516.0663
1257.6893
1291.6349
1400.9258
1640.882
1594.9747
1419.7463
1334.1166
1589.2421
1348.4008
1602.6746
1514.413
1567.884
1591.0341
1440.2365
1273.5083
1332.468
1498.8189
1391.575
1354.5442
1578.1223
1473.2766
1394.0826
1800.7424
1553.4905
1699.6056
1491.733
1535.4701
1468.3597
1466.5244
1638.242
1504.403
1733.6275
1532.426
1466.6082
1562.2004
1414.214
1491.3698
1571.9603
1786.1339
1710.5867
1588.5435
1345.3103
1458.5616
1248.0489
1303.7203
1389.5899
1490.0893
1471.2188
1690.2959
1461.4858
1450.4359
1683.3425
1568.4796
1377.7211
1488.0863
1387.7243
1657.1523
1491.0617
1592.3606
1674.6297
1348.8881
1208.0623
1339.9478
1390.624
1690.1955
1392.0488
1765.7377
1675.919
1209.1988
1373.8561
1358.815
1633.3916
1461.365
1574.243
1416.5819
1222.0129
1457.1241
1623.5455
1602.46
1628.008
1635.4223
1648.8939
1678.287
1607.4963
1546.9505
1366.2748
1432.4335
1441.3837
1405.0241
1539.0572
1513.4047
1353.5856
1316.7705
1437.5305
1394.9593
1681.7919
1138.6456
1230.5645
1122.5091
1577.1589
1577.1618
1559.9343
1508.5708
1347.1523
1550.1702
1596.5727
1919.0185
1548.4486
1675.0802
1610.9588
1470.7456
1357.6386
1388.4015
1424.7771
1630.7424
1739.7561
1456.989
1597.5167
1553.3018
1498.4748
1532.2141
1515.1721
1910.7729
1501.8944
1937.0607
1760.3196
1742.3438
1615.0877
1764.024
1457.7486
1567.7125
1508.4984
1759.0191
1476.324
1572.6388
1487.187
1537.6704
1580.75
1407.0624
1448.1349
1750.4325
1654.9554
1455.7147
1416.4321
1457.9144
1716.3296
1578.8395
1647.8036
1601.0488
1703.62
1693.4572
1396.7138
1807.5308
1714.4737
1792.4578
1761.9956
1622.1973
1678.9078
1396.697
1586.5967
1495.4971
1473.966
1449.4605
1799.9117
1758.8865
1614.2119
1619.7835
1519.0702
1380.3648
1105.7177
1447.2518
1469.4112
1461.6335
1547.7821
1578.0225
1403.9623
1577.2772
1465.4065
1748.9886
1445.8328
1586.802
1498.0982
1643.9625
1578.84
1517.4648
1687.3957
1893.9308
1432.8772
1377.1814
1729.2674
1626.9373
1389.2287
1659.7407
1394.3075
1847.3555
1505.656
1718.3908
1583.1786
1739.2286
1675.4779
1679.1249
1699.5619
1543.299
1467.5635
1428.0953
1796.4563
1579.746
1405.2131
1450.1911
1514.5815
1457.752
1779.8041
1604.7039
1520.2137
1505.5294
1497.2208
1270.833
1605.766
1466.9913
1623.9856
1476.2427
1385.5104
1700.9212
1518.2182
1524.9383
1531.1916
1754.5334
1479.3873
1565.042
1718.2843
1426.0364
1354.2595
1804.5471
1780.0347
1357.8097
1565.8601
1432.76
1519.7901
1287.5987
1649.1514
1458.9453
1529.945
1425.8915
1454.9933
1597.8219
1492.2123
1724.005
1549.4241
1413.5906
1573.5719
1473.6817
1490.6469
1719.2637
1594.5549
1549.4454
1528.6901
1434.4358
1619.5624
1636.4266
1694.3193
1581.0774
1626.0049
1401.6747
1324.4272
1561.0783
1610.5959
1510.379
1555.0282
1605.2127
1504.1471
1308.5093
1336.2621
1446.3942
1562.9675
1629.5266
1400.8619
1706.5217
1332.0128
1482.4492
1614.4006
1713.1972
1484.5446
1685.842
1621.4167
1574.6404
1556.334
1494.1756
1749.0281
1734.7772
1349.2819
1373.573
1438.4431
1733.2755
1471.7221
1588.6098
1728.1786
1469.3842
1493.5082
1495.355
1490.5318
1607.4901
1338.9299
1346.0175
1573.6269
1637.5225
1721.7885
1707.2456
1630.966
1497.1135
1450.5258
1637.7197
1614.5015
1337.2104
1642.0132
1419.7348
1523.0195
1492.4733
1750.9145
1655.3321
1730.5247
1738.2478
1403.0323
1606.4565
1578.4656
1472.0699
1568.868
1512.0661
1391.0376
1626.9927
1391.3954
1338.1969
1461.9362
1566.8438
1485.4704
1839.9324
1746.1498
1754.2732
1350.0554
1486.9794
1414.3698
1518.3188
1428.1808
1512.8138
1521.6109
1859.3633
1401.4255
1765.6707
1516.6849
1757.5041
1700.7549
1502.134
1696.9396
1607.6158
1443.8425
1257.9303
1410.3753
1671.0554
1539.3015
1526.6306
1711.9768
1294.7344
1572.2347
1486.7308
1243.6344
1447.9487
1605.0651
1466.9296
1580.4161
1436.8084
1419.9301
1332.4554
1313.3246
1652.2297
1409.2365
1549.3339
1469.922
1611.3693
1460.9824
1667.1606
1699.3801
1302.7257
1438.6344
1542.4852
1529.9978
1481.6192
1493.6054
1711.0344
1592.0006
1471.5998
1620.8918
1463.1631
1532.1595
1445.4905
1494.4705
1634.2993
1474.3509
1413.3929
1333.9205
1468.2183
1579.5521
1497.5328
1605.5837
1754.815
1583.3687
1559.1817
1605.9724
1746.7891
1743.3204
1805.4
1726.1131
1416.7655
1258.3941
1641.8256
1721.4984
1640.8342
1740.2635
1664.2087
1536.3041
1502.6281
1538.8606
1340.107
1221.7662
1552.6284
1400.3475
1356.0661
1659.4083
1576.0555
1450.0005
1636.3589
1701.3422
1583.7131
1689.4038
1484.2099
1324.0496
1574.1688
1511.9457
1525.5378
1473.3829
1486.7911
1755.8608
1613.07
1697.5635
1599.5744
1605.3673
1858.2057
1618.4672
1432.4067
1610.462
1445.6216
1604.65
1588.4749
1809.2953
1560.8607
1404.4777
1602.4667
1437.537
1533.7019
1614.711
1736.9047
1729.1421
1790.6988
1633.3639
1275.7189
1492.7
1655.4073
1680.3965
1508.6865
1713.5627
1738.3757
1528.8842
1258.4458
1611.1655
1507.5978
1522.2104
1667.3753
1411.3914
1505.2317
1480.0348
1549.8283
1383.9707
1616.7601
1601.5059
1759.1899
1519.0536
1517.0642
1342.5399
1380.7475
1731.9334
1644.124
1790.1479
1628.1728
1598.6547
1422.9388
1660.8892
1543.4051
1585.161
1623.284
1556.1848
1478.777
1641.163
1528.823
1426.1947
1637.7099
1584.5576
1374.0158
1521.4415
1542.1059
1564.457
1399.1711
1501.6933
1421.4497
1445.7361
1660.4934
1634.7301
1287.9916
1442.6762
1492.8435
1374.5155
1585.502
1448.5906
1495.564
1579.2391
1364.0537
1493.8054
1444.6139
1673.8039
1620.0696
1544.9985
1869.3475
1558.0706
1596.1846
1677.0021
1500.7032
1508.5551
1515.72
1669.6141
1274.1971
1540.735
1420.725
1625.8598
1430.1238
1440.3124
1805.848
1696.5544
1661.8576
1621.2589
1569.237
1791.6114
1509.169
1756.1681
1821.3593
1477.824
1763.9201
1645.3176
1667.7309
1794.8304
1558.0488
1758.7195
1663.9686
1577.6607
1474.6915
1623.977
1624.7781
1784.2594
1705.1262
1596.9812
1562.0003
1391.2858
1550.9841
1413.6153
1641.1798
1789.8375
1751.7563
1699.0209
1674.1764
1624.4245
1471.722
1577.1846
1523.7959
1473.6257
1529.9098
1615.965
1582.1979
1461.8678
1445.0169
1612.1518
1610.2621
1400.3124
1353.2222
1634.455
1756.7656
1443.7763
1703.8911
1492.0049
1435.6354
1510.144
1593.0757
1249.1747
1366.8636
1599.7277
1585.1424
1668.9997
1716.5325
1662.2258
1723.7408
1691.7101
1788.5308
1760.269
1600.1231
1557.6082
1540.9186
1572.9989
1546.9553
1482.0072
1442.3468
1480.3031
1721.9207
1644.5283
1768.7631
1772.712
1348.0678
1886.5031
1630.1073
1521.1917
1433.377
1480.9555
1374.5564
1198.826
1464.1644
1437.8536
1573.102
1529.3896
1509.8598
1184.2381
1620.5282
1262.763
1350.637
1393.0485
1681.004
1557.1962
1554.8803
1265.3008
1361.9706
1520.3903
1285.5278
1430.7437
1375.6833
1626.3924
1250.8651
1178.2274
1318.871
1408.1127
1047.587
1331.1412
1618.1515
1383.4887
1586.3685
1360.165
1476.7037
1670.3365
1563.3183
1466.3645
1527.5944
1612.3773
1527.02
1822.0293
1555.4604
1608.473
1707.3568
1612.6467
1650.2306
1427.7676
1500.1597
1396.1778
1435.3986
1432.6245
1298.2416
1394.1272
1577.0958
1403.7307
1595.5633
1547.5246
1480.0047
1385.6839
1331.417
1634.4678
1401.2482
1536.0432
1389.1822
1428.4433
1534.5605
1584.7867
1479.966
1357.9386
1102.4574
1355.951
1437.9289
1646.0446
1583.7859
1450.6749
1495.7081
1496.9696
1411.3272
1698.666
1669.3665
1475.6825
1692.7981
1614.4843
1316.0415
1489.4965
1442.9104
1478.0469
1436.4554
1797.3597
1599.6176
1591.5946
1371.6215
1378.5962
1383.0317
1496.1774
1544.0922
1526.9649
1459.9793
1471.078
1622.4011
1535.4139
1350.889
1746.7042
1599.3045
1635.4463
1688.6321
1567.1479
1413.0046
1572.922
1401.069
1653.1717
1635.8068
1816.9814
1448.9013
1330.8721
1631.9591
1261.7806
1438.8968
1489.1092
1430.743
1578.8892
1548.237
1372.2856
1460.2879
1719.6779
1566.6538
1471.9287
1477.7954
1496.9354
1667.0613
1625.698
1503.8716
1493.9507
1753.7904
1460.1586
1764.1323
1691.0646
1729.0459
1536.4829
1335.6566
1577.959
1236.3152
1368.9925
1317.1791
1260.0585
1557.7934
1442.0817
1462.7201
1311.0279
1593.9978
1566.5425
1654.5037
1571.8184
1459.8969
1706.3327
1584.0401
1661.8207
1685.3903
1415.9652
1699.9979
1417.5703
1586.3147
1468.3672
1726.3256
1853.768
1165.3577
1421.5582
1498.4726
1485.0351
1529.4018
1637.0102
1476.8113
1691.1171
1408.8083
1326.4961
1827.7811
1730.1289
1788.2768
1585.5999
1774.9582
1348.9433
1202.1905
1333.0459
1548.8535
1695.681
1630.6814
1684.5076
1496.2483
1493.6611
1394.4874
1617.4916
1743.2022
1372.5044
1752.3334
1494.6031
1451.8966
1820.8989
1425.3468
1536.2555
1518.5525
1468.5089
1420.7248
1483.3522
1710.1066
1507.9724
1497.4233
1423.2241
1503.7602
1174.6736
1432.089
1471.2434
1517.3506
1641.5424
1606.5829
1564.3997
1616.8511
1643.0368
1424.5164
1373.0577
1497.858
1511.3128
1490.817
1352.5161
1342.5807
1408.1913
1537.7021
1382.5198
1329.119
1461.4293
1821.4726
1621.5707
1744.4656
1591.6318
1483.6508
1558.5628
1590.2703
1722.703
1394.0998
1443.0293
1328.3578
1524.1295
1565.3641
1302.5826
1748.3154
1691.8676
1534.0603
1424.7108
1329.2298
1647.9293
1711.4446
1605.6674
1422.6884
1488.7977
1551.239
1398.6054
1588.3469
1519.7837
1557.8114
1613.3345
1782.3803
1647.0802
1707.596
1789.096
1686.8315
1572.3839
1482.0175
1414.1914
1832.9834
1502.0193
1817.2036
1419.5825
1469.2827
1328.1231
1503.9847
1807.3091
1387.4542
1602.9449
1363.1745
1391.9336
1487.5636
1463.1665
1458.7696
1615.2459
1411.1434
1646.0378
1340.9788
1663.5208
1583.1297
1707.5613
1580.4869
1437.8625
1633.5779
1794.1476
1768.5989
1744.6175
1484.3471
1515.1054
1504.0627
1464.9741
1437.3993
1671.9455
1600.0115
1525.219
1468.4641
1530.3142
1651.9761
1722.97
1679.648
1661.8683
1658.4439
1415.9379
1773.2198
1511.751
1628.0406
1727.3335
1639.0101
1409.5365
1733.8273
1540.3216
1588.7437
1334.8647
1323.3276
1350.9327
1659.1192
1511.4619
1254.1798
1485.4112
1441.2967
1616.4223
1539.4081
1551.4623
1790.7353
1565.7665
1489.2776
1569.8878
1716.7538
1357.5024
1634.4675
1880.0673
1633.2172
1370.2195
1549.4369
1555.1814
1227.4478
1310.7865
1698.1945
1532.8318
1475.8474
1346.0805
1502.2206
1697.5694
1422.1407
1552.7563
1356.5669
1567.61
1414.8375
1281.0697
1219.8623
1380.0993
1269.0921
1264.1281
1320.8305
1521.7127
1390.7812
1465.6071
1252.4081
1445.6759
1362.4141
1382.982
1379.3431
1432.2313
1464.9531
1416.1028
1611.9866
1498.7148
1329.8051
1258.7452
1495.9081
1540.6937
1568.9707
1323.3448
1536.1011
1578.1085
1442.399
1333.9212
1594.5596
1540.0822
1595.0329
1616.8865
1534.3805
1468.9424
1682.0043
1471.6751
1553.9369
1411.409
1349.6572
1596.7962
1615.026
1490.356
1596.7176
1415.177
1527.4241
1614.72
1643.6017
1229.1046
1480.3661
1409.79
1303.0585
1438.3994
1609.1114
1612.7028
1524.3296
1308.44
1738.9166
1371.0333
1562.1795
1507.9118
1796.1198
1748.6532
1444.1011
1565.0019
1435.8401
1392.1958
1654.7297
1754.616
1528.9125
1454.8613
1512.96
1575.04
1665.4476
1443.4231
1508.3842
1540.4318
1199.038
1514.2243
1550.0104
1592.5586
1490.6986
1569.4287
1386.9893
1507.6963
1492.9905
1446.0378
1471.2473
1638.2239
1692.27
1489.0027
1600.6907
1823.3167
1542.2638
1496.8909
1321.9087
1110.9122
1706.7353
1656.5742
1623.9769
1893.0361
1444.378
1324.1167
1623.2396
1472.9966
1596.9329
1446.2997
1666.0397
1416.5466
1099.3282
1168.871
1440.5922
1519.6633
1512.3335
1519.9777
1496.4252
1776.5025
1510.3953
1573.9245
1834.3204
1523.01
1361.1176
1689.5596
1621.895
1218.8645
1553.4535
1512.474
1456.8186
1716.0738
1605.0617
1720.0027
1732.8827
1344.9254
1499.399
1360.3274
1401.1496
1720.2878
1373.627
1510.4346
1485.0007
1275.9378
1403.462
1266.0225
1393.9069
1381.5285
1613.0152
1635.7656
1540.0175
1522.5717
1474.9953
1383.168
1466.5996
1544.296
1368.7808
1544.1272
1565.1458
1606.192
1435.8934
1378.1325
1188.7085
1327.5009
1372.78
1540.1088
1491.7801
1501.288
1588.6675
1584.7462
1476.2592
1403.7722
1598.4812
1340.3538
1825.289
1677.1563
1399.0086
1548.8199
1668.7897
1585.0771
1424.8787
1497.3028
1613.8271
1777.828
1419.8086
1418.5004
1249.7188
1598.4679
1612.7207
1515.9757
1706.2542
1677.8389
1617.1282
1735.5049
1721.1983
1504.7936
1570.4877
1397.7925
1683.8744
1723.9632
1488.8792
1639.7686
1772.5605
1479.5411
1493.7002
1755.9894
1654.2701
1574.9652
1551.5541
1367.8606
1428.2862
1348.0079
1499.5503
1651.0556
1926.341
1644.5596
1517.8001
1612.7197
1525.5946
1565.006
1754.8204
1830.4882
1670.3951
1601.9802
1577.5868
1604.0014
1506.0858
1731.4663
1433.5702
1512.4456
1361.7318
1424.2553
1433.4822
1565.2186
1599.4243
1543.1875
1478.0417
1160.991
1448.4802
1422.7802
1632.332
1358.9128
1340.2901
1556.6007
1417.1477
1583.8975
1208.1461
1635.5378
1385.4452
1422.0141
1486.3578
1397.5574
1492.8122
1627.028
1583.4152
1617.3664
1413.9968
1406.5401
1592.6324
1407.0089
1820.3366
1750.3957
1880.8428
1685.296
1306.5334
1594.2157
1635.1679
1546.247
1623.8542
1523.8635
1531.4683
1403.9635
1403.2373
1101.5098
1469.3524
1559.422
1363.2459
1350.3655
1540.5882
1575.7421
1637.2884
1462.9476
1612.2593
1455.7723
1596.3002
1597.5745
1855.5644
1597.9081
1550.6311
1530.7714
1391.4301
1688.5744
1767.5865
1611.0531
1751.7456
1558.0098
1630.0336
1606.8125
1683.8162
1643.9711
1448.4311
1445.1938
1346.5257
1516.1719
1673.6908
1516.3904
1694.1466
1643.0561
1178.4307
1340.9251
1285.4749
1510.4506
1233.2258
1416.8615
1626.7123
1506.7055
1534.8365
1424.8607
1319.1133
1366.6975
1315.9326
1557.1827
1383.9303
1426.7068
1586.9006
1808.6594
1774.9184
1263.1874
1257.7324
1586.6128
1535.2641
1292.0701
1539.8981
1514.2631
1475.488
1530.6547
1668.5514
1778.2984
1567.9949
1631.109
1379.2005
1274.1915
1404.8138
1414.6779
1295.9839
1484.1577
1748.0415
1587.4583
1218.7053
1298.4447
1421.9101
1479.6105
1582.4235
1392.7792
1561.4557
1613.5347
1286.8987
1622.8168
1706.1187
1567.889
1550.6914
1645.9152
1547.8312
1150.4723
1408.2009
1638.3714
1456.8989
1345.8805
1275.0265
1254.35
1524.8786
1510.7047
1222.2632
1536.7968
1170.0082
1531.8216
1416.8033
1489.9949
1561.7297
1255.2774
1634.2876
1281.1685
1232.893
1292.1645
1472.2587
1547.4182
1334.818
1679.7536
1441.6726
1316.2728
1491.9672
1704.5754
1671.2571
1552.356
1614.9904
1358.0536
1346.7316
1263.2627
1476.7646
1468.9137
1521.7675
1632.2091
1518.4338
1659.1395
1657.3891
1443.6182
1616.6784
1427.0158
1460.0012
1545.2615
1388.8018
1507.2232
1462.3643
1535.4324
1565.934
1688.0532
1561.1925
1405.4594
1296.8721
1524.4618
1680.9949
1269.5125
1539.0031
1524.1342
1575.1441
1346.9332
1562.8545
1423.0036
1443.4927
1463.049
1573.1615
1138.2845
1350.2303
1198.4006
1459.3914
1448.9143
1479.282
1357.8736
1549.4098
1500.5853
1502.2486
1591.4995
1498.1629
1540.2116
1569.9761
1647.4094
1478.9385
1512.595
1484.5497
1185.4417
1335.2058
1402.8711
1316.231
1614.0641
1572.8341
1520.4908
1580.7574
1522.5601
1566.0432
1622.8709
1439.9494
1371.8384
1691.2615
1558.2764
1511.2484
1378.5982
1413.9224
1705.6413
1427.3156
1411.9315
1504.1149
1672.3968
1614.9062
1663.7497
1540.9142
1431.3729
1424.741
1416.6554
1657.283
1727.2002
1688.1369
1701.3187
1520.6193
1713.2018
1694.9661
1602.0899
1521.7069
1557.0886
1553.6401
1661.6258
1542.6694
1519.0898
1191.9906
1240.7122
1371.3078
1598.8403
1317.7506
1677.3007
1638.8355
1635.631
1334.8764
1505.838
1314.6006
1430.8662
1170.5888
1476.3316
1361.8554
1435.269
1156.7829
1610.0621
1678.7431
1426.5688
1538.9565
1634.5428
1426.0632
1275.6864
1543.3535
1329.0476
1487.9558
1589.2376
1789.1237
1526.9641
1808.9019
1310.1573
1509.2222
1419.3232
1540.3306
1776.608
1584.7567
1569.9333
1406.5606
1372.0696
1528.092
1386.3755
1568.3156
1757.5184
1529.1479
1390.1848
1547.2583
1636.6126
1482.7552
1518.9479
1196.6643
1599.2782
1713.6662
1450.5792
1140.9139
1635.7996
1711.7021
1570.8381
1447.9245
1482.8491
1294.2411
1118.5883
1396.5028
1468.8013
1630.9953
1650.1593
1397.6242
1587.0218
1496.247
1611.8841
1290.6657
1612.0507
1295.0954
1472.2574
1568.0742
1464.9785
1343.3346
1346.6849
1521.1754
1557.5768
1710.4108
1439.2388
1458.7422
1417.1958
1583.4509
1549.7854
1372.8102
1558.2262
1450.1592
1302.1866
1491.7116
1735.1234
1574.2401
1518.1133
1579.5539
1355.7378
1394.2864
1311.1232
1803.6739
1720.1346
1608.7161
1546.3603
1567.0952
1488.4289
1765.4908
1678.2175
1549.8087
1651.2869
1526.9161
1499.0356
1735.1435
1815.9507
1567.0694
1317.9569
1449.0174
1058.1276
1406.7757
1412.6771
1609.8263
1621.8141
1502.0984
1438.7427
1477.7701
1385.396
1328.4256
1473.0535
1545.518
1653.8666
1547.8502
1709.3216
1379.0778
1359.6629
1680.1615
1525.61
1340.7454
1396.6147
1369.6395
1429.9395
1458.7451
1590.6841
1704.1556
1357.7901
1533.1205
1370.1557
1555.8829
1435.7847
1572.2467
1567.7356
1717.1124
1657.7016
1546.2953
1404.464
1533.4696
1427.2808
1255.8144
1462.5942
1364.7393
1327.9535
1580.0767
1663.1477
1784.5646
1580.9873
1526.6204
1525.9557
1547.8671
1712.4029
1687.9778
1535.3921
1564.9379
1664.8936
1432.3644
1279.5877
1280.459
1691.11
1708.395
1404.3531
1277.2945
1415.8541
1377.7853
1512.3806
1646.5339
1624.25
1932.1552
1710.9419
1622.5392
1602.1386
1567.1821
1597.2369
1471.0285
1621.4771
1627.4999
1480.5733
1389.1524
1397.8514
1506.2784
1385.6557
1335.0091
1564.6944
1299.3978
1400.7102
1564.5448
1263.9517
1233.8252
1347.8802
1564.9783
1611.8466
1264.8843
1541.2663
1420.0648
1557.4791
1482.9017
1449.3428
1335.2595
1361.3637
1249.1689
1353.512
1374.6026
1477.1652
1512.7013
1233.0328
1297.2274
1492.6139
1379.7892
1297.4644
1470.5019
1514.4464
1611.8283
1429.8851
1412.1868
1446.8805
1455.9512
1455.3382
1455.83
1360.8788
1513.6548
1344.2603
1465.6602
1548.7645
1412.1412
1549.6592
1602.7955
1471.3472
1587.9745
1551.0779
1459.7407
1409.5957
1435.8551
1720.8672
1701.6336
1623.0985
1244.915
1411.8548
1312.4036
1649.6345
1572.1076
1697.5404
1666.3862
1543.4979
1450.2195
1545.0133
1602.9246
1743.1579
1578.0536
1758.9814
1270.052
1439.1409
1457.2527
1655.8577
1495.3383
1569.6679
1524.8162
1521.911
1508.9971
1523.9354
1470.8284
1539.5706
1558.1604
1508.9155
1600.646
1682.6698
1651.3204
1432.1826
1611.9346
1409.201
1630.4026
1190.1086
1423.5471
1425.8857
1691.1939
1386.592
1327.9091
1425.3403
1350.0645
1268.2131
1563.3217
1527.7425
1342.2238
1234.0647
1401.8938
1609.0359
1537.4236
1502.7577
1882.7838
1322.3063
1485.6504
1321.9166
1374.881
1580.1412
1527.4072
1644.0471
1797.7132
1667.8416
1276.6924
1423.2053
1519.4837
1699.9879
1443.7109
1554.1782
1444.3428
1682.8186
1460.5506
1678.2994
1537.1067
1356.179
1320.3544
1239.1558
1535.7726
1445.4767
1489.6747
1528.845
1250.1016
1459.7898
1418.2488
1752.9602
1726.5909
1360.3858
1436.7121
1559.4984
1517.1527
1615.1947
1575.6728
1414.3836
1463.5223
1425.5823
1307.4419
1571.3163
1609.2705
1481.0878
1459.6165
1494.185
1426.4066
1424.4873
1284.8679
1282.4526
1319.0094
1306.7616
1413.9472
1293.2372
1341.6389
1449.3023
1412.0844
1536.3993
1380.5359
1302.6796
1339.4534
1279.4972
1688.9812
1417.0829
1462.9725
1435.4209
1242.1444
1332.1883
1063.5516
1256.0663
1256.4881
1234.9673
1553.5999
1539.0497
1398.9503
1215.4594
1197.9118
1580.1174
1595.1908
1547.4238
1189.8536
1249.2436
1303.6581
1468.7507
1527.925
1283.2694
1481.9616
1301.2792
1375.498
1391.172
1750.4528
1291.906
1401.1119
1242.2742
1516.3002
1479.6931
1611.6565
1244.6817
1266.2252
1156.9556
1446.6511
1342.888
1304.8959
1357.0226
1224.6796
1430.3166
1260.4986
1407.1653
1217.8999
1176.1114
1375.0635
1318.9682
1718.499
1495.4002
1404.4249
1095.5597
1342.5818
1330.8017
1536.012
1492.3299
1543.175
1454.5259
1462.023
1506.6277
1265.5725
1616.1997
1305.4532
1455.2788
1505.8581
1246.5419
1543.5304
1422.3785
1615.8492
1493.5355
1406.7492
1393.3245
1389.8504
1635.4404
1328.5293
1201.7599
1409.8254
1325.8398
1335.0301
1354.5944
1601.3734
1599.3203
1339.4637
1429.4615
1380.7381
1566.8836
1489.8196
1365.4915
1581.2212
1309.744
1375.3944
1346.7002
1624.9421
1513.2855
1339.212
1403.5878
1395.988
1753.6484
1668.6348
1784.1239
1722.5127
1465.118
1439.3146
1534.5366
1666.0992
1733.9558
1643.3457
1635.696
1561.068
1704.7203
1716.6755
1560.5292
1696.9194
1662.2808
1536.7894
1604.8508
1571.1018
1457.7554
1543.1891
1686.0036
1586.9022
1639.5705
1748.6145
1797.9534
1581.223
1484.4022
1332.9464
1742.9017
1614.4165
1792.5737
1720.1267
1692.1455
1714.9706
1766.9015
1524.9031
1666.4343
1532.5701
1352.5319
1572.7327
1419.6096
1351.9695
1477.3882
1515.6354
1814.525
1716.3927
1793.0388
1820.8952
1391.1514
1679.2983
1571.7109
1860.1015
1628.102
1608.5957
1551.1727
1692.686
1766.4953
1649.1378
1694.4665
1413.125
1527.5662
1535.7861
1606.4732
1713.6869
1663.5964
1700.7451
1834.7462
1582.7027
1597.0612
1529.137
1647.6164
1700.8038
1797.4915
1865.4779
1633.2286
1948.3895
1742.9389
1631.3577
1529.1985
1242.4429
1322.0252
1562.7587
1604.0632
1600.368
1456.1444
1817.4496
1748.813
1756.7798
1437.3621
1559.7818
1865.5891
1661.5646
1663.3434
1590.1411
1305.6952
1546.4472
1693.0107
1788.1514
1380.8141
1584.0594
1542.1078
1630.6836
1320.7188
1561.0887
1536.0099
1398.7232
1588.0135
1367.5911
1565.8225
1515.1609
1318.164
1437.6846
1540.7706
1614.4707
1486.0662
1600.3761
1484.6088
1605.6186
1654.7995
1292.8128
1287.8929
1568.111
1454.268
1424.0788
1468.1714
1451.6914
1506.405
1390.0172
1692.8818
1607.5332
1484.6382
1521.9561
1610.6497
1433.8056
1389.9338
1179.24
1351.7365
1540.0825
1519.0292
1601.8855
1552.6551
1541.5999
1463.6266
1723.7956
1662.8054
1447.2137
1733.6183
1624.2415
1785.98
1732.514
1687.0355
1655.815
1771.6929
1640.6155
1426.7988
1839.3325
1845.6876
1398.2866
1806.8098
1487.2159
1566.6902
1756.0696
1610.1611
1675.1631
1864.9515
1448.4316
1697.52
1337.33
1340.3631
1393.4247
1322.94
1560.1535
1602.3304
1381.543
1657.6384
1452.3325
1628.3865
1545.222
1672.1629
1641.4206
1666.9896
1740.2756
1648.0726
1653.1373
1755.5129
1643.4803
1610.1284
1262.9751
1529.8105
1786.3208
1759.707
1503.9687
1416.7607
1479.8444
1609.2731
1659.3168
1341.6651
1499.1845
1667.8456
1683.6705
1638.4716
1337.5284
1595.1636
1554.2149
1594.0435
1646.9613
1422.9138
1656.021
1300.8669
1339.5798
1501.8932
1509.4183
1435.4317
1201.1466
1373.8593
1447.5553
1568.4434
1452.422
1621.9076
1517.1211
1498.3328
1704.5306
1706.7565
1975.9266
1708.3495
1683.2637
1387.1701
1531.9142
1460.056
1475.3843
1614.6473
1621.5447
1399.5185
1679.985
1576.1578
1607.677
1770.6856
1656.8155
1429.7287
1725.3296
1886.9131
1647.8256
1714.3689
1281.759
1438.5735
1513.9615
1574.308
1441.2605
1633.986
1630.056
1445.2086
1380.0698
1311.7083
1596.0846
1458.2346
1585.9174
1644.7402
1605.341
1536.9885
1692.2406
1758.1638
1575.9086
1804.0402
1432.7804
1690.711
1477.6715
1354.0991
1379.1313
1623.816
1626.516
1584.9415
1661.6274
1352.5736
1497.4808
1591.5182
1603.5452
1420.0793
1611.8133
1566.5714
1463.6903
1456.1114
1635.2228
1419.3132
1624.4197
1418.731
1308.3529
1297.2841
1505.4379
1120.0821
1388.6466
1659.6775
1417.5009
1552.512
1453.8535
1380.0565
1416.9036
1330.4565
1636.6317
1263.948
1503.9028
1535.2512
1599.1163
1226.6028
1491.4235
1410.1091
1619.8283
1463.8869
1365.8806
1348.8807
1466.3707
1576.2375
1493.0773
1497.7223
1676.0239
1426.0534
1614.9329
1502.2262
1611.5923
1537.212
1415.5665
1237.8389
1594.8113
1262.1329
1406.7444
1228.1523
1451.671
1317.1152
1571.4567
1648.6451
1420.1142
1491.1297
1502.8248
1492.7849
1629.2173
1531.9207
1298.9395
1278.4952
1409.9907
1181.2586
1550.3739
1768.8337
1542.6243
1547.6292
1350.2883
1437.8409
1634.0652
1368.8559
1369.583
1565.0023
1377.5932
1554.0987
1646.4177
1648.0279
1609.0091
1495.0148
1398.4665
1262.5908
1537.2271
1425.6466
1139.097
1151.0976
1119.3702
1516.3373
1427.4326
1253.1185
1446.1043
1297.845
1737.5709
1734.6686
1354.1045
1486.0915
1372.6961
1430.2721
1339.3736
1552.9845
1552.9623
1407.3296
1536.5322
1223.1016
1476.1986
1473.0111
1469.5777
1495.712
1490.6208
1525.461
1446.1759
1105.736
1731.102
1637.43
1502.5518
1507.312
1188.1309
1554.9406
1536.4328
1359.4034
1601.4943
1663.1582
1325.9574
1227.665
1319.2579
1350.0228
1475.1248
1632.1446
1266.3128
1135.3932
1566.6854
1368.4869
1657.7603
1588.191
1760.498
1568.7149
1527.2499
1532.1629
1476.5749
1699.7738
1706.22
1606.0066
1527.1332
1565.2639
1413.056
1408.5628
1474.9909
1414.8803
1764.7678
1439.0666
1500.6747
1574.3745
1642.7299
1680.3852
1138.1814
1612.2245
1437.6262
1528.9303
1745.0297
1593.5095
1589.7357
1609.6612
1666.2939
1551.1369
1776.2419
1516.4108
1468.2822
1571.9184
1600.8948
1399.9796
1529.6872
1676.8997
1373.3778
1468.9742
1482.6875
1672.9037
1507.6797
1519.1287
1455.2893
1201.018
1653.3806
1637.6239
1478.8071
1585.6836
1538.444
1338.5059
1356.6869
1370.8216
1416.8694
1572.2302
1625.611
1558.801
1976.3056
1634.7611
1536.0642
1405.8829
1345.5605
1562.9154
1675.8279
1507.8026
1749.9258
1539.6115
1687.2911
1519.5316
1473.5358
1411.7772
1417.6042
1484.8023
1461.9275
1406.2807
1442.0926
1680.8805
1405.8298
1616.4858
1452.9
1498.2773
1505.1339
1511.9593
1700.2172
1495.741
1613.8767
1461.6146
1783.0309
1641.2576
1692.7605
1472.491
1501.212
1302.1554
1448.9916
1645.2103
1586.0473
1545.8669
1306.7784
1411.0029
1219.501
1300.1459
1453.075
1510.7059
1322.1548
1448.4927
1553.4589
1101.7692
1359.9176
1477.2894
1456.5994
1567.4751
1474.6836
1576.13
1592.0229
1631.751
1441.0931
1513.1724
1650.7846
1331.865
1430.7272
1598.137
1467.8673
1868.3746
1608.4498
1657.6147
1363.7927
1546.212
1548.6475
1686.4166
1404.3619
1356.9791
1364.9823
1535.5167
1287.8034
1429.9169
1369.3929
1445.7121
1498.7784
1480.9361
1489.2585
1488.9456
1432.734
1499.4422
1495.8665
1532.8398
1427.1516
1510.0779
1376.8904
1337.3169
1363.2757
1600.9086
1416.5306
1239.5942
1384.9398
1410.9584
1337.1166
1366.7341
1278.9097
1494.7388
1494.2194
1576.9723
1340.5272
1240.1935
1640.5783
1717.2057
1612.1876
1317.9234
1671.2668
1533.5488
1419.2256
1409.7902
1587.9026
1455.9097
1404.185
1433.2468
1650.3502
1623.0057
1508.2264
1500.978
1412.1621
1543.6803
1178.9004
1569.073
1535.3675
1493.2893
1230.5586
1496.108
1362.2885
1354.4908
1241.8423
1475.7032
1443.0625
1349.1079
1245.9261
1294.8462
1478.7904
1460.9551
1307.6806
1303.2027
1366.2491
1312.8682
1415.8431
1466.4916
1540.3992
1530.347
1805.4764
1454.6555
1407.7434
1295.0777
1396.3052
1362.6609
1515.7753
1564.8993
1567.7129
1443.3696
1552.6897
1724.7074
1807.9648
1602.6716
1483.7044
1434.8464
1329.3303
1264.2856
1603.9891
1271.0136
1721.564
1423.2919
1651.6475
1744.1069
1507.3177
1462.6655
1471.7928
1456.0664
1542.6019
1643.0521
1377.3033
1464.3869
1474.2213
1477.0378
1420.3921
1514.2256
1524.4027
1557.0437
1629.9766
1474.4821
1310.8953
1707.8718
1596.018
1432.9114
1767.9315
1619.4124
1382.5696
1234.6244
1340.4689
1695.3948
1704.6854
1703.0439
1508.4791
1432.6104
1457.0561
1484.4477
1324.0325
1473.6021
1410.5784
1568.4753
1451.1307
1651.5834
1365.976
1456.6142
1535.5438
1453.4403
1289.6667
1411.9905
1322.7718
1536.6627
1412.7037
1393.9159
1393.6492
1582.8115
1556.9365
1303.284
1578.2277
1467.3705
1297.5755
1549.3997
1046.6921
1441.4288
1549.5374
1486.7629
1628.3142
1460.556
1484.3488
1611.8091
1535.8563
1576.6747
1421.1876
1688.9594
1572.3031
1558.857
1459.1147
1293.4659
1769.2429
1674.5858
1456.8113
1521.135
1552.8241
1362.2233
1598.2692
1706.0316
1565.1685
1487.2087
1639.6115
1733.2799
1555.3397
1386.9549
1629.4222
1492.0916
1639.3238
1462.546
1496.5178
1448.4656
1669.2937
1305.1319
1758.2113
1697.0675
1714.6043
1588.9359
1343.1398
1453.9058
1416.0966
1664.4572
1671.3891
1564.0697
1415.1927
1682.8186
1413.963
1587.2606
1653.6532
1410.23
1383.4591
1470.779
1559.9094
1478.4269
1434.9541
1296.6565
1356.1877
1519.9634
1468.9528
1792.0034
1904.0687
1625.0878
1378.4412
1531.7277
1579.1936
1453.1972
1312.3024
1485.5962
1562.1398
1477.0259
1334.9573
1615.7001
1472.492
1402.85
1181.6925
1304.3879
1381.6113
1748.2293
1553.6907
1485.5059
1328.7624
1191.5141
1262.989
1474.7096
1492.5101
1623.0588
1321.1387
1513.0795
1322.3733
1448.3791
1555.2949
1711.0088
1348.888
1499.8585
1395.2507
1528.0447
1460.3388
1293.8637
1460.9468
1497.943
1597.7217
1315.1226
1520.1047
1646.6793
1695.9214
1539.4745
1233.1072
1196.879
1327.2329
1601.0318
1450.6741
1546.2224
1483.7219
1307.4301
1484.246
1437.6803
1555.9025
1608.175
1497.3432
1316.4748
1410.0756
1485.7753
1480.9446
1304.5127
1355.205
1697.8894
1366.7904
1372.3948
1567.1397
1329.3027
1429.9093
1236.4011
1463.4299
1656.4
1493.2362
1764.2345
1622.1409
1273.3617
1659.0252
1607.4452
1568.4025
1382.6928
1577.9746
1400.1662
1506.158
1255.2627
1603.1264
1463.0024
1558.2879
1432.5287
1697.4637
1322.5344
1377.3605
1224.4459
1355.6568
1493.1041
1352.5815
1313.9362
1163.3911
1222.266
1434.9877
1391.2296
1436.3849
1197.8661
1520.8759
1242.7404
1423.5472
1315.8954
1286.4764
1540.5666
1233.6942
1428.3778
1581.9423
1342.7866
1356.4442
1498.3448
1549.8199
1535.1484
1412.5927
1321.1801
1256.5302
1360.1029
1483.579
1493.1852
1171.6375
1292.2287
1322.8943
1406.1424
1290.0269
1270.921
1358.1121
1579.0696
1661.1746
1556.0996
1489.5415
1495.0906
1345.35
1377.3196
1290.7373
1522.5471
1558.5043
1748.6628
1263.0858
1264.6765
1249.4608
1349.9622
1492.5843
1570.9565
1279.1383
1386.7532
1479.753
1657.0909
1318.2409
1435.6934
1367.5341
1526.3128
1429.7298
1307.6209
1472.3335
1320.3306
1358.3632
1633.557
1521.8771
1558.6577
1464.7909
1588.5029
1436.7607
1521.5742
1455.9937
1629.0272
1490.8604
1481.5563
1562.0788
1761.6511
1785.9465
1566.9895
1419.8624
1696.6177
1566.645
1742.1597
1734.5275
1617.648
1740.6239
1707.4834
1404.2079
1291.3963
1453.4974
1282.7823
1256.2239
1442.4011
1520.1322
1345.6642
1390.37
1580.6498
1433.9388
1466.0392
1427.7062
1438.5152
1486.0532
1583.0534
1345.1115
1428.792
1434.2712
1373.206
1497.0203
1272.5355
1570.3816
1443.99
1621.4423
1588.9913
1254.1603
1443.2783
1251.1446
1288.797
1501.4018
1530.7284
1637.7069
1382.9107
1342.4318
1482.6729
1444.1646
1381.7368
1518.5335
1481.423
1479.5759
1605.504
1654.7189
1497.0367
1659.3312
1691.1917
1365.792
1461.7713
1400.5885
1432.1927
1549.962
1581.9156
1407.7991
1397.3418
1419.5722
1650.4981
1637.5293
1737.663
1445.8394
1550.5146
1445.1029
1531.3857
1371.2721
1334.1151
1863.255
1708.252
1413.3659
1398.9595
1209.4991
1408.3297
1566.1705
1481.6951
1513.3799
1480.0453
1444.4026
1578.2039
1394.298
1658.6031
1660.3018
1387.5611
1153.7296
1669.8477
1573.6789
1585.8044
1597.1499
1705.1748
1472.634
1554.6499
1510.9141
1501.4238
1400.5359
1389.7702
1469.0245
1564.596
1516.118
1408.3361
1551.2825
1253.9979
1426.0797
1349.8684
1285.6808
1426.9234
1505.0027
1404.7346
1503.8804
1658.0778
1362.3561
1719.2907
1429.7905
1533.4292
1543.7994
1566.9723
1658.1951
1370.7612
1603.0226
1397.8328
1556.7919
1477.0492
1470.2614
1616.1233
1523.4242
1487.215
1500.2869
1352.6439
1521.2186
1425.046
1484.2965
1502.1189
1362.4616
1444.6869
1485.2473
1678.4779
1493.1597
1575.9879
1440.4273
1618.0148
1510.0781
1447.5368
1620.2778
1745.6848
1602.5465
1693.251
1453.4239
1696.6901
1619.9655
1451.8389
1416.2157
1238.4428
1433.9148
1337.2732
1640.7893
1708.841
1335.6544
1419.7001
1515.8329
1387.6509
1719.8649
1440.5359
1851.5654
1614.3962
1642.1427
1781.9321
1737.4846
1669.515
1424.6853
1555.6719
1396.2202
1479.1504
1515.9969
1725.3791
1388.3506
1303.1313
1631.3472
1325.8351
1355.6296
1283.6409
1467.0839
1480.0374
1471.131
1588.1625
1479.6871
1607.4267
1727.1189
1462.2318
1379.5044
1655.9312
1628.8565
1612.4356
1672.6095
1597.2882
1560.6846
1461.6617
1384.8022
1599.0968
1637.4585
1393.5044
1342.4212
1187.7993
1232.9594
1450.3507
1439.8194
1307.8841
1393.8277
1464.6342
1305.7473
1651.0714
1338.3642
1666.903
1444.3858
1331.0899
1641.4106
1535.8816
1555.8776
1851.4083
1636.4641
1398.5809
1294.5457
1579.9786
1536.129
1719.7243
1578.2166
1534.4206
1503.2102
1580.7795
1522.2847
1611.9061
1532.7487
1690.9964
1459.6882
1571.5882
1525.2485
1556.2685
1694.4077
1788.241
1589.6634
1398.7345
1476.195
1324.542
1433.0858
1520.3757
1670.7821
1396.5285
1357.2671
1532.2478
1881.4717
1882.3824
1664.6024
1676.1399
1528.5612
1608.2146
1433.042
1552.7358
1363.0244
1391.4491
1714.2291
1590.8727
1518.0794
1672.4442
1533.1297
1589.6328
1755.0526
1709.1651
1671.8329
1574.6503
1608.324
1500.663
1230.6252
1506.9338
1388.2281
1190.7051
1447.437
1477.7262
1563.9106
1720.7023
1763.4955
1479.2375
1556.1455
1493.9565
1365.0666
1379.0159
1536.0637
1363.7912
1584.1649
1407.1206
1412.1627
1494.3906
1440.5514
1430.8705
1491.8945
1570.0935
1479.6234
1568.6768
1182.6091
1632.7809
1336.6006
1356.4349
1304.3367
1458.8097
1609.5763
1551.9911
1390.6966
1386.9525
1476.9158
1435.0411
1648.1202
1426.7794
1600.2943
1348.2681
1596.3675
1498.3982
1416.2847
1657.1169
1515.1361
1529.1537
1186.2801
1212.983
1093.6388
1727.7349
1493.8841
1606.0647
1409.7163
1475.3877
1600.7632
1608.601
1406.8404
1692.0142
1469.6242
1513.5082
1251.6005
1408.0585
1349.1243
1430.905
1442.1837
1460.5194
1620.5128
1423.6422
1623.2542
1819.7521
1659.2328
1377.9918
1426.4507
1377.2003
1533.1155
1889.7081
1641.2872
1419.1019
1372.7072
1158.6856
1459.1661
1183.5813
1428.9076
1552.8055
1297.4692
1601.3116
1308.5539
1372.9956
1488.5376
1715.3752
1479.2712
1582.9108
1635.2657
1129.6353
1647.5217
1430.7581
1781.2977
1609.3009
1367.7954
1297.161
1445.3607
1393.6505
1588.9083
1587.6464
1251.3505
1398.7573
1385.9405
1517.3863
1416.0894
1323.8377
1332.5953
1504.0135
1698.8775
1326.3493
1593.7048
1644.4088
1331.8746
1561.4979
1294.2209
1507.2603
1576.8654
1555.8808
1521.6943
1443.889
1500.9064
1406.2566
1573.8799
1506.7168
1482.029
1411.7133
1239.45
1355.5291
1534.3293
1474.289
1410.5007
1489.5358
1415.4112
1486.5065
1746.2201
1685.8532
1474.623
1469.717
1600.5764
1561.4483
1436.0543
1504.6284
1574.869
1367.2751
1623.1577
1501.7552
1647.0085
1508.6369
1504.6513
1581.9316
1356.1739
1290.495
1544.4698
1592.0254
1463.9944
1534.4738
1403.8377
1685.2448
1636.3408
1483.0034
1403.7101
1641.5451
1273.0166
1704.9672
1755.1315
1320.4978
1523.1423
1569.6769
1351.0674
1395.6188
1705.6879
1657.9942
1666.3935
1816.8989
1608.2935
1595.5368
1905.4899
1723.8488
1449.6123
1557.5502
1470.7956
1482.5012
1278.0243
1642.3111
1620.5805
1555.6807
1321.8765
1377.4665
1347.117
1386.4154
1497.1274
1655.0522
1279.6093
1263.8888
1470.0408
1562.8132
1720.7411
1387.1326
1773.8702
1492.7866
1726.6313
1667.1599
1445.1122
1338.7175
1633.4903
1563.5186
1761.5404
1465.027
1550.4532
1542.1382
1388.2163
1272.3032
1483.76
1588.5559
1657.1735
1669.9814
1632.1105
1556.3432
1541.8622
1632.7665
1440.3332
1470.2098
1629.8884
1363.4242
1340.9841
1175.5419
1401.8447
1432.7255
1550.8268
1584.5726
1613.9186
1575.8713
1263.5538
1091.0683
1466.4396
1465.9453
1621.0018
1637.1345
1529.1538
1325.3647
1252.9324
1651.0809
1469.6746
1531.8866
1507.7897
1351.4643
1278.7424
1359.5353
1377.4601
1179.9833
1602.3188
1489.3009
1452.9854
1255.1001
1594.2637
1630.1844
1532.5925
1441.1754
1353.9992
1511.7801
1477.7954
1382.6911
1237.094
1580.6199
1689.6391
1497.0931
1500.2868
1317.2825
1346.2476
1475.2858
1495.8145
1361.1936
1767.0567
1590.0289
1582.6967
1625.8273
1509.9141
1523.3703
1450.5631
1531.5934
1513.2595
1817.5396
1599.6687
1898.2199
1479.2236
1298.7373
1261.3313
1584.6551
1638.3679
1406.6779
1514.9279
1459.8485
1539.98
1538.6294
1653.1074
1795.675
1735.1064
1425.2073
1467.6867
1384.7794
1616.5697
1623.4463
1419.2315
1814.4983
1785.5096
1623.3363
1406.3096
1238.5565
1429.4131
1706.2071
1639.6139
1451.967
1510.9887
1620.0886
1617.4315
1394.6999
1703.4154
1492.74
1899.7972
1541.8312
1441.4884
1249.9594
1616.9576
1496.1158
1646.5372
1613.0409
1561.1567
1709.9754
1518.5268
1464.3862
1278.9915
1551.7668
1618.982
1568.6637
1605.7755
1739.0306
1507.717
1213.8482
1288.1199
1549.8519
1650.7898
1306.8806
1408.4128
1486.0124
1614.3516
1401.3813
1443.7569
1429.4174
1522.1062
1503.6109
1471.7468
1248.4374
1395.4218
1371.7819
1437.2614
1570.5121
1383.9364
1719.8082
1617.0189
1470.1378
1406.862
1351.7548
1433.2933
1510.581
1409.1341
1540.1308
1521.1093
1262.8529
1559.9457
1411.4303
1736.2655
1311.168
1612.7774
1628.7508
1471.305
1289.3554
1449.8243
1453.8376
1409.2044
1435.7241
1486.9827
1442.2085
1353.1215
1560.9566
1477.2692
1622.2835
1544.3967
1507.7384
1510.3363
1548.5572
1654.529
1412.975
1518.843
1773.2367
1601.9417
1758.6847
1486.5973
1150.436
1514.904
1757.6669
1600.3433
1801.3366
1582.3034
1575.9337
1582.1883
1550.696
1201.215
1574.5974
1573.1181
1452.9367
1621.4888
1467.5312
1834.8287
1539.7099
1458.5059
1612.6371
1654.9197
1493.8824
1423.1963
1551.78
1569.2914
1320.7041
1376.9286
1303.01
1366.9596
1222.9927
1508.2294
1476.4333
1636.9811
1481.2075
1413.5647
1237.8296
1552.7584
1579.1956
1591.1085
1662.1911
1522.1983
1528.9564
1588.3006
1571.98
1531.0478
1420.6929
1483.6626
1606.0907
1754.281
1469.8238
1363.2505
1525.092
1754.1862
1682.7907
1742.493
1682.8702
1513.0761
1533.3917
1694.186
1358.2884
1610.5047
1471.983
1658.255
1785.0948
1627.6329
1716.4676
1306.542
1629.3128
1206.7112
1605.3448
1571.3898
1514.6704
1550.1371
1402.9008
1608.967
1618.7186
1252.1604
1356.234
1364.5023
1497.3047
1420.066
1516.2674
1348.3416
1470.252
1427.6765
1347.4118
1587.9639
1760.0959
1741.9698
1398.523
1251.1271
1511.3505
1454.493
1611.1051
1467.24
1307.2443
1341.8155
1419.5212
1580.6522
1666.2103
1466.8288
1381.7549
1436.5356
1595.9773
1596.5439
1709.6532
1597.1583
1481.5322
1560.6848
1666.6844
1662.4143
1427.5489
1517.6066
1641.9162
1365.528
1415.6383
1291.0859
1806.4241
1691.4772
1733.8653
1181.5893
1269.5104
1308.4932
1382.4694
1477.1618
1611.2431
1569.093
1375.4563
1335.3259
1499.7811
1400.0325
1854.9536
1201.0464
1342.5586
1551.5183
1588.9721
1547.4367
1646.1603
1519.8113
1437.5508
1391.7155
1450.5753
1554.0227
1433.0032
1585.159
1467.5491
1433.8113
1731.1874
1519.5698
1714.3711
1498.0363
1440.9655
1300.961
1483.4859
1455.245
1752.2876
1658.7392
1464.5181
1482.913
1618.2335
1622.4582
1725.572
1574.1856
1423.1651
1444.1822
1496.4523
1400.573
1605.4823
1421.5807
1310.7625
1510.7687
1883.666
1935.8935
1705.083
1634.7221
1443.4794
1515.7096
1588.8847
1608.0542
1453.2605
1445.3635
1529.9572
1438.4842
1539.3322
1412.4028
1628.406
1615.074
1590.1324
1894.0457
1670.0855
1442.1996
1635.2376
1511.6532
1739.0559
1757.1902
1752.3505
1511.6443
1719.0469
1265.831
1537.8742
1545.6886
1423.6925
1414.4857
1355.0343
1439.86
1356.8773
1622.4031
1781.1009
1813.5987
1697.6144
1394.6894
1524.1009
1503.8797
1668.1241
1362.7167
1517.3882
1653.8921
1578.0875
1497.8874
1565.0824
1425.0787
1493.358
1725.7657
1560.23
1806.2629
1595.8266
1455.3768
1548.692
1389.0544
1321.3663
1579.0574
1515.1727
1475.1908
1722.1628
1667.8354
1472.5195
1481.6756
1739.8124
1533.5558
1551.0031
1410.2651
1669.2761
1788.0916
1587.478
1547.4195
1614.4472
1319.4487
1480.5491
1546.6618
1622.9936
1416.5174
1500.8947
1429.6637
1458.0427
1308.3637
1622.4053
1737.2363
1569.766
1286.1394
1457.0347
1567.8794
1312.8003
1676.7614
1665.7794
1529.2399
1606.5978
1754.531
1631.66
1580.957
1338.6103
1395.4689
1691.8479
1384.1157
1623.0153
1291.0398
1489.6009
1377.0959
1582.419
1698.7765
1634.0078
1643.3436
1718.0282
1606.5444
1349.0956
1335.2612
1681.9736
1630.128
1564.9924
1502.0054
1424.0493
1484.6222
1467.7932
1778.9674
1793.4618
1666.267
1501.8579
1591.2811
1433.8019
1407.5135
1454.0057
1360.6818
1408.0791
1264.5161
1485.0963
1344.615
1339.114
1453.495
1587.7774
1232.8718
1642.9159
1273.7334
1380.9646
1419.1136
1246.0574
1474.88
1350.4622
1660.8261
1249.6165
1470.0623
1461.3063
1601.1326
1768.2041
1881.4213
1536.4008
1591.6415
1510.1693
1525.0593
1496.3255
1413.8263
1454.5618
1456.4468
1611.046
1481.9838
1667.3238
1446.1248
1587.4655
1532.8921
1459.2491
1323.5559
1488.378
1203.3302
1628.0182
1601.9736
1569.603
1605.3888
1580.8118
1462.6221
1289.2757
1473.1856
1224.881
1359.956
1311.5218
1514.3601
1457.8581
1564.3624
1254.1017
1332.3102
1479.0159
1523.7934
1405.5351
1420.2149
1400.4497
1278.4772
1345.121
1603.2302
1675.5111
1700.7758
1322.1091
1412.2427
1317.4364
1674.6512
1725.9021
1629.583
1553.2963
1507.6351
1541.9482
1645.9747
1452.1394
1371.4986
1415.7824
1558.4897
2001.4608
1650.2043
1435.0263
1336.442
1444.4508
1361.8561
1537.981
1341.6496
1540.6667
1663.9482
1462.1667
1439.3265
1479.5897
1423.1091
1637.2537
1480.1017
1797.6894
1808.8311
1407.1293
1310.9677
1532.3484
1557.4786
1337.0242
1486.534
1635.5191
1629.4428
1470.1362
1758.0309
1193.1274
1456.2284
1705.258
1480.5624
1396.7861
1415.9074
1647.5426
1351.7107
1281.8545
1486.711
1746.0572
1532.2376
1374.9949
1745.3187
1599.8267
1455.1501
1247.713
1363.6789
1458.1736
1344.4847
1638.9986
1741.4603
1678.5131
1570.4144
1330.9232
1412.3728
1477.469
1611.2531
1544.4166
1413.6191
1471.6526
1423.5758
1463.8491
1788.3048
1587.9134
1412.5707
1546.7528
1633.7793
1656.3372
1664.1294
1593.1753
1822.9934
1612.8484
1487.0929
1585.7055
1503.4509
1870.1757
1621.9133
1806.4723
1747.6844
1546.9943
1595.542
1594.8835
1404.3555
1522.1131
1595.1157
1668.25
1527.6658
1574.2779
1597.8495
1519.8533
1521.5659
1520.8317
1670.0397
1668.2528
1724.5608
1679.712
1615.5187
1566.7505
1444.4182
1731.9062
1827.0184
1618.1078
1745.7022
1540.2045
1528.2312
1495.2035
1556.5452
1664.5527
1616.7356
1793.0276
1665.0302
1850.7854
1530.9492
1590.6453
1675.8566
1499.9157
1608.8141
1677.702
1568.8645
1470.706
1581.577
1517.7434
1490.6102
1400.2159
1547.3357
1545.6937
1398.1467
1514.4715
1337.4653
1362.6967
1396.5885
1646.5266
1547.9609
1633.9802
1711.9087
1815.5589
1748.3848
1873.614
1671.0152
1667.138
1627.6423
1413.9989
1670.9089
1489.9728
1756.144
1572.2937
1652.437
1565.8541
1536.5444
1604.2297
1781.6227
1679.5737
1621.4064
1434.0491
1510.9345
1507.2803
1362.0557
1551.6334
1471.1776
1641.2343
1539.3246
1659.2144
1512.8656
1377.5065
1736.2933
1664.7255
1765.4172
1602.5863
1636.0522
1312.8251
1425.995
1611.6691
1584.5382
1652.4775
1517.8361
1426.8532
1428.388
1451.9247
1630.6806
1640.6028
1624.4976
1436.4739
1486.2645
1631.9366
1507.2812
1657.2704
1599.3938
1441.5977
1400.186
1402.3597
1364.8753
1412.1805
1651.1999
1411.2611
1315.8085
1575.1757
1277.0525
1166.083
1321.3265
1701.2755
1745.6391
1713.3037
1652.4409
1514.0619
1695.1901
1451.6023
1270.7069
1594.2404
1535.3107
1745.3993
1463.6875
1272.0476
1228.0809
1568.9974
1647.1476
1622.0328
1291.6935
1399.4385
1445.6653
1462.5001
1812.0479
1515.7876
1524.3039
1499.7436
1595.3311
1557.0193
1171.1705
1228.9519
1305.9158
1336.7496
1501.9562
1599.8222
1486.2301
1289.9006
1344.1327
1552.6018
1231.0772
1583.7522
1594.3071
1337.7113
1456.6014
1585.8561
1622.6562
1603.462
1311.9036
1615.2335
1436.6779
1626.9545
1432.7929
1343.4178
1140.309
1470.3303
1379.8249
1554.4183
1657.591
1621.1308
1714.3864
1641.5846
1473.5995
1209.5893
1285.9816
1281.5006
1506.14
1603.4889
1553.6461
1504.3193
1376.4589
1436.6597
1378.058
1536.4878
1543.8354
1420.9767
1512.2752
1331.6122
1695.0204
1502.4549
1717.4375
1820.8881
1775.3711
1736.9529
1492.0961
1495.182
1551.5483
1857.1662
1531.3309
1556.8938
1769.6391
1661.6696
1435.5392
1656.4718
1517.1434
1455.8326
1505.6309
1660.3925
1479.7222
1663.791
1771.8348
1567.1175
1685.0798
1614.7553
1683.6915
1628.9509
1691.244
1408.1933
1515.0219
1502.0546
1394.8131
1515.2307
1648.6509
1602.1626
1744.0998
1291.689
1406.6213
1475.4259
1447.6977
1468.5005
1716.9449
1550.1097
1859.5595
1778.0893
1741.7038
1578.4057
1241.8669
1202.2182
1293.6684
1349.8515
1377.8049
1504.4693
1541.0844
1685.5545
1471.4778
1538.6914
1677.3351
1350.9876
1684.4268
1515.0641
1435.82
1590.0348
1526.7975
1851.0826
1799.2891
1394.9017
1223.8498
1382.6963
1484.3112
1284.8225
1606.094
1643.3141
1433.5931
1473.1209
1241.6063
1332.4784
1550.1639
1641.0688
1430.0386
1421.724
1741.823
1829.4873
1571.1996
1681.0635
1637.0026
1520.8764
1773.4439
1418.317
1250.5643
1570.0213
1252.0365
1514.5176
1733.6508
1672.8245
1451.2438
1506.2241
1418.0032
1375.2936
1614.4391
1808.0599
1533.358
1464.611
1148.8854
1498.696
1424.3576
1457.7747
1358.9419
1330.3834
1371.821
1423.4267
1659.5236
1875.8452
1601.4299
1613.8974
1553.1421
1652.465
1485.3745
1623.0926
1546.7826
1511.8935
1129.2041
1591.49
1652.8749
1772.5065
1785.0847
1595.9235
1690.1284
1467.4836
1575.6864
1300.1174
1450.5325
1553.7928
1324.8329
1927.8984
1690.2162
1415.8887
1562.3948
1229.2763
1262.7541
