644.10022
1111.2917
1550.7032
1797.3761
1856.3198
1829.1682
1548.9433
1392.8397
1290.9492
1253.5232
1429.7454
1504.5841
1581.4891
1565.921
1596.4175
1407.2734
1375.5407
1527.5116
1540.5472
1501.5062
1268.4953
1609.5845
1332.6176
1259.269
1374.7025
1712.6042
1603.4936
1618.2751
1487.9986
1420.8365
1292.7411
1123.923
1124.4696
1119.2581
1311.555
1379.1002
1644.9194
1480.0767
1448.2734
1247.9864
1376.3527
1572.9175
1752.4448
1552.8676
1513.0372
1565.5268
1664.2038
1551.069
1518.5761
1277.9638
1587.5304
1575.1743
1788.5619
1641.9552
1729.1857
1304.8303
1560.4215
1361.4268
1470.6955
1672.6458
1663.6176
1667.211
1366.0222
1578.7148
1388.0791
1440.9551
1420.5648
1410.5646
1373.2748
1492.9789
1483.9706
1681.4986
1530.9874
1505.9766
1360.3195
1411.6304
1435.0627
1444.2907
1516.9992
1620.3111
1602.5193
1361.7508
1867.2207
1604.3272
1717.8139
1478.1676
1443.2277
1596.3741
1477.0322
1458.0771
1400.9806
1256.6016
1383.597
1485.6262
1656.1146
1829.7381
1512.1586
1419.1614
1213.979
1194.8676
1361.4504
1646.322
1562.2503
1698.6397
1428.5097
1594.2832
1533.7079
1556.8208
1418.8545
1570.3014
1296.5397
1246.9535
1418.3277
1374.3009
1606.283
1482.477
1483.1905
1493.284
1685.7088
1510.158
1339.0383
1334.7071
1254.8151
1457.8321
1522.1922
1787.675
1710.8311
1660.7636
1638.252
1284.9113
1539.5792
1583.8986
1811.9144
1576.0095
1525.0326
1380.0978
1368.1937
1679.1551
1448.4438
1420.8809
1607.8206
1567.4916
1627.6994
1386.9665
1481.753
1481.1041
1352.5647
1522.6239
1638.7056
1496.4605
1455.9735
1450.8683
1612.284
1588.9908
1517.8342
1664.4739
1575.3158
1511.5815
1599.4363
1437.0748
1586.2783
1539.542
1199.2458
1454.3048
1291.0284
1417.6004
1570.5231
1166.1296
1596.5644
1773.9993
1565.6737
1469.3976
1348.1937
1171.4604
1105.0457
1142.1225
1491.6634
1385.957
1345.7663
1543.6778
1400.2117
1422.8355
1502.799
1340.2052
1329.31
1373.0584
1524.0624
1404.4377
1500.071
1262.3017
1491.7762
1510.2868
1521.8001
1277.1028
1530.0703
1437.7156
1644.6306
1634.8245
1361.7243
1207.6651
1439.2709
1515.5314
1562.3265
1577.9966
1618.2652
1510.8164
1291.2813
1651.7021
1585.1289
1457.8299
1542.6631
1639.4174
1272.0968
1450.8494
1227.9466
1461.5708
1624.841
1531.5096
1602.4305
1441.4767
1509.6628
1452.7483
1384.6277
1285.7355
1335.3981
1504.99
1423.2803
1640.3566
1583.9869
1480.3504
1575.1877
1411.1658
1066.5964
1596.1633
1471.7679
1504.4069
1602.6675
1778.9404
1420.4077
1773.8744
1475.3156
1339.2146
1395.1058
1355.4217
1256.2878
1416.4912
1516.1528
1530.3916
1568.2546
1440.5173
1511.5915
1463.9087
1526.9219
1280.7647
1469.5956
1626.9079
1377.788
1367.4962
1311.6232
1334.5522
1568.2879
1506.7412
1875.9087
1452.3161
1527.2491
1453.5041
1448.4306
1670.6103
1765.4817
1855.6259
1971.8818
1492.615
1435.8194
1285.3111
1383.8301
1568.5967
1545.3401
1676.5275
1700.513
1500.0588
1413.6914
1504.6503
1465.8056
1432.4089
1636.2148
1561.0986
1205.6444
1359.3529
1373.0003
1253.934
1418.8412
1807.7072
1398.2265
1526.2704
1390.7537
1446.8713
1528.756
1515.3645
1649.0464
1469.4427
1335.8011
1498.1009
1269.7053
1318.7956
1463.3658
1341.0383
1344.2252
1454.8647
1539.0382
1523.4873
1586.9057
1709.3613
1251.8812
1357.7108
1491.7365
1442.424
1221.7179
1192.9206
1531.3328
1435.7973
1536.096
1423.9418
1406.1688
1526.4255
1475.6282
1636.4231
1458.8146
1455.718
1321.8942
1443.8061
1374.0312
1440.6234
1358.6986
1269.5455
1298.519
1491.5773
1398.5963
1507.5365
1369.7476
1415.7882
1542.837
1589.6816
1627.3994
1537.7519
1404.7986
1139.7425
1185.0232
1396.8486
1407.3659
1540.6507
1693.1266
1611.883
1609.4307
1418.0891
1429.658
1512.981
1514.6627
1695.3907
1672.4486
1395.4112
1465.7555
1683.8687
1483.9596
1602.4204
1529.0763
1253.4255
1306.9751
1342.9478
1193.4526
1463.6601
1468.7972
1222.8218
1584.0467
1459.6037
1476.2281
1484.3913
1626.379
1718.1986
1492.2593
1532.8431
1731.2234
1476.6237
1610.546
1393.7459
1341.9177
1615.4519
1624.0238
1543.3059
1835.7222
1454.086
1376.5673
1548.0905
1495.8
1796.1748
1723.412
1446.3628
1451.3305
1121.6124
1449.4744
1272.3765
1259.9277
1563.9195
1467.9994
1607.4048
1426.6887
1511.7576
1452.9976
1403.7825
1592.7495
1511.7938
1562.6731
1656.2645
1600.1434
1429.6545
1500.2874
1384.7665
1351.1336
1541.4095
1694.9585
1759.143
1686.188
1523.4706
1523.2154
1418.8965
1560.6315
1506.6407
1690.9213
1675.0015
1433.9874
1547.1542
1427.7933
1380.273
1547.6252
1427.1022
1426.9698
1618.5054
1678.0589
1541.4742
1456.0943
1349.1365
1270.0411
1517.4235
1511.8629
1446.0256
1557.6864
1331.1328
1498.5945
1742.4017
1666.4396
1759.5064
1416.6238
1377.888
1577.4609
1209.3526
1269.2443
1556.0419
1610.1949
1534.6071
1641.6486
1649.5936
1568.4903
1293.612
1663.6267
1445.6418
1514.7317
1821.1849
1471.5866
1363.7265
1640.8573
1622.1795
1630.1855
1937.0182
1577.3464
1368.1731
1560.2307
1254.0084
1522.6891
1599.8829
1455.5336
1402.3319
1342.9021
1290.0504
1455.2391
1375.9923
1500.5347
1916.7288
1611.2023
1457.3514
1202.0992
1460.476
1678.5004
1507.2551
1428.0884
1298.9766
1348.2034
1318.2361
1406.8113
1620.077
1397.0543
1634.0691
1170.1286
1487.6307
1372.5477
1226.6132
1536.3475
1575.4421
1377.3923
1270.8768
1338.0612
1394.9863
1406.4736
1487.4968
1734.895
1353.6545
1247.25
1574.0546
1452.6214
1393.45
1633.8319
1464.1469
1723.3893
1393.0857
1230.4151
1360.4543
1501.52
1550.0785
1717.1934
1417.9855
1361.0997
1301.6287
1362.7002
1370.9348
1952.8078
1428.8223
1574.578
1642.6522
1681.3253
1690.3062
1539.2701
1378.6862
1472.3399
1476.369
1706.2141
1718.3343
1642.7855
1600.3005
1405.9675
1464.6542
1208.1132
1399.4695
1561.92
1372.3058
1262.4986
1340.3632
1512.1827
1502.5053
1509.287
1814.4519
1615.7789
1355.5293
1523.1215
1549.5103
1561.0788
1600.4087
1508.5873
1467.6276
1412.8129
1431.3647
1451.3841
1465.409
1416.4865
1774.4471
1425.1392
1480.5416
1412.2848
1312.9792
1445.2643
1458.4346
1332.5785
1359.5151
1162.5355
1444.1703
1286.9887
1730.476
1569.3663
1755.0146
1453.935
1363.2734
1523.8166
1461.3279
1664.9635
1493.7921
1646.5099
1546.9364
1475.5657
1608.6721
1615.4868
1496.1374
1509.9731
1554.4402
1641.7372
1822.1651
1732.8858
1610.3975
1429.763
1334.0477
1362.3509
1494.4933
1483.1794
1581.7756
1376.9913
1411.8355
1242.6982
1351.9132
1504.4278
1590.9523
1332.1469
1303.0498
1380.7181
1339.8442
1577.6712
1354.4352
1410.6678
1475.2759
1592.5925
1578.6287
1369.0978
1271.5824
1308.5407
1289.5866
1645.2059
1486.8744
1616.6519
1523.5879
1671.074
1569.7782
1719.2893
1728.9777
1513.32
1400.4382
1406.5608
1595.7322
1459.2873
1646.0514
1592.853
1266.9905
1634.8879
1320.3449
1397.7839
1398.6879
1231.1651
1302.7231
1263.5089
1381.1686
1398.2892
1469.2834
1372.545
1589.1131
1456.0281
1524.076
1408.3688
1513.1462
1372.3989
1217.8558
1256.2303
1340.2349
1278.3911
1524.7018
1548.923
1443.5462
1279.4834
1393.6495
1508.2553
1207.6353
1482.8086
1407.784
1462.4571
1441.414
1688.8022
1314.3206
1296.5364
1312.6198
1316.1008
1415.8869
1401.8202
1664.5635
1323.2691
1433.7901
1544.3082
1458.7475
1583.553
1212.9234
1807.9833
1687.1209
1598.0063
1521.705
1705.7455
1353.6768
1633.7975
1541.4638
1217.6971
1506.1708
1344.7225
1759.4179
1531.135
1363.6682
1208.2546
1385.8702
1585.6795
1633.8391
1485.8173
1402.6977
1199.5281
1613.9635
1677.8194
1463.7441
1525.9806
1527.565
1461.5946
1912.2931
1623.1448
1720.5817
1659.4149
1352.5495
1454.3488
1354.695
1533.2316
1321.0561
1430.3444
1572.0083
1502.4582
1508.5898
1382.7648
1672.4765
1690.2962
1426.3045
1448.1956
1292.6632
1308.1605
1412.8847
1299.8358
1648.6695
1575.2052
1644.3725
1565.015
1323.0817
1597.4906
1418.0179
1605.3855
1419.908
1545.3243
1411.1256
1518.1648
1437.3259
1400.5482
1385.8549
1514.2552
1541.6257
1742.3745
1481.0773
1536.6991
1268.3587
1516.8726
1451.195
1484.5677
1508.9301
1518.2066
1277.2196
1492.1073
1416.4972
1284.2311
1596.8577
1713.8095
1497.6126
1359.3059
1381.4055
1362.1804
1323.6799
1603.6723
1623.3808
1455.1045
1389.1902
1563.1157
1466.3408
1526.5022
1442.3182
1617.5815
1711.0935
1998.5599
1470.8392
1606.9028
1405.2123
1478.9167
1654.6104
1568.1385
1536.6634
1549.6439
1321.5462
1525.202
1614.782
1559.6183
1579.4477
1340.2513
1513.6206
1166.4451
1267.2525
1518.5763
1647.3917
1730.5015
1568.3123
1532.9402
1599.3222
1587.4206
1437.6066
1469.7431
1404.2511
1415.551
1853.0423
1514.653
1688.5835
1172.1891
1366.3039
1607.497
1688.7308
1603.6863
1800.2399
1614.8541
1619.3738
1612.8095
1521.3837
1461.2304
1706.1538
1721.0453
1730.8446
1617.0354
1474.7356
1436.5822
1586.1166
1481.3364
1487.5855
1382.92
1283.0369
1188.8288
1362.3743
1357.9181
1486.1136
1416.0813
1554.1094
1481.4885
1509.6112
1377.6627
1592.4712
1591.8215
1417.9871
1619.4039
1525.114
1492.7763
1625.8436
1693.2235
1648.3069
1529.1913
1491.9643
1484.5206
1224.5549
1214.428
1362.8521
1463.9317
1689.146
1514.459
1539.1982
1442.1273
1526.4447
1418.507
1216.8569
1469.4292
1256.832
1487.8369
1408.9822
1498.6328
1561.2754
1205.2628
1410.1646
1362.5447
1525.5827
1407.5409
1603.295
1568.4652
1538.0695
1468.2042
1624.5132
1394.4962
1357.0999
1349.9943
1625.3687
1564.3778
1340.0996
1355.9101
1709.8106
1715.4326
1893.7528
1441.9444
1693.1711
1249.666
1456.9061
1516.0163
1440.3307
1596.6235
1566.8986
1529.1094
1714.6943
1653.7868
1419.2904
1635.1646
1569.0281
1418.3316
1424.5253
1341.6308
1445.3392
1587.4192
1407.6218
1605.2946
1490.3742
1694.8719
1560.3164
1520.6301
1410.0504
1377.6467
1529.7762
1443.6112
1755.2057
1582.1289
1509.9806
1552.9194
1508.8115
1752.9688
1334.5266
1428.9601
1425.121
1419.3785
1472.849
1360.8513
1684.5699
1409.5334
1534.3148
1294.9769
1298.803
1430.1325
1620.4859
1406.1642
1469.7433
1408.9732
1316.8303
1610.4505
1499.8049
1857.8901
1475.4302
1671.7395
1668.0373
1635.6641
1556.2015
1331.4335
1762.6484
1694.9893
1443.5209
1725.7079
1556.4473
1487.6171
1495.097
1579.2016
1499.3988
1464.922
1430.0527
1484.0785
1458.0304
1309.6492
1428.7841
1698.4616
1557.9874
1494.163
1496.5395
1302.7981
1356.2833
1608.9881
1696.2771
1469.2382
1694.2529
1565.6583
1476.7177
1671.5172
1350.4983
1330.5269
1516.8519
1241.9208
1391.3659
1369.8563
1368.2747
1470.4096
1384.193
1385.8788
1410.4507
1433.3761
1533.4211
1492.5456
1396.6984
1390.2966
1602.8844
1475.9965
1572.3366
1358.4894
1596.9969
1410.9743
1394.8715
1380.9582
1450.2064
1467.7066
1200.5837
1401.5868
1173.8204
1561.6768
1437.8816
1338.1374
1398.9887
1297.9445
1494.1492
1574.932
1547.913
1382.9284
1271.7403
1493.9286
1702.9934
1600.4877
1608.3609
1752.3757
1533.6407
1634.3932
1445.9866
1218.1875
1624.5328
1532.9662
1449.0417
1566.9298
1271.4234
1510.6676
1540.4537
1510.8351
1480.9663
1426.4252
1650.6478
1524.9182
1442.5887
1527.2074
1421.3235
1632.3489
1392.1306
1637.9499
1642.8827
1518.2395
1362.5168
1534.266
1286.5057
1549.9035
1048.8324
1383.3956
1659.5943
1562.8183
1579.582
1330.9013
1228.9835
1450.2551
1676.6611
1348.4901
1618.4941
1584.2671
1533.4307
1424.1306
1504.7758
1437.914
1463.7729
1356.8708
1729.5835
1644.3756
1781.0734
1440.7703
1514.0501
1335.2333
1663.3463
1367.8218
1634.1974
1526.4381
1546.1626
1523.4613
1461.1218
1363.3243
1432.6983
1448.0592
1410.6253
1490.2288
1296.6965
1536.1124
1483.2866
1676.0682
1366.7849
1399.6175
1533.9901
1349.4609
1415.4576
1435.7432
1351.5784
1436.4949
1614.6072
1244.1135
1594.6948
1648.3187
1569.7338
1497.6269
1471.8754
1608.846
1367.4208
1417.4758
1386.9613
1575.8288
1653.498
1751.7535
1571.1828
1515.1555
1705.0851
1711.3621
1511.0192
1695.4994
1455.7032
1624.6178
1481.9107
1634.5382
1791.1124
1589.5009
1456.6301
1534.2237
1321.727
1486.9319
1728.1807
1630.9835
1509.9729
1588.1578
1421.2579
1435.0415
1351.273
1454.7963
1592.1321
1414.3621
1417.3178
1732.041
1516.8067
1683.8006
1510.4738
1668.2518
1601.1528
1410.8853
1322.0273
1305.9914
1472.2289
1472.3999
1678.4319
1408.0408
1248.5409
1270.9792
1453.0865
1315.1735
1355.8819
1438.2395
1448.4181
1578.3196
1524.8506
1588.8436
1514.1053
1537.8549
1252.3948
1704.226
1283.5411
1564.1238
1744.5116
1907.6107
1625.98
1675.4157
1631.0355
1689.6889
1210.2736
1326.5196
1511.9414
1333.0628
1321.0199
1577.3392
1667.8111
1277.2829
1457.1638
1500.3487
1508.3105
1386.8249
1373.7477
1407.5762
1575.7387
1406.547
1555.1885
1682.7898
1472.7553
1640.3586
1483.936
1389.6669
1522.7058
1721.4355
1502.6662
1348.7599
1671.1764
1491.0331
1428.9453
1481.3135
1481.2506
1541.1064
1571.4513
1523.013
1212.418
1503.643
1562.1688
1635.0576
1687.4861
1414.4816
1379.1777
1325.6569
1423.1428
1503.8236
1423.3539
1354.4664
1532.0794
1458.355
1719.6924
1381.1739
1308.9653
1406.955
1596.1146
1327.681
1590.667
1464.4358
1867.6812
1389.7958
1561.0668
1485.4874
1341.7998
1398.5658
1306.6131
1631.5742
1681.9906
1583.0062
1406.5956
1429.0357
1350.5273
1631.2074
1623.9096
1516.5846
1446.9489
1352.2747
1757.5854
1402.3195
1339.4492
1544.8892
1570.9947
1345.5292
1489.6142
1685.9431
1517.1086
1364.2128
1499.3308
1595.8288
1699.1883
1771.6285
1438.836
1740.7387
1614.4035
1483.4482
1539.3465
1555.4165
1711.3578
1877.2875
1602.687
1735.4545
1464.8052
1525.4065
1538.8147
1370.4025
1419.1367
1537.3144
1696.7563
1636.6741
1688.2421
1355.3153
1156.2292
1533.3817
1376.6719
1547.7424
1462.729
1544.98
1622.1432
1407.3746
1367.6075
1322.235
1488.3118
1561.4477
1709.7167
1355.4019
1505.2325
1404.2934
1474.5435
1493.2549
1680.9194
1447.681
1567.0176
1604.0216
1393.2247
1483.319
1578.3505
1536.4551
1466.0018
1481.9111
1542.5297
1714.0497
1518.1222
1523.1844
1491.0782
1486.2282
1411.2936
1461.2106
1623.6894
1600.1956
1415.17
1303.9891
1580.1215
1631.0163
1564.0411
1406.0098
1348.104
1362.2897
1490.7014
1114.3144
1534.7363
1353.1514
1288.3128
1630.7844
1306.6501
1199.8245
1359.1051
1580.3095
1553.1334
1644.7293
1482.5442
1460.2807
1203.9961
1311.6769
1400.0165
1639.436
1555.5201
1608.6034
1552.8695
1295.8861
1526.0048
1339.6537
1472.2736
1701.8874
1354.9516
1333.3483
1398.779
1447.6595
1442.2835
1434.7237
1436.256
1803.5552
1604.8155
1391.3844
1666.1567
1356.8548
1479.3392
1551.1935
1784.8627
1359.8062
1360.4143
1345.9668
1231.5987
1517.3813
1405.4749
1628.6109
1433.6131
1658.196
1372.4874
1253.2505
1404.9975
1461.3425
1327.4047
1582.6819
1386.8004
1504.403
1698.4741
1463.5474
1661.3966
1510.336
1302.9083
1469.3383
1253.6083
1575.7972
1642.1672
1373.0102
1376.8934
1517.816
1479.0343
1445.4625
1649.9309
1769.3191
1799.94
1551.837
1560.9451
1446.8425
1512.8845
1592.7185
1889.2004
1247.3706
1546.5431
1705.716
1420.4532
1570.9515
1333.9286
1432.7276
1339.7131
1138.5777
1664.5006
1777.2459
1776.634
1658.9345
1295.7182
1525.6259
1640.6643
1582.4911
1421.1716
1501.7948
1598.0218
1289.6385
1244.7913
1330.6774
1342.1598
1387.8786
1535.4944
1523.9346
1498.1314
1324.277
1642.1868
1640.6258
1667.3825
1398.2805
1217.9086
1275.3764
1209.5025
1448.9572
1506.765
1758.2105
1406.6537
1551.3347
1544.8826
1358.0607
1491.6624
1549.2307
1574.0327
1503.1283
1698.8107
1388.881
1451.3194
1821.7566
1776.3082
1534.3105
1518.8626
1395.8251
1389.5723
1421.9661
1388.7447
1340.5059
1549.725
1404.8673
1448.5328
1479.6449
1201.3654
1359.2043
1526.4815
1549.7902
1469.7243
1239.8929
1467.4166
1658.9814
1287.2483
1565.8778
1433.4701
1521.7798
1342.5832
1583.7275
1589.3346
1432.2903
1500.7837
1684.4168
1462.3923
1431.1035
1563.5532
1651.2889
1506.2783
1430.0116
1584.4267
1442.2818
1592.7183
1612.7487
1598.2469
1680.7233
1570.023
1452.9334
1638.8148
1711.8858
1360.054
1464.3077
1416.5322
1551.1622
1655.1019
1615.2226
1457.0928
1375.7132
1384.8859
1640.502
1472.2085
1943.1876
1672.3166
1584.2078
1583.2689
1643.5091
1457.8217
1595.9334
1402.6299
1675.0518
1674.3186
1402.7658
1600.5072
1615.0466
1614.0021
1485.0195
1462.0914
1639.2173
1575.7552
1365.106
1753.2141
1732.5224
1579.2643
1715.061
1514.1607
1671.6414
1729.2247
1584.282
1506.3413
1912.6836
1766.0822
1729.1491
1650.9217
1256.0285
1345.7621
1485.1565
1681.1515
1413.3804
1436.8168
1411.0165
1341.0845
1532.053
1510.1399
1504.1662
1427.5151
1534.2721
1768.8631
1688.7726
1622.3221
1502.9032
1255.8158
1445.1283
1218.4987
1659.8097
1632.1167
1526.8249
1494.1387
1498.6927
1426.9458
1594.2039
1674.3138
1468.129
1377.6585
1391.7723
1625.374
1819.9071
1381.4369
1778.6679
1475.1117
1173.2255
1385.6115
1701.7245
1563.6124
1603.5594
1364.8452
1385.7822
1264.217
1521.5302
1369.6871
1327.4512
1457.1233
1525.233
1359.944
1616.2751
1547.2222
1851.8716
1529.6348
1426.3252
1434.4913
1496.8919
1409.0097
1425.5104
1467.5884
1739.4999
1559.93
1452.6671
1530.7298
1701.5087
1646.1055
1556.5549
1440.0922
1496.8133
1483.3217
1346.8055
1100.4457
1553.3039
1535.7799
1418.6591
1492.6326
1431.9806
1499.6185
1524.577
1475.7733
1382.751
1219.5012
1738.3198
1524.9258
1326.8517
1548.8319
1457.3041
1520.8418
1469.1427
1489.5915
1498.7238
1643.3297
1548.0294
1721.3746
1428.9391
1646.3333
1481.8723
1497.8546
1420.5762
1719.0814
1428.3395
1550.7488
1408.2378
1470.3135
1517.8869
1629.6774
1569.4067
1508.673
1226.9739
1483.923
1598.7896
1603.1294
1485.9563
1387.198
1701.9345
1489.8901
1450.488
1645.5834
1785.6759
1501.9881
1590.3842
1401.9392
1198.067
1305.7264
1314.731
1418.7111
1416.8685
1554.7725
1515.8124
1528.6876
1418.4712
1847.4757
1304.1391
1118.992
1229.3476
1297.3728
1284.2908
1358.9255
1427.9397
1505.1171
1485.2517
1264.9173
1263.6005
1392.8967
1573.8301
1579.751
1692.2995
1471.6232
1486.6983
1524.2598
1196.7714
1497.3724
1353.5626
1593.8627
1492.9939
1345.3502
1599.3767
1507.7162
1457.5118
1159.54
1338.1702
1581.8716
1592.3278
1676.3778
1130.6019
1308.3865
1702.6941
1721.4704
1506.8522
1547.601
1481.381
1253.3666
1470.4853
1427.9331
1397.4293
1734.4772
1421.634
1404.7503
1463.4473
1475.8203
1523.0573
1538.688
1577.3652
1521.5385
1542.4086
1699.0922
1462.6215
1576.4894
1304.7928
1766.4288
1361.8523
1235.2065
1408.5424
1390.9108
1436.2515
1429.86
1426.7571
1358.3707
1538.5785
1644.5412
1761.5657
1593.2186
1474.3948
1395.3547
1418.5961
1559.6181
1426.0866
1528.7395
1423.8022
1431.1542
1872.5005
1453.1944
1669.4414
1586.8742
1545.9488
1678.8021
1753.926
1740.4668
1697.6347
1737.4371
1492.4883
1338.6288
1455.6865
1441.9589
1553.9495
1430.6894
1404.177
1594.888
1492.2666
962.87113
1539.3934
1477.2842
1449.5985
1486.9688
1414.0007
1681.8951
1662.2861
1460.0246
1654.774
1535.2564
1559.0234
1336.0348
1312.2945
1276.2155
1509.7332
1434.0513
1379.5127
1373.8345
1343.8582
1624.8705
1255.4695
1461.8403
1501.6029
1569.0805
1500.8908
1532.3306
1170.8289
1279.0653
1422.8019
1318.2682
1352.3506
1227.9403
1437.5427
1396.5651
1520.3301
1437.0162
1577.1267
1726.1469
1451.1288
1525.5697
1759.6461
1413.8043
1527.3279
1539.3454
1363.7995
1517.236
1476.1354
1670.5683
1494.4896
1451.6643
1387.4555
1615.5849
1523.8035
1578.6333
1666.7873
1403.9897
1461.7555
1440.7066
1384.8845
1356.5591
1332.2919
1455.8101
1462.3919
1423.3246
1635.4589
1503.3423
1477.8744
1586.3812
1510.1578
1533.8309
1588.8311
1451.3447
1578.7661
1622.3098
1347.0138
1568.636
1616.0071
1511.9224
1250.6559
1418.0914
1710.4828
1420.739
1365.8428
1217.5291
1569.9033
1480.9306
1591.8455
1610.4323
1382.1715
1660.484
1408.0809
1380.8015
1748.4209
1664.8776
1668.0475
1548.7043
1496.6038
1613.6465
1490.4775
1544.2565
1518.3786
1684.3727
1573.4363
1512.324
1410.4887
1320.5356
1422.6793
1915.7191
1645.1219
1480.2743
1614.0783
1579.5821
1679.0172
1633.1044
1754.7121
1710.3942
1730.6687
1403.7864
1391.4004
1312.5655
1444.0793
1299.3401
1235.5375
1192.9634
1485.6124
1529.7665
1231.6786
1239.7706
1574.311
1640.5548
1762.2257
1525.5226
1204.9121
1420.1942
1463.7884
1565.7428
1506.6427
1548.1284
1688.9023
1441.265
1610.1099
1611.2161
1647.9293
1637.3564
1700.7155
1591.9247
1648.6705
1595.7594
1354.1976
1526.5244
1729.4802
1632.4987
1488.2713
1565.2057
1417.5335
1364.3967
1474.5679
1467.8389
1598.0082
1559.4319
1707.0803
1416.639
1545.327
1591.6
1224.9482
1763.0999
1536.5838
1394.8306
1485.5072
1442.9345
1200.9499
1454.6483
1439.2708
1594.237
1615.7569
1703.8404
1338.6092
1279.4678
1388.4778
1479.6954
1462.1546
1529.2383
1521.1262
1608.9306
1441.8235
1670.1858
1313.8536
1504.0211
1444.033
1637.0759
1547.8598
1462.6915
1574.0655
1599.271
1133.9237
1396.5045
1615.5945
1427.1435
1320.8126
1544.2996
1424.851
1498.0488
1456.9819
1365.002
1539.5952
1460.8054
1333.7957
1482.9716
1761.4528
1671.8812
1648.8818
1590.3077
1555.1072
1532.17
1265.1752
1366.3824
1644.2219
1620.2417
1755.2186
1358.9422
1385.2965
1175.4525
1434.0483
1437.8567
1508.6097
1628.7637
1567.3288
1533.7592
976.24383
1501.2022
1338.404
1433.1351
1435.1658
1623.22
1443.9169
1558.7255
1705.7685
1534.6733
1523.1654
1582.563
1653.7813
1546.8109
1542.1844
1499.8695
1612.6511
1362.5913
1563.8485
1500.5412
1505.7523
1669.5295
1504.9595
1449.4652
1518.4065
1616.7087
1316.1692
1501.0779
1415.1829
1646.5383
1234.3408
1413.7214
1440.3369
1632.5997
1414.9981
1168.4413
1306.0286
1490.4456
1543.5219
1494.3957
1858.9617
1667.4486
1687.9376
1673.7939
1566.1181
1427.0325
1672.2888
1600.5941
1734.3197
1437.5119
1554.1203
1400.8469
1607.6155
1483.3403
1497.9596
1652.2924
1496.5
1424.4546
1454.603
1296.6325
1547.0826
1555.298
1720.9504
1591.3847
1600.7362
1648.6529
1728.6861
1324.6603
1488.6983
1323.2824
1518.9378
1597.2281
1615.0401
1358.3465
1421.2862
1606.8968
1594.3584
1482.6714
1722.0406
1726.8821
1571.5772
1421.3159
1616.0159
1187.9272
1482.8973
1490.5222
1637.1205
1610.6726
1683.5178
1713.2551
1227.1464
1205.0255
1502.4621
1381.2017
1586.4842
1576.7426
1713.2165
1634.3968
1245.5635
1312.8514
1297.7594
1505.6998
1473.3076
1416.0488
1318.8855
1370.3609
1129.5547
1356.57
1376.8205
1353.2466
1498.1534
1581.0761
1378.603
1390.7734
1295.314
1375.9183
1687.5945
1550.6705
1594.3272
1202.6611
1443.6705
1574.0188
1452.7271
1551.4112
1598.3704
1630.0519
1432.3315
1804.6092
1501.3366
1647.4751
1532.7816
1365.5198
1419.0551
1380.6312
1180.117
1296.4501
1610.3415
1618.99
1432.3537
1518.2795
1120.5796
1309.1044
1520.8029
1613.2886
1401.2546
1847.0357
1388.1003
1465.9671
1392.9769
1355.7462
1453.6266
1735.582
1715.8623
1587.4962
1539.3507
1504.6465
1358.7751
1629.3038
1559.0332
1705.2496
1361.0439
1470.9651
1586.7864
1562.774
1589.2018
1508.2747
1753.8962
1754.8633
1620.9696
1579.1509
1589.9551
1430.6522
1506.6504
1443.9763
1460.9047
1352.4739
1494.5893
1575.131
1550.794
1425.2195
1460.0055
1235.4395
1521.8992
1837.032
1714.9382
1598.9666
1711.7765
1476.0264
1294.5448
1473.5165
1332.9441
1638.8503
1684.5264
1526.5746
1636.8833
1442.1804
1742.1799
1308.2899
1601.3546
1478.4853
1465.9326
1553.3078
1684.9588
1548.8281
1341.5357
1360.213
1505.0714
1420.9081
1404.7002
1465.2309
1502.2524
1284.7782
1670.1743
1535.2675
1806.4796
1509.4442
1531.6168
1597.7499
1290.3834
1474.0078
1423.48
1487.0288
1290.7593
1503.7494
1445.3379
1522.7586
1604.2684
1603.8004
1557.0155
1673.8571
1564.5892
1542.9078
1626.1474
1638.9105
1546.4083
1773.4255
1524.123
1280.9196
1503.9132
1540.2667
1505.5831
1365.2482
1408.4526
1452.7318
1398.1625
1481.3935
1450.7675
1534.8351
1426.5871
1598.8042
1437.0784
1414.6016
1280.4269
1427.2073
1406.0644
1561.8825
1624.4846
1337.8682
1666.1575
1583.4705
1548.296
1281.3963
1307.9645
1411.7803
1554.7123
1370.7547
1692.7171
1605.6151
1441.3265
1585.9139
1396.3337
1565.6397
1495.1531
1371.5521
1552.1615
1261.3126
1517.404
1370.8064
1628.8877
1348.843
1552.0375
1331.5002
1281.0532
1432.6093
1572.997
1567.3599
1466.2491
1542.8023
1637.3928
1378.5556
1476.0881
1446.712
1694.9416
1588.6599
1804.4377
1353.4112
1388.0905
1524.7913
1429.1034
1560.0734
1309.834
1583.9975
1560.525
1479.8724
1330.9197
1524.5066
1639.3779
1614.0396
1526.7818
1469.5947
1615.2417
1677.9491
1589.3425
1506.9105
1317.4559
1442.8142
1526.5295
1655.2791
1674.0807
1644.0808
1806.2833
1675.8675
1589.5419
1550.6267
1454.7845
1534.6971
1294.418
1524.1884
1792.2796
1620.9862
1553.9401
1487.1504
1634.2735
1588.553
1548.4723
1653.2966
1426.0323
1377.4016
1259.3109
1564.9517
1533.281
1366.4667
1434.0322
1387.0296
1502.8995
1657.4625
1548.181
1579.9842
1276.4976
1392.2843
1445.4954
1599.2172
1723.173
1791.8887
1577.4906
1529.5579
1332.0958
1709.2354
1741.3821
1578.001
1362.5614
1673.4306
1538.1363
1657.713
1425.5655
1480.509
1796.3034
1678.7268
1432.6116
1850.7363
1563.222
1463.9828
1620.1164
1393.7776
1639.4104
1489.208
1638.117
1544.7517
1403.3206
1493.1647
1576.0598
1361.5246
1586.8908
1617.7069
1702.5641
1377.9172
1481.8496
1524.313
1542.116
1481.5546
1641.6545
1742.8674
1677.7477
1477.7089
1652.0047
1498.2862
1422.4162
1528.6516
1427.0278
1423.7605
1321.0373
1488.8457
1752.9992
1550.5829
1665.5871
1536.9875
1439.4833
1447.2372
1627.4348
1567.9098
1956.4386
1609.9585
1555.9074
1511.1548
1690.8484
1542.2137
1614.415
1450.6951
1626.1694
1398.474
1508.7058
1702.8164
1432.9582
1568.5838
1577.3277
1496.246
1496.025
1448.0335
1539.886
1566.6171
1746.4718
1693.9517
1538.1455
1441.5342
1501.1787
1543.0015
1755.1358
1546.5796
1701.8859
1394.1118
1597.6005
1509.0978
1469.9328
1357.4867
1533.1346
1553.0704
1553.5195
1449.0337
1386.8037
1365.4628
1552.1805
1464.1929
1630.751
1685.4294
1520.2279
1600.3159
1413.2427
1160.3043
1569.5876
1411.5756
1608.2213
1620.4895
1482.629
1670.6156
1575.0058
1431.7448
1367.2199
1433.326
1455.0848
1429.9911
1600.0866
1464.5456
1459.4051
1493.634
1486.9692
1428.2517
1572.8981
1559.8824
1467.0517
1624.1839
1706.9442
1459.0327
1430.3573
1620.0044
1333.8938
1541.4193
1572.5066
1537.0744
1786.4058
1545.6025
1523.3369
1606.0756
1732.3512
1469.9823
1476.0697
1672.702
1731.8215
1703.8252
1478.9483
1434.1428
1611.985
1491.9135
1522.6964
1258.7183
1463.3128
1614.2004
1682.6385
1779.1584
1738.3773
1722.0782
1576.7458
1875.7538
1605.8137
1398.1663
1573.2439
1659.2968
1589.8111
1530.2236
1446.2787
1471.4159
1446.7407
1244.853
1683.1422
1555.5681
1543.1519
1434.8744
1401.8321
1544.2479
1580.6407
1475.4774
1500.6481
1575.8443
1709.6204
1627.1145
1482.5941
1697.7022
1504.6437
1591.9694
1470.0874
1522.1274
1288.4062
1233.5354
1457.2186
1440.5433
1508.0131
1624.993
1646.6154
1571.7402
1353.9865
1623.3887
1456.9197
1546.0809
1652.0726
1503.4648
1512.5361
1661.6964
1435.5365
1597.5367
1490.8874
1422.2302
1184.2267
1172.6571
1550.8788
1507.052
1442.3323
1439.0352
1450.7648
1384.1989
1550.9422
1554.6038
1670.1799
1552.7892
1562.5111
1402.0792
1520.5804
1581.1357
1251.8074
1469.987
1817.7388
1620.0853
1677.1335
1446.6523
1295.4673
1336.3058
1659.9759
1662.129
1422.9692
1615.4747
1502.2461
1446.8854
1690.1715
1307.7761
1530.7179
1622.9739
1460.1672
1495.0364
1344.3829
1478.6716
1477.8132
1247.3756
1679.4992
1530.878
1623.9138
1571.0663
1438.2144
1364.5852
1613.3248
1567.4964
1433.4358
1553.8618
1463.2476
1386.5813
1535.3079
1409.8064
1360.562
1530.821
1577.3979
1760.2438
1840.4876
1563.0174
1552.8976
1393.7027
1243.207
1436.9857
1680.2521
1655.571
1425.4447
1509.3426
1491.368
1457.2328
1648.0164
1543.1101
1480.7306
1439.5911
1447.4474
1646.4388
1557.429
1355.4417
1218.5872
1448.7435
1449.4994
1405.4822
1694.4812
1604.8586
1528.7576
1420.8027
1618.9731
1416.9995
1421.3197
1759.7121
1564.7429
1584.1446
1459.4773
1555.8506
1579.0687
1533.9979
1469.0085
1534.0945
1562.5266
1569.0685
1722.7513
1738.353
1483.5315
1462.0492
1279.1983
1316.2026
1612.8576
1556.1579
1743.8434
1467.6741
1540.6648
1203.0727
1482.5731
1507.8166
1496.1679
1594.4292
1400.469
1593.4683
1212.0014
1489.5298
1507.0413
1465.0694
1706.9828
1449.162
1552.2917
1291.2293
1463.7417
1305.4294
1440.4093
1380.8764
1498.7107
1503.9129
1423.4438
1567.8854
1481.6404
1424.2413
1347.9527
1707.0298
1615.9219
1645.6985
1491.1673
1611.4183
1522.9463
1396.0405
1526.2415
1649.1399
1185.3166
1234.1783
1478.6244
1256.7459
1399.0908
1544.9702
1450.7408
1291.0324
1540.943
1381.3534
1673.9553
1537.464
1527.2122
1554.6798
1501.4875
1426.311
1523.5735
1369.8145
1530.5324
1423.5664
1208.9725
1485.5294
1455.6398
1527.1563
1509.1376
1557.8868
1512.8233
1275.2588
1540.1705
1546.434
1488.6103
1440.8804
1582.6099
1550.3324
1382.985
1708.011
1724.8078
1621.2445
1607.5671
1613.3504
1504.9924
1534.8038
1799.6144
1594.9615
1610.0492
1577.4814
1567.589
1559.6414
1360.0317
1568.0806
1326.0707
1261.344
1371.9331
1527.056
1655.6763
1716.6511
1470.0877
1303.6587
1266.5755
1578.9205
1507.6523
1501.6131
1291.6248
1288.8835
1584.9643
1655.4175
1378.9785
1383.2201
1567.8913
1483.6712
1624.2763
1265.5485
1480.2451
1463.7649
1508.2916
1837.0845
1611.8619
1605.4184
1658.9073
1459.7614
1261.7688
1425.2669
1342.8642
1386.1992
1376.842
1502.6909
1603.7558
1600.1298
1497.135
1311.6154
1352.1373
1479.7188
1798.0482
1657.6909
1466.8594
1537.9306
1502.6236
1443.8467
1569.0901
1369.9866
1405.0479
1516.3895
1516.46
1414.4395
1654.4774
1374.7591
1547.7273
1558.9692
1713.9421
1804.3823
1581.199
1498.8545
1429.3979
1695.3538
1545.712
1385.8847
1478.6676
1455.6861
1560.2633
1541.3465
1629.9469
1538.4807
1562.5069
1605.7728
1642.2105
1369.0706
1443.7349
1462.7012
1501.668
1573.597
1511.3604
1786.146
1734.5929
1468.4818
1500.1574
1400.8407
1463.864
1387.5022
1800.6723
1869.3932
1756.766
1400.7637
1394.8804
1285.2048
1606.3954
1557.2749
1713.7687
1637.719
1492.5661
1548.4338
1229.411
1370.0094
1625.7727
1560.7042
1353.3166
1399.6973
1482.9601
1605.8979
1719.9474
1777.0924
1440.5251
1634.5948
1584.3433
1583.8988
1488.9617
1311.5662
1380.4618
1422.2774
1483.2657
1583.2737
1444.2121
1657.4795
1486.2722
1633.8356
1562.4066
1637.0605
1652.1469
1683.0528
1425.4503
1199.8749
1498.1745
1629.6785
1495.8702
1399.6937
1450.439
1483.4303
1303.9208
1356.542
1333.8112
1267.0705
1351.4642
1315.8986
1550.7127
1458.6885
1495.2609
1523.3583
1539.922
1368.3007
1599.666
1559.831
1699.3716
1270.3235
1361.07
1627.9581
1400.5849
1213.4584
1446.1962
1297.0798
1538.4652
1461.9885
1371.8099
1530.0888
1703.9172
1465.7224
1580.7311
1329.1203
1430.5286
1409.1988
1625.8052
1776.5029
1563.1271
1548.3307
1462.0514
1383.379
1298.605
1514.7607
1290.9653
1412.9275
1167.9793
1467.7823
1325.3628
1401.2003
1484.5385
1591.3824
1524.8111
1526.7531
1408.3088
1452.4853
1330.1919
1427.978
1546.8636
1392.2356
1434.2623
1373.0988
1663.2656
1576.0608
1487.0035
1353.535
1500.6431
1482.3528
1537.4294
1409.8591
1538.7401
1579.931
1684.357
1410.8852
1411.0561
1606.7477
1283.9526
1825.5344
1407.1775
1560.1281
1344.8967
1304.1326
1634.6846
1534.0261
1548.4395
1473.3916
1397.5285
1675.8023
1828.372
1630.1886
1475.816
1417.8608
1485.355
1533.1959
1694.5485
1579.6679
1627.5968
1609.083
1495.1929
1578.9555
1371.4444
1460.503
1685.0935
1342.0562
1701.3477
1544.5169
1457.0697
1581.4624
1831.0473
1494.4846
1574.2764
1194.1802
1336.672
1413.2328
1427.1958
1435.2312
1166.4448
1392.0524
1087.9657
1574.3127
1589.211
1472.8042
1759.4096
1355.1725
1440.0598
1492.6639
1363.0661
1781.3231
1843.65
1652.7899
1685.1771
1457.5289
1291.6222
1643.5993
1609.5131
1710.0215
1590.5679
1576.8626
1567.7874
1367.5224
1352.3494
1365.9236
1648.9309
1738.1555
1708.6835
1674.639
1511.5782
1656.7365
1764.1119
1624.1063
1655.7879
1471.7239
1639.6601
1403.9809
1431.0946
1659.5028
1509.5646
1732.2713
1583.2959
1481.2286
1575.2636
1323.8988
1453.5977
1676.0695
1793.5501
1485.2255
1480.8477
1332.8821
1358.4122
1353.0553
1494.0684
1743.3353
1585.4424
1719.1802
1599.6659
1389.5256
1520.4146
1490.7656
1481.7421
1423.5179
1457.528
1539.2485
1419.5556
1415.5782
1449.9846
1298.4861
1394.9435
1557.7341
1475.6273
1416.9607
1647.755
1386.0495
1425.982
1498.5488
1312.1471
1331.184
1639.3509
1456.1713
1395.6718
1569.4226
1668.9151
1596.5448
1460.8971
1251.7329
1367.8641
1365.7056
1452.5009
1539.1321
1386.5236
1249.9496
1486.3019
1381.6688
1291.0408
1586.5795
1630.9226
1428.1866
1448.3528
1646.8123
1588.2645
1615.9374
1451.6418
1775.8252
1613.1236
1520.2597
1478.6047
1629.8895
1568.8064
1471.8029
1380.1506
1361.5277
1371.556
1471.8817
1410.2637
1469.3697
1666.4303
1611.2224
1379.3132
1586.093
1464.4447
1521.2004
1312.5362
1467.8227
1386.1711
1366.9255
1184.7411
1418.6119
1496.7032
1476.9082
1735.6273
1515.3982
1385.2126
1403.9728
1533.4613
1533.6699
1597.3592
1501.6428
1421.3343
1613.0236
1338.4178
1580.9428
1438.5775
1341.3396
1116.2916
1399.6857
1720.3538
1603.6678
1572.6762
1435.9366
1366.6181
1193.8041
1589.9337
1840.1837
1626.8063
1671.0156
1790.4165
1615.3817
1562.2723
1719.9347
1548.6153
1475.58
1525.3591
1436.6324
1363.7447
1447.7438
1472.912
1552.9358
1752.9819
1638.0764
1468.9464
1403.0273
1572.7587
1452.6517
1533.2472
1289.4419
1528.1464
1548.798
1581.4488
1402.2415
1519.1214
1172.2087
1548.5188
1628.1769
1479.5196
1267.8973
1760.5675
1458.6084
1507.5879
1579.2063
1633.2697
1541.6946
1562.5575
1536.2311
1526.2183
1674.4547
1451.2102
1636.7686
1453.3171
1440.6244
1651.1685
1576.3209
1248.9898
1346.5061
1418.3698
1610.7824
1719.6342
1536.7047
1454.4783
1535.7706
1421.0549
1436.7941
1429.0105
1474.9789
1479.1689
1610.011
1374.7848
1595.0243
1788.8554
1541.982
1589.3839
1603.1162
1592.3895
1529.7368
1409.9443
1631.5148
1530.6358
1453.4118
1731.2918
1319.0134
1508.2071
1380.1591
1730.919
1458.9742
1554.6752
1463.2304
1171.7369
1384.6278
1486.3709
1445.6759
1724.4381
1465.0963
1568.9128
1631.9798
1777.1207
1421.98
1484.2089
1483.7929
1484.0953
1526.3625
1534.0649
1515.6834
1495.0191
1626.2043
1810.6577
1602.5029
1307.2257
1429.8281
1401.0835
1629.0391
1553.8813
1355.0478
1371.3037
1580.9422
1303.3131
1372.7464
1767.919
1408.0399
1440.817
1273.8009
1422.1529
1593.2825
1505.6865
1777.9797
1511.2884
1497.3168
1147.4176
1446.5084
1370.0407
1312.4014
1590.6757
1471.4744
1406.2455
1657.429
1589.8927
1254.9061
1416.9757
1450.3664
1087.4415
1347.433
1376.0877
1408.1026
1316.546
1244.2125
1306.1347
1363.3647
1475.0205
1372.0441
1318.2181
1278.3083
1403.9855
1622.8374
1415.572
1331.2084
1248.7733
1514.6655
1381.5753
1443.7826
1244.0044
1065.1076
1359.2021
1416.7215
1699.4269
1582.8224
1289.5029
1353.6538
1630.5945
1643.7131
1719.5109
1306.4643
1368.3812
1510.8173
1500.9848
1471.4375
1569.0635
1300.5924
1320.7859
1373.1717
1622.9059
1332.4633
1409.9487
1323.779
1558.3293
1395.8628
1463.1593
1385.5215
1579.8857
1372.8362
1755.2647
1299.9314
1521.6202
1329.3299
1423.5353
1351.9766
1664.367
1634.6316
1457.7115
1355.4631
1469.4992
1633.0019
1238.9377
1540.9083
1363.538
1580.9768
1588.5068
1406.0504
1332.0801
1543.0668
1830.5366
1435.331
1479.8479
1450.6749
1397.612
1447.3067
1335.5537
1560.277
1434.6677
1632.0911
1471.6451
1275.7759
1384.921
1699.8702
1504.3201
1262.5207
1361.1278
1792.0894
1473.8391
1698.6276
1535.2425
1555.8364
1577.0762
1496.715
1490.793
1484.4947
1542.5464
1658.8414
1411.6847
1476.1114
1459.6764
1374.6192
1479.8344
1523.0313
1472.5441
1603.4899
1594.3939
1735.2559
1503.0264
1492.3445
1807.2584
1495.7425
1665.3233
1354.2291
1640.029
1432.3896
1389.1441
1405.9934
1611.4824
1260.3768
1462.9217
1551.3821
1576.1078
1592.0151
1758.8102
1532.7258
1486.6059
1480.0772
1334.8302
1286.439
1366.6468
1418.9217
1464.8187
1372.9189
1587.8532
1703.0607
1469.3217
1468.5865
1391.2227
1299.0203
1464.0998
1459.1517
1389.2221
1539.27
1455.3066
1250.8761
1311.5135
1417.086
1414.9291
1399.7871
1428.9201
1325.4816
1307.8264
1561.3167
1231.9691
1539.7189
1415.5167
1474.6851
1555.4786
1535.2242
1376.6222
1213.8378
1453.2861
1447.1998
1779.2697
1443.242
1310.3961
1590.1084
1761.1152
1587.274
1642.9219
1456.7922
1471.9839
1313.1036
1349.3083
1473.0347
1471.2278
1645.2047
1643.7683
1501.1538
1405.4907
1463.8722
1563.8773
1364.9786
1214.4888
1182.2161
1193.0537
1417.9819
1236.1454
1373.5642
1399.4369
1417.449
1242.7156
1148.1482
1469.6708
1169.5635
1347.4989
1392.6821
1304.7565
1283.7204
1394.2717
1536.9061
1463.103
1603.8497
1608.4329
1566.5391
1559.1439
1366.9454
1491.1155
1572.9361
1717.7373
1659.2682
1346.3605
1208.7973
1482.5101
1421.1861
1375.729
1657.5926
1251.7078
1553.8191
1595.7865
1427.2313
1479.8542
1314.7812
1521.15
1133.5939
1427.6407
1128.8527
1235.6709
1552.6355
1593.6928
1506.0536
1334.4451
1276.4908
1242.9284
1412.4091
1240.2861
1238.0237
1210.2276
1242.9363
1427.4243
1587.6899
1225.3849
1512.6025
1090.5116
1268.4999
1212.7195
1356.312
1419.0246
1610.4039
1380.448
946.42985
1303.6349
1483.6519
1384.3497
1096.1779
1345.1178
1171.6306
1205.2772
1528.7326
1420.934
1375.2238
1461.8004
1297.4453
1192.0651
1301.1763
1114.3685
1629.9945
1725.1101
1639.5475
1353.6076
1570.4186
1461.611
1309.8884
1408.5616
1581.3182
1417.2446
1741.4688
1475.5877
1595.0094
1508.9011
1244.3405
1489.1656
1454.6671
1423.1598
1267.495
1352.6993
1375.9511
1146.6558
1309.0003
1732.7246
1348.6877
1453.1532
1318.5087
1529.4491
1333.6519
1359.6538
1466.9011
1551.2607
1494.8593
1555.3678
1395.194
1745.7726
1431.1475
1642.2204
1395.7856
1662.5809
1374.4216
1457.2749
1498.3907
1559.4996
1748.6946
1499.5109
1533.1985
1413.7467
1412.5368
1579.7832
1439.1354
1162.8285
1618.193
1434.7308
1458.2382
1395.305
1306.4122
1294.8513
1308.727
1492.5721
1333.0066
1672.2918
1485.2856
1470.249
1670.2798
1768.8259
1468.3848
1368.4147
1513.4941
1472.7498
1504.6203
1550.9596
1597.6838
1716.4607
1328.8943
1541.5838
1614.4225
1716.4975
1480.7299
1335.4972
1573.1406
1642.3106
1693.7264
1425.8591
1607.4518
1324.135
1458.7658
1298.3874
1498.9019
1520.095
1598.9363
1362.6871
1296.3554
1518.6865
1611.7519
1449.1792
1434.6835
1406.6768
1565.0188
1458.8352
1450.763
1359.4784
1567.2671
1617.2832
1491.7351
1629.7214
1777.3947
1497.9879
1439.504
1505.9101
1369.4062
1645.5781
1383.8945
1811.5072
1640.183
1659.2208
1515.9699
1749.9486
1580.1617
1489.5212
1760.3261
1910.4709
1629.5857
1268.8259
1376.5242
1410.6461
1490.7038
1569.5441
1666.5018
1248.5738
1686.3389
1587.9179
1463.8185
1389.929
1474.3674
1218.1299
1421.6908
1349.7817
1474.9401
1563.4025
1272.8867
1496.9742
1385.5084
1557.6297
1456.7856
1122.472
1604.9281
1480.5843
1212.7344
1433.5013
1647.281
1700.7541
1559.181
1475.3116
1576.9721
1630.0549
1450.2571
1473.2301
1803.4757
1610.3624
1653.8693
1700.369
1540.8971
1649.1233
1282.0028
1666.9674
1431.9966
1369.221
1628.5938
1515.3105
1589.3926
1531.1202
1608.3285
1408.1816
2022.8659
1488.6458
1486.5256
1711.4868
1539.7393
1502.0306
1587.2134
1254.1324
1265.555
1251.9316
1100.9208
1494.1817
1486.754
1599.4552
1331.7956
1541.3355
1236.7928
1346.0445
1573.4847
1565.9449
1557.41
1228.3313
1226.0455
1358.1789
1589.9181
1517.7619
1594.8929
1672.5996
1349.757
1585.7272
1401.214
1347.131
1554.315
1461.6677
1465.9587
1248.91
1492.2675
1363.6313
1667.8201
1550.2311
1404.9579
1400.1174
1384.1075
1397.0912
1428.9073
1611.2305
1580.4896
1485.1862
1640.7015
1508.2141
1372.6013
1746.7891
1528.0069
1489.6255
1545.2129
1668.7035
1465.3874
1671.5069
1430.8474
1674.6003
1266.5361
1221.2938
1341.5909
1558.2304
1749.1915
1596.7339
1774.1735
1481.1735
1419.9481
1389.3628
1763.3811
1609.4178
1687.1365
1792.8978
1602.9475
1149.1111
1492.4581
1567.2857
1326.7904
1575.0925
1481.2942
1466.4819
1690.7967
1479.9705
1503.156
1387.5202
1240.26
1228.7156
1392.5696
1718.6187
1759.4061
1539.3254
1524.353
1459.8178
1545.0035
1635.2913
1501.893
1629.0151
1525.2011
1546.0256
1643.8011
1480.5433
1556.5587
1736.0234
1400.8994
1662.7666
1676.1523
1703.6788
1520.2442
1572.3526
1400.8613
1358.3568
1684.8607
1762.487
1419.9988
1679.0988
1431.6113
1464.1932
1574.0969
1555.4387
1629.8821
1675.9405
1526.2401
1433.122
1402.5084
1461.9365
1312.3224
1525.3323
1636.4977
1465.0149
1522.4177
1479.4255
1643.4218
1493.699
1427.4436
1623.9733
1586.0285
1665.3505
1544.4522
1414.4108
1360.4282
1306.1001
1416.8033
1831.5406
1514.1943
1481.9512
1448.7345
1358.9888
1619.1472
1347.5636
1577.9979
1526.9983
1421.1955
1401.8357
1407.4003
1523.7293
1455.0565
1131.7929
1409.3702
1292.6389
1303.6177
1457.2795
1359.4844
1531.5792
1441.9972
1242.5366
1642.4162
1456.7466
1537.1105
1512.5191
1694.2804
1410.6726
1634.0414
1656.9292
1849.183
1541.8172
1586.4494
1591.0725
1588.7383
1523.035
1525.5237
1676.0832
1587.6064
1522.9136
1535.7963
1308.2755
1406.1714
1267.3899
1453.9293
1708.1785
1516.1563
1233.9069
1572.9706
1212.3084
1523.8088
1412.8899
1674.0745
1432.4431
1300.8735
1383.9406
1498.7189
1689.534
1829.4507
1538.8988
1795.4733
1602.0103
1565.7873
1306.7425
1620.6689
1261.9358
1237.2992
1471.5277
1427.438
1395.9334
1522.2762
1394.5831
1368.8463
1565.4924
1374.4505
1472.5544
1559.907
1446.812
1632.1446
1338.7847
1634.7177
1354.9098
1557.1331
1479.2865
1598.3134
1705.8762
1591.5205
1496.1988
1531.5635
1422.5324
1652.757
1496.9371
1364.7824
1416.6879
1516.3188
1748.1045
1498.7212
1384.51
1490.2913
1219.4392
1275.6444
1541.0168
1370.3655
1713.9204
1435.8984
1476.8072
1315.9195
1410.2597
1472.255
1364.6552
1356.3223
1583.7442
1368.2547
1423.9712
1272.0704
1475.7454
1378.5944
1435.402
1403.0186
1490.8058
1327.5657
1354.2239
1313.6121
1146.6307
1510.2022
1305.535
1272.2469
1377.0938
1735.9662
1481.7409
1719.998
1368.5864
1511.9505
1287.2918
1164.2001
1499.3007
1715.3726
1529.7623
1252.8525
1288.3638
1706.1272
1317.7489
1395.981
1270.5991
1213.7412
1558.2675
1450.5771
1380.1042
1384.0257
1236.3601
1179.5681
1462.5833
1382.3402
1219.0605
1319.1578
1327.8248
1416.199
1438.1698
1412.8777
1474.8093
1615.2556
1442.8007
1376.8902
1526.7901
1388.7177
1509.4155
1487.8689
1427.1071
1426.6333
1495.7787
1438.9556
1621.8632
1409.0788
1681.363
1451.0876
1298.5925
1499.0808
1443.9034
1330.5113
1479.3083
1318.6005
1653.2892
1442.4899
1477.4966
1613.0033
1486.9664
1492.1963
1539.4354
1330.184
1429.234
1326.345
1768.2807
1596.4794
1811.3225
1751.6223
1526.3041
1701.2344
1689.8513
1709.2442
1588.0729
1576.5709
1343.8871
1316.4673
1695.1212
1504.9322
1466.8279
1670.0275
1380.0548
1422.4736
1583.3216
1487.4952
1569.9298
1655.3862
1518.2903
1432.6568
1406.4915
1394.9199
1673.3264
1344.9539
1177.9258
1620.173
1580.9509
1532.7124
1330.4402
1359.8793
1268.3213
1386.9528
1739.9278
1376.8783
1292.2716
1404.3129
1595.2077
1460.8535
1397.2583
1486.0287
1539.5495
1495.3586
1673.5064
1481.6214
1460.4204
1508.7986
1539.8745
1383.0212
1394.4199
1596.1473
1245.0925
1589.808
1531.2499
1550.3813
1661.4199
1695.9733
1535.8014
1565.7517
1595.8051
1590.6671
1606.2492
1402.7039
1606.2154
1357.115
1528.3226
1291.5061
1308.1163
1564.0432
1443.7267
1350.4032
1518.4637
1372.903
1511.9398
1288.8281
1538.0085
1762.3999
1381.1358
1455.4615
1449.5157
1498.4136
1525.3626
1507.0647
1590.8037
1428.3573
1636.9512
1370.256
1343.045
1606.6306
1539.0286
1374.1735
1289.4178
1264.8889
1649.6332
1811.5684
1634.2697
1548.7127
1322.8279
1224.6341
1231.8793
1507.3387
1433.2075
1632.743
1529.8916
1628.0328
1789.3507
1789.5675
1571.751
1482.1528
1384.8732
1761.3085
1800.847
1406.7712
1577.9142
1606.6657
1522.9373
1566.5089
1525.5733
1353.4634
1596.2306
1815.9193
1493.5857
1448.4745
1632.4497
1731.7022
1645.5166
1533.5552
1497.4019
1555.692
1732.9066
1607.9279
1730.6002
1660.6529
1526.9229
1511.1053
1600.9065
1589.85
1574.7531
1576.219
1819.7583
1461.0174
1699.0685
1684.4428
1584.1909
1424.6959
1630.234
1683.3499
1784.3711
1498.068
1474.3751
1316.076
1354.9597
1247.9216
1508.9937
1422.9824
1626.6992
1704.0762
1666.3711
1564.4521
1590.7512
1624.8508
1490.3724
1488.5512
1714.998
1278.0403
1428.0108
1711.2009
1472.6312
1704.5251
1127.5631
1488.7412
1274.7308
1585.9004
1672.235
1494.0373
1614.2358
1456.3892
1523.6155
1548.4644
1699.1843
1672.7184
1339.1344
1373.6845
1605.275
1660.5459
1552.4454
1472.108
1216.0982
1430.8165
1666.8288
1685.9291
1600.955
1623.0474
1341.1817
1525.4207
1370.8784
1862.2301
1470.8094
1695.6813
1600.7694
1746.8954
1656.3332
1706.1924
1623.5455
1514.575
1373.9242
1639.0023
1217.6003
1376.417
1403.225
1679.2591
1548.9182
1570.5016
1466.4918
1385.9217
1425.3055
1594.4514
1868.6644
1805.1128
1702.197
1440.8099
1395.5682
1332.6771
1680.5986
1438.1674
1383.6635
1376.8382
1341.265
1539.4069
1504.0215
1624.2018
1440.8659
1612.4152
1475.4565
1700.9495
1483.4794
1427.7478
1333.6684
1093.4323
1321.4293
1495.8813
1538.8438
1272.4234
1591.1967
1620.3827
1615.122
1388.0189
1750.1818
1664.3331
1546.734
1328.4028
1537.9974
1657.2366
1557.3689
1812.5755
1301.8957
1371.7686
1721.8613
1925.9394
1725.2719
1663.3454
1526.5822
1321.2304
1336.5874
1471.1464
1462.6199
1481.3361
1435.2378
1518.1172
1557.5354
1479.2877
1679.8722
1604.0251
1719.4456
1400.1918
1573.7668
1356.8384
1659.0512
1527.9644
1545.9239
1388.8165
1595.991
1657.465
1657.298
1393.1567
1505.0766
1564.3266
1503.6714
1564.525
1549.9547
1783.9719
1776.9216
1353.5792
1547.0826
1504.9912
1380.4804
1509.9746
1489.6316
1250.5182
1770.6539
1506.2814
1690.0379
1558.3796
1282.477
1394.1045
1580.2135
1655.3095
1441.8769
1410.1362
1497.2422
1554.0006
1470.0881
1577.0058
1677.7185
1660.5408
1571.5922
1800.4924
1434.2783
1745.1042
1539.4327
1538.5031
1625.9801
1611.5232
1597.3747
1513.3237
1586.3987
1458.2978
1462.8033
1546.393
1362.2231
1403.7269
1590.3227
1527.8186
1616.7349
1556.0403
1413.5494
1623.7477
1452.6009
1491.3374
1546.413
1544.226
1692.5602
1633.777
1694.3232
1471.7299
1500.1327
1730.2448
1606.6197
1440.1359
1462.3656
1579.5159
1331.1975
1366.2873
1605.2098
1362.2895
1474.6568
1566.7914
1699.9611
1583.9154
1846.7996
1722.705
1719.9582
1464.3684
1536.2284
1422.1679
1636.5
1602.9881
1515.7179
1612.7448
1700.3733
1525.4341
1274.9981
1379.1437
1222.1633
1652.0819
1648.8875
1522.2114
1429.7975
1600.6351
1395.5392
1588.7194
1641.287
1609.836
1457.0846
1428.6724
1358.3329
1770.0809
1517.5199
1541.2075
1452.6104
1487.6675
1324.3521
1641.3635
1603.6509
1591.3875
1546.729
1610.2536
1739.4323
1679.6419
1522.3884
1723.783
1773.0396
1607.4515
1539.781
1404.1543
1602.2938
1372.3339
1514.908
1315.5239
1660.0944
1511.1123
1698.887
1533.3701
1511.3045
1657.0494
1620.9347
1608.5008
1472.6328
1317.3037
1659.3812
1618.8579
1340.613
1313.0306
1472.6249
1416.3297
1681.9232
1684.5505
1211.7473
1456.0019
1431.0139
1511.0125
1410.3278
1483.1351
1822.6256
1577.1292
1698.7215
1571.0367
1527.8759
1468.8276
1635.7714
1704.3852
1589.4281
1696.6314
1535.4155
1565.7241
1488.0003
1503.2753
1275.7809
1265.8188
1592.4478
1655.877
1636.538
1773.066
1325.8488
1618.8246
1511.3764
1456.53
1453.1616
1408.2949
1311.5003
1372.8919
1398.5322
1531.7315
1490.1743
1340.6547
1506.8034
1552.8666
1362.6188
1622.1566
1628.0995
1508.4668
1620.4989
1681.7413
1610.8413
1355.6409
1412.1552
1474.4793
1397.659
1343.6254
1463.4035
1465.2704
1737.6874
1556.0291
1635.1521
1563.937
1522.6419
1513.8695
1503.9687
1374.3219
1543.8794
1583.5501
1763.4617
1584.5775
1543.6948
1545.9394
1642.5965
1619.5465
1393.6663
1555.1929
1655.469
1576.3692
1532.1242
1728.8117
1779.1683
1673.6561
1578.8519
1465.5665
1606.0497
1568.7869
1846.0456
1812.16
1526.2778
1737.7881
1708.6127
1524.3495
1524.521
1549.7489
1487.0314
1305.3918
1517.0802
1652.3891
1667.536
1524.4505
1493.9474
1704.5292
1633.181
1739.2788
1462.5632
1506.3702
1601.2238
1570.3657
1647.5519
1754.0312
1614.1202
1703.0268
1459.5775
1405.9462
1398.3759
1288.3738
1505.5963
1540.3481
1530.7301
1670.1156
1856.4545
1509.1307
1623.7175
1498.2382
1667.8002
1479.9383
1738.1984
1522.5389
1757.9568
1597.6875
1324.5928
1634.4304
1547.7263
1797.8897
1419.6001
1452.9302
1319.4525
1583.9301
1877.4101
1734.3863
1498.5187
1508.6644
1516.6424
1861.0815
1649.8313
1360.1727
1320.9845
1483.7392
1350.6973
1498.7907
1510.6795
1791.284
1868.3906
1455.5302
1404.5103
1415.0649
1228.8154
1508.9855
1463.045
1521.6497
1404.2539
1581.1931
1454.7203
1742.7153
1456.7769
1599.8677
1346.2568
1649.1726
1424.0208
1649.3211
1518.4571
1262.4021
1607.2704
1461.5442
1634.7723
1504.1652
1866.2435
1839.5257
1657.1988
1298.8742
1319.8865
1534.3705
1607.442
1621.2299
1355.5483
1678.1318
1661.6267
1532.7915
1619.7924
1804.317
1525.4572
1417.6759
1645.2348
1601.2443
1446.5715
1626.4595
1598.0093
1515.7103
1062.4445
1346.1572
1509.4571
1786.8948
1605.2884
1507.0252
1678.7397
1418.7098
1646.3991
1551.7695
1613.4132
1632.5866
1451.4935
1586.3719
1419.2662
1492.3567
1600.1177
1390.1994
1529.7942
1690.8895
1495.777
1769.2829
1443.8331
1409.739
1662.3169
1209.496
1542.6892
1795.8985
1358.0953
1679.3201
1461.0105
1652.0739
1465.8107
1671.5842
1562.2131
1325.5801
1514.8781
1535.7681
1523.797
1485.2424
1712.2531
1807.3504
1556.4753
1497.9178
1420.9643
1913.0168
1718.1617
1758.3846
1470.773
1367.7123
1818.4835
1716.5806
1512.9612
1334.2698
1357.4417
1437.9337
1347.8692
1255.333
1449.4174
1284.9714
1540.9896
1572.1323
1422.574
1483.8276
1483.9472
1437.0828
1449.2838
1477.2694
1306.8807
1308.0646
1469.199
1339.0607
1679.9759
1444.1709
1664.9898
1290.1922
1263.7357
1381.825
1249.0414
1347.5033
1475.3337
1803.5187
1520.0056
1510.8211
1372.3672
1326.0029
1671.539
1408.1733
1475.3642
1823.4219
1640.1439
1246.3888
1561.7872
1826.2062
1447.0241
1659.5173
1659.4276
1515.696
1552.3988
1730.0701
1573.5585
1479.0581
1645.3223
1642.4353
1534.1974
1532.8938
1771.3241
1686.8927
1584.1088
1230.0151
1291.5866
1435.3152
1587.2047
1285.8622
1664.5087
1518.4262
1555.5204
1682.806
1730.0338
1664.7571
1322.9362
1354.0706
1207.4039
1461.1612
1447.9928
1377.9964
1537.922
1424.4026
1422.8025
1301.8791
1308.7547
1319.4384
1424.8074
1367.1394
1358.8963
1701.8824
1561.6599
1553.8515
1276.6117
1413.5695
1641.3351
1434.2141
1707.6198
1254.7679
1533.561
1335.2089
1706.5224
1633.4084
1552.8102
1531.0391
1288.688
1283.6864
1610.0281
1545.4783
1366.29
1386.4198
1561.0554
1649.2552
1498.2682
1553.4266
1508.093
1441.9372
1708.9276
1518.2307
1675.3054
1857.7238
1699.95
1433.6757
1655.3566
1727.4109
1481.3427
1476.6124
1462.3538
1375.9025
1565.4027
1456.7141
1718.7277
1595.189
1277.8609
1615.7497
1715.3194
1751.6844
1588.0238
1490.8374
1549.8348
1397.7109
1457.9738
1656.2215
1682.6868
1549.8692
1498.4894
1609.7815
1699.7375
1884.0227
1616.3946
1627.2531
1559.0666
1396.8035
1456.5801
1512.305
1790.5292
1589.9894
1392.1651
1399.7537
1451.1575
1766.74
1335.0433
1444.0513
1478.1016
1437.9902
1373.1893
1507.3365
1792.5097
1078.4405
1444.7719
1425.2592
1663.4132
1725.6933
1517.7753
1500.1798
1577.3511
1631.9896
1604.9278
1651.8211
1715.9016
1716.6243
1516.3121
1663.6568
1568.6947
1411.2821
1789.2768
1625.2346
1507.7123
1423.6403
1520.9203
1641.0557
1569.2092
1639.7637
1575.1306
1489.4989
1575.2269
1221.2509
1457.1934
1451.8055
1578.609
1540.6583
1413.3527
1563.9064
1365.6437
1429.0675
1182.0493
1595.4357
1555.6073
1514.0246
1583.8499
1498.5825
1468.6113
1540.3655
1337.8445
1619.4889
1492.9741
1364.1553
1432.6056
1643.1641
1670.2181
1322.1296
1355.2869
1371.3526
1369.7412
1392.2656
1500.9712
1459.2166
1561.6108
1368.463
1422.9977
1694.8705
1482.917
1291.375
1231.8166
1573.0768
1555.9916
1325.1448
1540.3458
1521.9428
1310.8044
1341.9772
1375.0563
1504.3399
1512.2774
1569.0557
1514.561
1557.4199
1446.4396
1480.5939
1392.5713
1463.0195
1596.3256
1505.0951
1232.4229
1247.5172
1286.226
1395.1188
1364.4358
1413.7682
1469.6073
1987.1884
1582.4383
1557.4207
1494.7786
1421.2635
1722.0503
1587.5896
1430.8647
1371.1188
1361.0318
1461.7203
1428.0683
1561.5966
1774.3551
1502.9237
1739.9684
1471.9016
1538.1505
1666.0381
1338.8605
1336.4892
1282.7429
1338.2915
1944.9963
1387.9847
1656.239
1531.9773
1571.3237
1716.6797
1444.4584
1423.1054
1508.7973
1416.1252
1565.559
1751.1113
1448.9399
1384.1393
1391.7994
1429.5871
1596.4821
1588.2506
1685.2136
1433.6225
1468.7387
1414.9114
1594.6339
1702.4065
1692.1738
1665.5012
1617.0952
1569.0841
1497.6039
1587.1546
1548.0167
1510.6911
1600.0356
1723.8988
1468.1445
1629.703
1541.5705
1639.8679
1443.3089
1513.6215
1435.9901
1646.6269
1342.0612
1677.9371
1503.5057
1691.0887
1521.8437
1414.7261
1560.5323
1548.5288
1442.506
1625.1861
1804.579
1415.0895
1496.3603
1405.1447
1752.9727
1557.1036
1839.7059
1558.8456
1409.6884
1443.0972
1407.1058
1819.0098
1363.7212
1621.1926
1379.9101
1406.7584
1564.6314
1472.9915
1690.4048
1461.8215
1430.4539
1651.4166
1515.0542
1485.8741
1296.4812
1233.6173
1392.7616
1340.6764
1132.125
1324.7365
1371.8999
1236.8859
1382.4573
1437.7456
1237.4259
1293.1641
1517.859
1476.5152
1420.6158
1822.3096
1598.5665
1409.8726
1528.5697
1517.8833
1305.414
1378.1654
1409.725
1447.5881
1317.7383
1386.3471
1380.6796
1612.8046
1617.5509
1584.4925
1618.4103
1675.6345
1748.1088
1549.9904
1183.5388
1495.4093
1386.5478
1560.3338
1340.4227
1499.3931
1315.2276
1595.3254
1664.0754
1507.0525
1525.386
1458.5585
1514.0866
1455.9854
1422.0792
1229.7369
1482.2603
1370.5101
1513.0023
1178.1497
1407.736
1452.6491
1527.7068
1373.9579
1682.5953
1550.116
1491.5733
1432.5467
1773.3661
1377.3948
1499.0395
1517.7045
1389.6338
1603.0586
1601.9353
1742.8674
1735.3687
1735.7661
1261.3681
1578.6129
1314.2551
1613.7192
1404.9368
1627.3291
1368.5154
1513.019
1326.004
1283.8111
1681.7726
1778.6074
1632.723
1677.2961
1329.6737
1558.4031
1436.6996
1515.854
1521.9813
1750.3948
1530.6683
1461.4844
1416.4753
1526.5746
1406.487
1735.0052
1548.1727
1359.5398
1534.7714
1545.3864
1676.1389
1647.2823
1445.6478
1605.3687
1569.0948
1391.7575
1518.046
1643.6338
1514.9921
1789.2313
1321.672
1499.203
1611.199
1462.3762
1593.4866
1532.1961
1495.582
1663.9953
1668.4416
1650.7363
1444.1728
1468.5966
1356.8271
1534.5664
1553.1932
1574.488
1610.4066
1500.926
1673.5054
1680.479
1755.1811
1861.4902
1616.7728
1745.6565
1484.9027
1575.4554
1694.5125
1538.9405
1259.3195
1462.3782
1498.8549
1509.126
1494.1151
1591.6825
1225.1883
1280.7389
1402.8483
1483.8767
1558.291
1744.3417
1271.87
1391.2478
1305.4437
1453.7024
1542.5409
1763.0121
1647.4333
1526.74
1498.4633
1809.5478
1416.9217
1409.4451
1702.5522
1568.5292
1360.0893
1454.4992
1474.2054
1493.1418
1576.7115
1498.503
1453.114
1478.6589
1512.2541
1400.6982
1490.0209
1508.1827
1346.0387
1606.6612
1762.3991
1586.9465
1719.4933
1537.8987
1325.3276
1407.407
1350.3729
1681.1254
1309.6979
1436.3056
1391.5062
1701.9328
1425.0863
1497.5727
1292.7237
1468.1397
1554.5524
1637.9643
1398.7502
1415.5514
1355.0466
1525.8555
1338.4095
1625.6518
1468.5594
1440.212
1539.5255
1791.939
1667.0058
1498.6005
1330.2648
1313.3835
1434.6373
1596.4126
1467.9471
1569.5602
1585.8704
1105.9902
1254.1007
1504.0025
1376.0086
1653.8835
1320.3052
1374.0066
1276.5951
1296.7978
1621.1383
1353.4559
1422.9323
1282.2384
1401.772
1618.546
1504.1961
1457.2687
1483.4234
1458.6984
1467.7134
1482.4495
1516.4021
1344.9239
1435.6426
1934.8906
1485.4986
1371.6127
1434.397
1568.5029
1681.4848
1334.5055
1456.9682
1335.5116
1522.1197
1256.8905
1387.8927
1331.2652
1419.9387
1552.1948
1410.2939
1399.0089
1470.305
1328.4975
1732.5165
1548.9265
1530.1349
1387.1813
1426.3503
1351.9965
1347.2165
1370.3638
1603.431
1295.5672
1467.9015
1440.26
1362.4795
1338.7523
1574.5103
1591.0234
1572.4275
1257.7052
1442.5992
1464.3293
1587.8719
1471.8582
1613.6444
1516.8208
1640.5058
1497.6626
1603.3448
1608.2895
1513.1461
1234.4353
1451.0278
1346.2249
1609.0379
1502.5873
1360.2873
1528.1252
1489.6416
1411.3673
1645.5341
1332.2607
1527.6094
1521.5761
1318.6834
1470.5019
1485.2454
1679.7554
1496.5236
1360.9337
1565.3117
1821.229
1356.7615
1472.1638
1411.6815
1334.0377
1357.8566
1427.4096
1492.4651
1451.4046
1574.0893
1590.5186
1520.4184
1259.3751
1430.2101
1491.1707
1507.7813
1404.2209
1548.7792
1693.3509
1446.9826
1476.963
1447.8993
1335.379
1585.4917
1668.8741
1479.4929
1473.5866
1462.025
1628.3724
1552.3196
1410.6619
1560.0096
1758.5096
1524.8157
1353.8926
1286.9036
1377.398
1462.6983
1619.5863
1720.0392
1716.025
1594.6725
1443.7382
1541.1011
1615.4874
1686.7414
1424.0917
1681.0852
1658.1138
1501.6416
1480.0444
1257.6083
1522.7393
1769.9722
1398.7864
1567.5471
1334.6248
1765.6788
1352.4571
1337.5186
1383.6023
1499.0615
1576.6954
1493.0982
1390.6374
1599.0042
1363.2581
1547.6466
1071.3538
1617.9803
1472.328
1549.9223
1447.9831
1464.0746
1320.9312
1415.5365
1421.4894
1526.9917
1608.0701
1379.9772
1725.6027
1519.5726
1311.5579
1719.1729
1456.2357
1453.5166
1429.7112
1094.9967
1472.6386
1528.0645
1677.9904
1348.8407
1697.4327
1787.8057
1669.6984
1394.4377
1558.7905
1460.3767
1743.3968
1417.2834
1627.5086
1394.4321
1358.212
1488.3322
1404.0356
1708.4102
1631.7242
1629.4435
1544.3823
1424.378
1767.6572
1736.0445
1622.0474
1466.8845
1789.6949
1665.828
1625.1383
1740.3593
1414.2393
1488.273
1614.8394
1540.5404
1666.6201
1484.8537
1537.6129
1788.4259
1604.065
1746.7742
1685.1356
1407.0377
1304.4156
1218.6663
1599.5861
1662.256
1619.8183
1787.7641
1939.1892
1780.2155
1741.2953
1879.0566
1720.1096
1564.4719
1625.3084
1643.7171
1633.2266
1562.5758
1515.5444
1406.2825
1507.8605
1531.5902
1614.6894
1785.051
1799.8318
1297.3003
1439.1626
1265.8315
1408.9824
1551.4077
1449.1589
1530.1683
1433.5897
1608.1642
1789.1612
1492.8056
1746.1769
1583.7867
1562.1497
1485.3229
1424.5771
1362.9157
1313.2672
1474.5528
1478.1298
1629.2797
1671.4576
1524.1516
1711.4771
1343.7609
1577.6515
1444.306
1556.7862
1407.3219
1277.3689
1310.7259
1767.3116
1400.2799
1333.2641
1397.4385
1207.7641
1409.9824
1267.4747
1635.959
1552.7925
1456.1602
1641.7194
1580.7072
1592.8149
1472.3295
1555.845
1644.5865
1761.9263
1719.0354
1629.5133
1488.0177
1473.5424
1567.1041
1529.1991
1685.4701
1798.8841
1554.2361
1683.7484
1475.9121
1531.2735
1529.6973
1577.7234
1691.9879
1596.0575
1628.8182
1263.5981
1457.418
1315.8012
1478.9828
1409.3574
1515.9361
1431.1353
1343.0397
1146.2706
1490.0259
1658.4757
1761.4944
1389.5651
1531.3189
1420.2161
1644.9579
1539.2921
1647.5715
1500.3117
1625.6311
1408.2539
1569.2792
1738.6752
1538.2227
1314.9012
1454.2462
1343.4143
1576.1761
1334.2928
1420.6572
1566.3765
1573.5005
1294.3332
1609.0381
1516.6452
1524.5714
1455.8403
1575.9608
1625.9107
1755.955
1634.5561
1440.6539
1325.4145
1529.1374
1476.1777
1426.2919
1451.9611
1318.76
1307.6999
1463.9751
1329.2541
1294.6358
1462.2532
1492.1305
1340.4817
1431.7822
1536.1453
1395.4563
1291.8212
1701.0162
1528.6169
1640.7687
1409.5422
1626.9318
1617.0499
1353.621
1592.0021
1245.7244
1514.1628
1426.4147
1433.1663
1632.655
1663.3127
1526.9142
1366.5262
1459.4526
1479.9369
1467.4782
1413.092
1515.3224
1553.8035
1495.062
1394.2819
1703.2215
1612.4533
1445.5583
1370.8256
1514.5828
1467.7065
1438.0274
1597.763
1571.2409
1841.0415
1547.261
1396.1882
1250.226
1316.7469
1619.1159
1606.3026
1754.8808
1603.094
1454.6156
1420.3326
1375.6371
1347.8263
1407.8003
1218.8211
1299.0648
1521.209
1145.0062
1587.8906
1584.9488
1284.7825
1420.1883
1653.3879
1597.1372
1561.9622
1432.6546
1475.6399
1634.5197
1675.9048
1608.1531
1537.8847
1645.2553
1314.7034
1420.0988
1330.3738
1476.158
1192.488
1427.4437
1646.1383
1402.1529
1586.521
1658.1125
1607.1169
1624.4395
1699.7383
1741.9629
1541.9984
1601.5232
1638.4004
1475.7669
1565.0105
1428.5227
1422.1833
1331.2005
1669.8393
1570.9098
1689.9224
1504.5142
1556.0397
1605.5631
1509.2148
1535.8742
1676.7403
1741.8923
1734.3445
1547.6692
1334.1524
1400.2134
1540.1389
1491.5418
1544.2661
1410.7665
1265.8015
1549.4558
1481.5422
1626.5104
1689.3963
1252.156
1432.736
1561.4661
1583.7714
1552.5902
1773.6082
1304.7208
1425.7541
1229.7784
1420.8965
1684.4524
1681.5722
1654.8542
1385.0417
1563.2949
1466.947
1212.5113
1313.5377
1628.0486
1361.6051
1531.95
1597.2144
1561.5702
1535.8858
1591.5954
1470.8718
1574.9975
1540.6809
1660.2214
1531.617
1672.5099
1305.3604
1169.5054
1400.2934
1196.353
1509.8681
1566.3492
1744.2513
1537.4734
1731.8147
1286.989
1292.0313
1465.2502
1350.8844
1347.9586
1326.994
1379.5688
1372.7881
1461.8126
1360.117
1595.982
1670.6047
1728.5988
1483.6074
1530.3545
1401.6579
1317.9018
1753.8587
1558.8826
1593.4461
1345.8673
1484.7911
1703.8154
1524.9128
1524.4724
1396.3714
1617.1657
1453.9071
1510.9139
1539.3002
1424.5429
1371.9225
1405.5151
1363.7536
1504.6243
1443.5073
1375.9636
1542.0025
1674.6092
1488.3599
1502.1564
1720.8439
1541.0048
1362.1164
1285.8863
1536.5088
1472.3538
1736.4707
1626.1531
1441.1288
1228.4736
1286.175
1396.6379
1481.1006
1660.3732
1437.6057
1352.9955
1387.8034
1561.3773
1625.1006
1462.5437
1722.3732
1380.6067
1583.4632
1634.7917
1523.7094
1396.4739
1490.2511
1692.6568
1604.2239
1545.6054
1301.4251
1297.6216
1381.9351
1477.4181
1393.124
1544.7642
1205.371
1436.8658
1343.9658
1398.691
1181.9357
1381.7561
1392.7099
1519.3394
1640.3214
1300.4838
1292.0016
1552.0867
1470.8058
1495.2429
1431.8749
1313.6263
1525.1402
1681.9221
1578.5288
1577.0709
1528.3717
1570.1899
1243.8011
1328.3637
1355.2008
1372.2508
1720.8414
1220.9936
1423.4728
1627.5453
1487.6911
1587.7457
1480.7017
1578.6962
1595.7045
1469.1946
1574.8914
1541.6835
1797.6241
1457.3719
1434.2943
1491.1774
1332.8264
1359.1463
1636.7893
1570.5286
1548.1575
1594.5364
1484.3482
1477.1482
1322.6742
1544.8062
1439.9868
1333.0686
1393.8218
1448.2913
1323.7766
1484.0949
1638.8892
1517.6115
1403.8082
1466.1556
1350.3756
1645.5832
1632.2799
1593.542
1347.8071
1492.6791
1449.8086
1340.191
1554.6148
1314.4261
1411.9134
1460.3958
1547.8812
1415.1019
1303.8695
1412.3046
1203.9388
1454.6701
1535.8926
1381.013
1354.5293
1376.272
1319.6562
1348.9257
1537.9806
1620.4397
1742.914
1317.7492
1305.702
1454.347
1564.7553
1385.4523
1408.8113
1500.3307
1535.9075
1670.6633
1393.1055
1502.4906
1404.136
1374.7677
1512.6507
1549.0969
1348.6313
1548.0685
1408.7181
1240.113
1385.4848
1303.2978
1426.0499
1278.4227
1481.1605
1453.9087
1528.6202
1532.1513
1420.4448
1527.6349
1373.8972
1250.3516
1458.2552
1502.7642
1645.089
1548.5921
1764.6022
1702.7403
1464.0778
1228.778
1248.301
1456.3968
1303.9749
1730.8303
1295.7359
1474.916
1210.9187
1720.4993
1721.1794
1551.0053
1333.0341
1363.1309
1791.1501
1444.0198
1513.7694
1445.8206
1227.4625
1392.9577
1625.7181
1591.9
1477.0614
1632.6594
1642.092
1621.1679
1221.3791
1454.5233
1441.4325
1369.2848
1784.3169
1948.8686
1695.0444
1523.4505
1348.8977
1359.5149
1238.6051
1516.9967
1661.5343
1559.1469
1440.7632
1669.0926
1400.6381
1137.3785
1167.6614
1295.6197
1354.8944
1260.7987
1267.3161
1314.5597
1525.3392
1167.2631
1431.8939
1018.3083
1482.3458
1345.3778
1498.8571
1489.3437
1077.6134
1449.5749
1503.9842
1749.4062
1563.6221
1570.7351
1684.6999
1560.5497
1478.3246
1477.5231
1255.6153
1358.9956
1414.8619
1333.5103
1451.6641
1513.1852
1486.4063
1478.8559
1516.206
1462.1124
1158.9749
1244.5007
1467.4234
1277.7588
1337.3104
1407.9878
1649.416
1455.6552
1817.2049
1448.8678
1552.7605
1602.109
1354.8356
1210.3401
1243.6016
1670.5395
1597.4583
1365.1712
1251.3082
1221.6762
1262.6653
1402.6026
1393.8255
1559.7818
1595.1573
1626.5905
1234.4763
1339.4675
1361.7916
1664.3005
1167.4892
1220.0399
1394.0615
1397.8188
1463.0377
1465.6986
1388.6053
1728.1659
1670.7206
1345.1531
1365.7233
1230.1057
1302.5618
1082.3459
1305.8611
1422.0694
1488.9953
1591.0072
1258.9545
1433.5299
1355.7292
1497.5311
1397.3546
1469.9202
1460.71
1453.5471
1432.3643
1269.1886
1408.8873
1666.7598
1534.2758
1606.784
1632.9464
1526.4763
1358.4996
1290.948
1385.2277
1569.0018
1199.9873
1450.6676
1525.3362
1598.3049
1147.3271
1550.663
1313.1699
1299.3247
1355.7732
1488.1376
1427.3029
1384.251
1438.2954
1414.1425
1470.7501
1638.6446
1443.3704
1577.4181
1585.2381
1349.8679
1328.3528
1491.2939
1645.3948
1554.0387
1387.9459
1583.3942
1423.271
1393.0478
1382.1571
1497.9401
1369.3047
1449.5763
1353.6781
1487.2523
1599.3546
1626.251
1569.143
1483.9921
1291.399
1511.6658
1340.0558
1628.6969
1602.3141
1581.9506
1282.3284
1411.1971
1393.9968
1484.6099
1327.6681
1614.095
1354.8356
1708.3111
1541.9044
1321.9554
1318.7844
1636.3358
1671.1739
1634.2401
1556.0433
1386.8501
1511.3147
1451.5381
1278.2189
1350.5724
1385.1671
1458.6639
1732.2659
1448.0053
1237.8572
1278.7174
1262.6573
1285.3116
1293.4301
1419.5726
1322.9264
1202.1567
1411.8741
1517.4472
1533.9427
1437.7019
1512.3732
1362.8013
1579.6498
1315.9889
1634.815
1732.8746
1451.9313
1337.3909
1497.864
1552.9545
1532.3978
1571.9163
1430.5439
1523.3389
1593.3301
1497.1305
1295.8612
1481.4311
1698.0757
1344.4736
1364.2421
1329.0493
1515.959
1430.3411
1664.0334
1548.4294
1631.44
1393.3842
1446.0092
1537.6382
1424.3908
1540.7615
1549.3812
1755.1164
1391.1598
1576.1106
1664.6364
1447.142
1460.4046
1669.585
1421.8044
1300.113
1254.8134
1599.5508
1478.1711
1289.9385
1287.1652
1282.6015
1442.3433
1321.7254
1454.4494
1573.0543
1630.3983
1552.1956
1395.4832
1542.2498
1674.4993
1372.8019
1365.5117
1641.4958
1554.6188
1541.1291
1470.1532
1320.0123
1412.5675
1352.282
1261.1707
1663.9692
1581.8274
1523.4634
1615.5362
1375.9063
1714.43
1386.9992
1206.7384
1263.0219
1556.7855
1510.3217
1479.4352
1422.0898
1564.9044
1437.1404
1516.134
1400.6155
1251.2859
1524.8581
1696.149
1485.0115
1763.7332
1622.4255
1519.3743
1188.8039
1529.2704
1554.0335
1738.0432
1576.9203
1647.7981
1245.5611
1554.369
1488.841
1618.8792
1436.15
1487.3716
1489.4624
1497.1758
1355.2284
1399.7506
1552.2134
1421.3834
1464.5669
1577.6956
1529.4727
1617.8158
1442.3182
1439.5765
1352.5358
1451.589
1479.106
1550.8788
1590.5886
1438.0343
1482.9314
1553.5641
1412.0153
1796.9053
1621.3361
1446.2477
1285.4662
1329.0944
1655.4402
1445.7786
1700.2176
1476.8318
1638.9551
1667.5898
1635.202
1659.2331
1389.1089
1736.1392
1619.8598
1325.4744
1298.2423
1470.4531
1370.4882
1335.1837
1467.9298
1418.33
1598.6934
1631.6067
1388.8335
1308.188
1278.1501
1352.2878
1553.4834
1484.0239
1352.4173
1226.4892
1668.6018
1366.4011
1379.1922
1578.667
1606.1455
1670.4065
1553.5116
1409.5383
1314.7726
1626.6405
1705.1933
1612.5172
1552.1173
1547.5805
1523.7721
1756.9634
1657.7112
1837.7187
1562.4073
1403.9003
1346.2295
1347.6497
1415.0528
1285.535
1480.8313
1812.0185
1555.3087
1557.4453
1492.368
1538.6668
1547.0336
1387.1686
1407.2043
1423.6612
1220.1878
1579.5147
1637.2047
1202.4143
1441.2128
1307.9065
1597.6877
1767.4252
1832.1915
1817.5877
1689.1859
1528.0867
1545.5043
1528.1341
1433.9432
1514.4626
1847.0141
1650.1535
1435.8654
1858.4676
1687.3499
1447.9649
1479.1511
1295.2678
1470.3408
1945.8238
1623.7785
1548.78
1514.2327
1685.3419
1544.9269
1646.2245
1714.6214
1667.9663
1592.4135
1608.8531
1556.2951
1452.7507
1286.9057
1732.2819
1861.8426
1468.4453
1642.9327
1437.2679
1462.6122
1541.8886
1846.7947
1995.4648
1646.418
1734.4214
1732.3262
1347.4919
1246.4275
1615.9597
1695.2414
1419.9186
1661.7111
1446.0251
1465.3946
1576.9664
1599.4163
1595.6099
1687.348
1578.3462
1705.1984
1576.4992
1359.3845
1594.081
1352.6202
1595.9857
1644.1139
1393.7169
1554.1215
1690.2663
1555.9718
1468.5935
1389.9373
1459.4003
1718.4469
1403.1103
1527.3246
1440.0496
1462.7586
1320.9182
1416.4831
1561.169
1152.4827
1281.5528
1350.6156
1437.0992
1270.084
1106.6422
1447.5148
1508.8571
1373.0954
1389.3482
1395.3842
1447.801
1391.7738
1346.2443
1184.5358
1222.7625
1041.8494
1377.5044
1432.6397
1333.942
1278.4985
1503.8273
1293.171
1328.2502
1127.7914
1312.5503
1476.6899
1564.6574
1721.3806
1563.7967
1758.4324
1279.5848
1564.5484
1738.2039
1553.0978
1713.3633
1371.6552
1476.8965
1623.9669
1491.806
1258.0731
1563.4105
1474.5782
1765.274
1600.7934
1367.5439
1577.4576
1276.142
1306.0662
1349.3996
1483.9017
1813.1001
1729.2221
1622.5016
1500.0366
1689.7106
1677.2601
1630.2789
1675.4632
1363.024
1505.2022
1605.3128
1699.046
1499.6077
1381.1671
1481.4374
1646.6379
1384.6133
1444.5939
1495.1686
1482.7717
1536.928
1609.859
1633.6862
1440.2869
1855.6951
1523.3841
1535.5232
1541.6826
1768.3824
1795.6383
1441.5987
1537.5381
1348.0457
1504.5333
1469.0702
1739.6912
1629.8834
1720.3606
1626.5568
1559.9464
1639.557
1965.987
1407.7556
1284.5862
1091.7013
1368.4689
1742.6107
1552.9193
1371.4208
1422.8511
1644.8644
1651.9031
1620.0034
1517.0892
1562.5243
1869.0435
1389.4929
1492.7294
1538.1554
1548.2829
1553.7635
1465.1209
1556.9028
1453.6004
1964.3249
1652.4121
1528.522
1585.0311
1614.8364
1581.1831
1853.9906
1571.1643
1600.0017
1725.7135
1661.1383
1585.6575
1569.6862
1686.6757
1636.8727
1677.2309
1616.6858
1536.46
1377.583
1654.6962
1446.588
1527.7174
1563.886
1648.3206
1605.3674
1626.7326
1555.7944
1572.5467
1587.3733
1341.8056
1494.122
1493.864
1375.9746
1797.5329
1579.9427
1456.3599
1536.2586
1523.1568
1612.9978
1516.522
1684.0513
1688.848
1674.2346
1506.2276
1278.9023
1654.3659
1521.4487
1744.6845
1506.4129
1779.808
1629.5986
1475.1419
1235.9091
1256.7771
1634.2307
1677.2493
1839.6331
1854.2726
1660.8804
1508.5238
1141.6004
1537.9587
1661.2037
1608.6542
1586.2054
1695.5483
1524.6116
1421.4499
1579.8859
1422.8056
1537.7427
1834.4298
1616.6152
1660.0149
1419.7985
1495.8383
1635.7733
1455.03
1384.5552
1450.0598
1416.379
1321.2199
1593.2326
1738.2811
1594.001
1604.9763
1462.1371
1505.2844
1347.7165
1832.4942
1491.0179
1712.1768
1370.382
1630.1569
1265.9585
1389.3435
1679.9117
1506.1788
1362.66
1445.1918
1621.3915
1513.0502
1535.941
1623.6752
1580.8689
1459.2477
1327.3004
1271.4185
1514.668
1529.4232
1372.1274
1533.4362
1365.2084
1365.0328
1346.4124
1538.7963
1623.5646
1432.4413
1789.7784
1709.8631
1535.6097
1456.204
1574.1651
1479.3032
1278.0742
1614.7217
1521.726
1690.1119
1656.2687
1789.9069
1715.9795
1587.7249
1511.2063
1695.5336
1339.892
1394.3464
1404.0265
1445.5242
1817.1365
1763.583
1431.3601
1226.1623
1386.9242
1390.7351
1566.8379
1350.5902
1582.2566
1517.017
1540.0036
1602.3597
1521.862
1358.7573
1511.4853
1492.8978
1570.4617
1447.7957
1715.537
1517.2145
1663.4228
1427.6614
1766.4508
1617.7851
1699.8357
1420.4703
1492.7224
1414.6292
1564.5256
1614.6385
1493.3192
1521.7762
1620.8949
1502.6819
1613.5953
1556.6241
1518.4187
1680.9076
1514.8033
1508.5923
1669.0562
1429.4283
1655.0989
1467.4731
1104.3628
1543.7978
1460.2614
1664.6519
1755.0523
1347.238
1747.5039
1729.3856
1514.1112
1528.1167
1520.3074
1574.7442
1551.067
1423.9869
1377.4925
1358.7948
1487.7679
1489.0533
1607.1153
1614.3144
1796.0897
1642.705
1507.6116
1266.4607
1546.12
1253.7705
1709.599
1558.8667
1772.4013
1498.9126
1274.7168
1554.9375
1380.8991
1497.2236
1551.0138
1587.0549
1644.9886
1459.5797
1636.6519
1227.5769
1475.154
1547.9515
1516.2563
1569.0909
1687.7645
1597.911
1218.4008
1239.9588
1410.5261
1591.7048
1607.8482
1408.1326
1613.3684
1543.2405
1534.6158
1579.3432
1453.4196
1547.7219
1530.9257
1464.0587
1660.3904
1439.0207
1666.0789
1525.2735
1408.6355
1536.5849
1501.3733
1495.8305
1457.2552
1386.1944
1568.8755
1634.4015
1552.3566
1654.4418
1410.6176
1277.4121
1626.5796
1610.5379
1634.6918
1640.4783
1570.075
1573.3221
1623.9695
1307.9012
1554.849
1515.9754
1434.2773
1500.1152
1576.622
1496.3513
1347.3927
1652.5405
1677.3694
1449.5987
1522.1968
1463.5217
1794.4177
1731.3921
1351.0938
1457.2714
1279.3817
1479.8022
1596.7753
1800.0865
1463.3311
1506.5593
1486.6454
1667.5581
1552.0436
1509.9676
1431.8271
1582.059
1623.4128
1454.0077
1460.8124
1498.7099
1597.2784
1597.9655
1366.943
1427.8758
1395.8627
1527.8596
1458.5956
1543.1095
1484.456
1736.1611
1582.1567
1586.75
1343.0639
1238.1157
1560.2015
1318.4913
1834.9758
1578.7932
1436.2691
1357.5187
1250.974
1506.9039
1564.0447
1507.3009
1396.9872
1674.526
1413.9066
1562.7911
1684.1924
1253.4991
1592.1719
1430.0311
1423.8533
1476.8853
1427.8816
1459.4899
1402.9512
1447.0781
1614.6614
1668.5579
1693.4198
1378.3394
1423.0827
1421.6804
1566.5181
1699.0759
1677.0961
1459.3594
1556.4965
1531.8084
1582.3171
1552.5454
1660.0763
1498.0508
1585.649
1470.4582
1809.4795
1690.0115
1814.3104
1663.2589
1379.7946
1498.8127
1660.7696
1697.3662
1714.4079
1826.0613
1444.1464
1666.6251
1512.4269
1414.2858
1674.6744
1508.8292
1526.3035
1445.6551
1542.2282
1606.8961
1501.5092
1583.5511
1776.1337
1474.0092
1744.2789
1824.786
1540.5953
1413.7536
1382.9589
1435.098
1249.7854
1446.2341
1287.3151
1226.3212
1423.9621
1501.3613
1671.8282
1411.6427
1378.7902
1577.024
1605.0005
1510.8417
1286.7409
1396.4396
1405.2139
1499.0487
1430.5429
1588.5068
1561.2576
1574.6481
1302.4064
1547.8938
1364.7711
1451.221
1416.476
1505.9324
1548.9171
1455.1391
1545.4615
1410.8508
1330.763
1188.2052
1454.8797
1485.1123
1676.0931
1476.297
1409.875
1630.7352
1241.0622
1439.2997
1378.0102
1686.2055
1398.6655
1429.2718
1289.0684
1534.6398
1489.4215
1384.917
1638.745
1992.4864
1694.3261
1535.0161
1278.4509
1166.3689
1531.2492
1952.7628
1474.2298
1538.1846
1486.3749
1297.8852
1445.5676
1283.6253
1433.3855
1166.766
1546.9934
1654.399
1612.5289
1398.3895
1226.7929
1477.4879
1546.4699
1683.0773
1635.42
1566.6813
1370.1446
978.94621
1274.4351
1567.8024
1388.484
1459.9868
1254.1404
1585.6012
1358.3471
1398.1842
1487.6364
1696.4285
1379.4532
1526.2811
1452.8195
1568.7092
1657.7279
1591.259
1409.6019
1310.8133
1321.3097
1286.2535
1167.1337
1465.7825
1425.6081
1186.3025
1525.6818
1376.7709
1373.1152
1191.7579
1165.1731
1215.6221
1498.0587
1557.5985
1505.2251
1761.4878
1514.2726
1316.5052
1436.6406
1603.7401
1225.3819
1321.4417
1246.7415
1397.113
1540.5705
1432.7257
1572.1977
1441.2111
1221.2379
1431.0596
1402.1827
1129.982
1333.8466
1151.5485
1516.3145
1378.1523
1592.8374
1341.7637
1226.6246
1177.6041
1375.6201
1333.0463
1402.9234
1495.2865
1384.4695
1703.5628
1488.0837
1516.8804
1572.4684
1646.9974
1418.7975
1561.5768
1255.6049
1518.9974
1281.5431
1398.257
1481.2072
1296.2173
1280.9185
1454.5508
1413.5903
1391.8238
1477.6133
1350.7093
1233.4691
1084.4458
1268.2082
931.466
1356.7671
1268.7464
1314.8196
1224.0149
1236.9513
1264.7457
1367.7008
1229.7832
1098.2964
1274.3845
1670.5198
1443.8367
1243.5355
1108.648
1286.6552
1365.3275
1273.9678
1448.1021
1628.9719
1590.6229
1382.1059
1186.8693
1459.2998
1469.8706
1568.8584
1633.098
1692.4147
1434.2579
1454.2479
1594.5146
1313.1703
1590.2713
1489.3395
1452.4333
1508.8739
1356.2666
1628.7627
1522.2291
1606.4228
1330.5162
1375.6039
1353.9786
1485.3802
1450.0241
1325.0751
1370.417
1347.825
1237.5175
1457.5355
1324.3813
1344.9628
1463.0166
1428.6334
1397.5218
1719.8665
1704.2021
1575.6533
1343.2596
1226.8876
1370.6167
1415.9389
1525.7119
1190.1753
1540.9672
1299.653
1382.0756
1272.8045
1421.1063
1421.2127
1377.4665
1404.8944
1240.5481
1597.7347
1458.9367
1481.4595
1582.878
1536.6549
1421.1378
1380.8963
1477.3097
1483.4656
1303.5247
1383.8441
1346.5737
1297.5419
1394.5898
1625.1036
1286.337
1328.3705
1427.7409
1513.3228
1315.1706
1486.604
1680.6514
1521.1925
1694.668
1543.0344
1688.4053
1492.1457
1486.787
1414.3765
1746.676
1508.0719
1521.0886
1449.2939
1250.3889
1242.2158
1349.5016
1880.3197
1363.1997
1520.6946
1440.5889
1322.2254
1438.9606
1225.3758
1523.8342
1733.8526
1686.6286
1468.6743
1227.3983
1614.5485
1345.0047
1337.7225
1511.3474
1541.5892
1427.8014
1147.1471
1263.8184
1403.3159
1741.7845
1461.5187
1467.9678
1342.9196
1482.4977
1573.1852
1310.6245
1308.9739
1497.5668
1366.4727
1432.7383
1386.6197
1360.6139
1376.3419
1287.9636
1389.3568
1562.2308
1442.2131
1370.3005
1511.8467
1426.0217
1302.034
1578.0074
1468.8382
1146.1983
1340.1817
1281.837
1587.8164
1442.0575
1339.5021
1392.5526
1334.6286
1380.0011
1527.7899
1348.4346
1384.5731
1370.9228
1287.6659
1568.6132
1479.4751
1558.883
1541.7696
1542.5405
1544.3521
1489.619
1454.997
1522.0146
1259.4057
1428.0188
1534.4391
1252.3037
1439.441
1187.4921
1421.6571
1487.6635
1512.9055
1546.4562
1429.4752
1743.371
1597.3495
1402.2832
1434.1325
1440.1459
1613.224
1606.7286
1417.5399
1509.7088
1400.7505
1312.6028
1474.8374
1528.666
1506.6762
1481.6751
1267.0955
1449.1968
1645.9008
1493.787
1220.1564
1297.6811
1383.6807
1114.9959
1574.8745
1556.602
1307.3996
1190.4906
1498.1111
1514.4433
1186.1099
1412.4845
1181.6965
1190.549
1165.1511
1335.4274
1515.8093
1384.7187
1426.2704
1451.1782
1285.2234
1663.9326
1286.1391
1155.7808
1457.2152
1461.5342
1397.9632
1465.5481
1347.09
1390.3151
1493.5017
1494.0787
1473.4572
1638.6856
1489.323
1516.689
1170.9149
1158.0577
1341.3086
1684.6782
1544.0968
1502.9481
1486.2492
1398.4324
1315.5971
1299.4445
1350.7244
1601.9387
1704.2209
1664.8378
1323.4254
1274.2938
1479.236
1420.3858
1631.324
1567.1857
1535.5182
1605.7102
1491.2732
1502.267
1396.3146
1415.2047
1165.2938
1650.6756
1538.0901
1482.4181
1456.6982
1537.7013
1725.328
1455.1879
1346.5956
1563.9404
1601.0818
1372.4108
1312.5795
1487.4213
1650.0353
1564.5677
1704.524
1455.4322
1169.0927
1173.1513
1464.8782
1448.1776
1623.1533
1418.1184
1500.7261
1505.7981
1593.5041
1543.273
1476.8586
1473.0062
1547.6572
1333.5582
1507.4292
1290.724
1207.5101
1323.4091
1409.5129
1362.9073
1579.5893
1142.8494
1372.7906
1392.2071
1609.5892
1463.4842
1394.5044
1317.2605
1585.2372
1332.033
1417.969
1331.2139
1389.1408
1665.5261
1670.5492
1453.4855
1339.2317
1732.2735
1334.3263
1324.0503
1283.4287
1353.7886
1208.8483
1179.2837
1536.7142
1505.9807
1409.7168
1235.8188
1435.6226
1375.8928
1625.9134
1581.5709
1706.0478
1400.4381
1368.6838
1493.1851
1207.726
1289.2197
1450.6411
1336.9659
1451.0786
1480.0696
1460.817
1470.5168
1337.0505
1358.0196
1379.2875
1378.9492
1539.824
1539.4919
1643.8322
1511.7312
1470.1407
1378.5289
1601.2106
1339.8553
1289.5157
1521.247
1565.6651
1573.7414
1799.5592
1638.7949
1352.3064
1368.0077
1316.2375
1302.1468
1390.5051
1262.2428
1266.4629
1488.5731
1324.3679
1393.9459
1324.0816
1436.5581
1442.821
1122.1732
1413.461
1437.2315
1527.303
1424.2473
1316.9642
1432.6973
1442.6227
1433.609
1470.5701
1432.4988
1369.0228
1542.6216
1290.9945
1075.4926
1361.2348
1440.2492
1596.8037
1348.9601
1447.086
1285.68
1369.4581
1576.0064
1332.8272
1364.6002
1388.5461
1244.2773
1409.0246
1580.9991
1364.558
1450.0578
1474.2578
1179.2638
1499.3399
1500.6281
1559.0143
1372.0791
1218.7579
1285.3684
1733.8874
1621.3237
1700.5422
1516.5424
1593.6229
1318.2802
1084.6747
1229.6947
1269.3568
1445.3106
1216.5725
1286.9532
1202.2413
1360.5589
1143.7912
1415.9931
1395.8899
1409.7285
1535.6668
1596.1009
1652.7618
1547.623
1309.0671
1488.2258
1330.4997
1420.9532
1535.3766
1369.3668
1366.2132
1399.0326
1453.6322
1392.2843
1374.0385
1278.6753
1379.6938
1525.2439
1618.9877
1596.1429
1510.3063
1483.2842
1586.5817
1712.294
1609.936
1484.9309
1244.5237
1403.4078
1271.316
1576.3021
1398.6354
1682.0333
1405.9047
1795.7311
1438.1098
1432.526
1457.9347
1422.9312
1473.9841
1629.7173
1747.8307
1445.02
1455.3156
1503.3479
1507.337
1524.4577
1468.2369
1507.4062
1570.5223
1359.5645
1476.4582
1273.2102
1379.7044
1320.5985
1354.7546
1601.7148
1508.1335
1331.1103
1349.8634
1347.155
1369.4865
1621.4966
1536.8616
1592.1189
1554.0346
1580.9564
1501.3877
1809.8214
1431.3234
1521.8037
1673.858
1501.8228
1356.8858
1578.6295
1451.0213
1324.8262
1218.2305
1472.9772
1290.5312
1310.8262
1427.5381
1496.364
1375.6749
1200.1414
1456.9335
1384.6059
1430.2352
1364.8067
1605.7811
1239.7215
1672.431
1556.2101
1534.5165
1316.0422
1335.9918
1386.9158
1404.5403
1440.6015
1580.9004
1266.9993
1368.7054
1406.4968
1771.8773
1593.7048
1478.6962
1402.4976
1734.565
1629.0767
1636.0818
1472.1693
1557.2106
1546.1382
1417.3288
1294.1827
1216.4429
1423.1433
1620.9449
1665.018
1635.6413
1524.3683
1571.8197
1312.3473
1719.5451
1525.8995
1802.2763
1751.2655
1698.7206
1289.7414
1576.3248
1538.9205
1647.2164
1704.9987
1746.0868
1423.6835
1374.8537
1497.2781
1362.6709
1530.9484
1430.4435
1422.2532
1669.8578
1729.0348
1599.5638
1591.2008
1710.8806
1497.5719
1485.4282
1303.4768
1165.2823
1209.4196
1660.7611
1336.994
1557.7912
1561.6009
1485.5851
1469.8288
1473.2266
1470.9062
1528.9639
1413.6814
1654.4047
1411.3581
1424.0031
1536.1244
1485.1102
1328.3219
1586.2064
1549.0492
1685.8055
1631.4405
1361.3804
1394.7247
1491.0686
1507.4562
1467.8996
1516.5618
1355.8391
1455.7666
1665.3483
1375.4924
1545.4991
1244.2379
1452.6378
1242.4997
1391.6326
1452.8869
1325.7019
1254.8195
1565.3177
1426.5688
1675.7342
1335.4184
1527.8427
1692.9974
1706.1029
1446.9993
1479.7407
1632.7561
1732.891
1399.8806
1794.459
1565.5041
1785.3977
1726.0796
1374.4904
1370.8135
1535.6915
1461.9068
1333.1046
1326.7122
1450.7862
1419.1897
1645.3123
1589.8333
1665.4297
1592.412
1603.1563
1681.0551
1651.1915
1405.2009
1399.8151
1370.9153
1455.4231
1412.828
1643.4291
1674.9756
1518.1255
1753.7669
1600.7479
1638.0669
1649.4163
1238.8982
1140.701
1315.2456
1555.7532
1328.183
1615.5385
1388.0804
1542.722
1612.5005
1784.2666
1510.4662
1477.0451
1603.9205
1322.7372
1081.5039
1395.1934
1482.1011
1577.8041
1554.9259
1554.2335
1516.5051
1440.6096
1463.9791
1560.7387
1410.6628
1601.3768
1229.338
1468.591
1395.0461
1512.894
1574.3185
1345.499
1589.1041
1793.0882
1615.8524
1476.325
1673.3192
1420.27
1326.287
1399.8216
1279.3078
1250.8586
1385.6626
1498.4593
1551.7045
1551.5518
1646.2229
1373.4981
1353.581
1536.6727
1383.0746
1512.0086
1634.4905
1426.8214
1424.0693
1391.5033
1652.3633
1469.9903
1561.6107
1483.8227
1465.6854
1584.2569
1352.7708
1526.0293
1496.03
1267.8288
1489.7994
1424.2132
1400.6536
1527.9979
1417.2388
1497.1753
1622.2892
1687.9698
1477.0472
1595.6844
1555.4524
1513.9742
1460.5076
1432.391
1305.0738
1381.5774
1336.8513
1509.1931
1599.0274
1597.033
1331.2354
1686.3952
1503.252
1272.2791
1547.0327
1560.7181
1410.0086
1264.4292
1522.4346
1302.3516
1388.3877
1552.2698
1617.0765
1568.2808
1377.1695
1535.6834
1306.8871
1285.7409
1542.9475
1271.9769
1457.1548
1559.8391
1535.8047
1631.1198
1376.6726
1693.5267
1417.9152
1469.8884
1526.711
1452.3735
1439.5894
1367.0976
1498.9674
1642.6152
1494.4132
1224.971
1404.2878
1436.5953
1481.817
1381.0103
1515.1333
1422.5511
1360.7373
1451.4607
1343.3363
1388.1625
1494.2401
1546.1886
1553.8315
1595.0664
1692.4319
1382.127
1554.2262
1392.0843
1412.4847
1314.1129
1379.8676
1433.8753
1593.4255
1274.1394
1437.8641
1588.4746
1556.5924
1354.9029
1229.2758
1705.0773
1504.127
1466.9779
1525.2946
1534.3485
1292.736
1381.7531
1577.5729
1693.2966
1607.6491
1617.8582
1397.9737
1440.8871
1559.4315
1283.4334
1598.6985
1286.1203
1388.8924
1506.3378
1443.2916
1172.5433
1452.9689
1234.363
1564.9653
1455.2075
1264.3462
1232.4987
1555.8759
1470.2186
1503.0408
1518.1632
1517.4398
1495.5682
1486.2391
1421.3309
1459.0695
1293.82
1412.0598
1302.7917
1333.9216
1627.8702
1471.3808
1374.1781
1280.0312
1239.9461
1195.042
1134.2599
1278.5337
1312.2246
1549.3205
1643.7574
1392.6765
1474.277
1489.0209
1553.6574
1440.8803
1286.938
1356.7462
1231.9433
1356.9436
1461.4001
1508.1458
1376.7093
1309.2204
1541.2598
1243.3843
1250.8641
1433.3772
1555.8078
1521.1555
1515.3386
1464.3179
1329.4835
1380.9738
1219.2132
1592.4073
1571.9548
1327.5159
1529.2148
1479.5426
1531.3266
1505.0628
1406.9562
1547.9262
1415.5197
1311.6694
1228.4156
1435.9344
1502.4408
1425.7426
1328.9798
1583.971
1432.122
1280.4974
1544.7398
1491.8192
1417.2035
1206.437
1473.7573
1301.5393
1766.6142
1676.0011
1681.2431
1328.1034
1553.8503
1438.5149
1544.7089
1595.5238
1577.4783
1461.4772
1205.6881
1531.7987
1160.5816
1506.8334
1534.7165
1599.399
1568.9277
1582.6283
1465.2547
1162.8624
1378.5055
1294.5252
1451.9017
1502.4758
1727.0698
1227.3973
1288.7114
1237.1854
1311.4324
1393.9306
1452.3452
1397.6037
1312.2205
1559.3918
1422.0252
1188.2218
1582.3855
1428.3793
1618.5392
1494.3395
1597.969
1724.363
1438.5304
1803.9784
1311.7004
1572.4183
1363.7193
1865.751
1781.1552
1752.1763
1455.6169
1523.7614
1557.3564
1704.1995
1614.2814
1464.4375
1448.3245
1487.4979
1656.781
1327.1319
1472.2053
1285.6182
1675.368
1314.0096
1256.2396
1335.1538
1114.4102
1265.456
1547.1286
1569.4452
1397.7445
1463.1563
1366.6752
1190.8113
1407.7615
1115.197
1072.8728
1536.1591
1394.0528
1462.6988
1311.1417
1285.356
1464.7949
1482.7041
1392.3948
1334.221
1318.4614
1315.7952
1435.1039
1388.4261
1608.6821
1623.596
1362.9966
1589.6805
1504.1379
1436.7153
1411.6386
1234.5046
1531.4601
1276.1121
1498.518
1673.538
1527.5325
1199.2976
1350.269
1264.4344
1175.0205
1489.2456
1298.1033
1312.3185
1108.3453
1247.3348
1420.0614
1497.2838
1618.6725
1502.1021
1101.6136
1283.7909
1410.7273
1452.9403
1348.5586
1402.9105
1568.8185
1535.1032
1491.8077
1484.3915
1358.9018
1325.8549
1695.5736
1404.9634
1465.2504
1402.1926
1235.2885
1566.824
1464.9855
1305.0022
1434.5015
1556.0651
1410.9258
1451.8597
1589.9604
1364.2151
1460.6193
1324.72
1443.1978
1185.1137
1308.3374
1533.4876
1542.3227
1415.7391
1092.2208
1310.7302
1412.3996
1602.1276
1424.1383
1379.9143
1388.0768
1318.4347
1629.5319
1439.337
1656.6122
1335.608
1464.6389
1307.2715
1255.4211
1325.2928
1388.1307
1482.8486
1449.9602
1144.9821
1492.6073
1677.7494
1395.2221
1569.752
1693.7635
1611.5747
1301.6022
1598.9776
1351.3727
1151.0831
1331.9137
1372.0842
1433.2268
1705.434
1581.7193
1659.2199
1518.7282
1536.5513
1571.4605
1516.3579
1294.1438
1372.1271
1559.4551
1242.7773
1311.3068
1451.9738
1329.3516
1290.705
1334.206
1285.9372
1359.7807
1476.1744
1626.9926
1367.2042
1570.7215
1350.8138
1356.0202
1373.0564
1573.913
1300.5805
1607.3516
1568.0016
1601.5626
1596.808
1497.6966
1482.9302
1514.9371
1422.5622
1109.6592
1262.6959
1282.4178
1835.2149
1531.1852
1618.5144
1355.4318
1286.6852
1413.0013
1557.7804
1219.1905
1277.0698
1507.9055
1502.875
1701.8728
1458.1003
1427.3046
1418.2518
1474.7986
1580.8037
1485.594
1578.5261
1535.7689
1618.4575
1691.1606
1695.8697
1600.2678
1457.3966
1286.2905
1302.4193
1286.7125
1452.5064
1511.2967
1286.2986
1357.7052
1646.9
1354.5221
1587.3836
1526.3139
1480.6438
1413.5612
1182.6901
1087.2703
1293.0397
1204.2036
896.47099
1450.1983
1536.8774
1517.5643
1395.2504
1440.248
1369.304
1214.3519
1317.6769
1489.1989
1388.7695
1480.5835
1515.5665
1504.5206
1423.72
1253.9325
1463.9676
1539.4836
1183.3266
1376.5408
1364.5221
1407.7831
1482.4077
1377.2226
1199.4914
1379.8745
1307.0037
1509.3594
1422.9796
1552.8462
1780.5471
1634.1514
1512.6596
1334.9945
1581.6568
1481.0719
1507.244
1411.1186
1417.6588
1136.2965
1380.8446
1493.6289
1531.1079
1549.3965
1368.279
1473.3273
1471.7592
1482.5667
1245.2226
1537.4401
1390.0709
1326.1424
1358.6498
1490.3432
1292.24
1430.464
1011.063
1418.6627
923.01604
1264.1689
1396.9145
1414.3401
1395.9808
1387.24
1775.4638
1576.9887
1691.2461
1491.5076
1500.7688
1344.1956
1398.3374
1482.6189
1398.2492
1325.786
1317.2283
1978.5356
1353.3813
1695.0261
1570.6558
1453.5647
1509.1044
1575.8597
1564.5587
1585.5487
1497.6673
1376.0925
1686.4879
1404.7103
1446.146
1767.1505
1565.6379
1570.4311
1605.1037
1406.8457
1558.9887
1508.3018
1579.9619
1647.3013
1559.1822
1523.7545
1072.8281
1171.9449
1583.3236
1579.435
1842.2898
1447.9048
1356.0604
1244.1353
1403.6107
1479.8037
1244.3876
1253.1391
1495.9677
1209.3888
1195.5669
1398.0277
1808.17
1547.448
1514.8655
1507.4638
1435.0424
1578.8654
1489.8064
1430.7694
1501.0197
1478.459
1124.583
1280.3021
1380.516
1478.0391
1289.587
1415.9142
1148.0612
1378.9286
1520.8383
1387.5901
1629.5833
1451.1482
1436.5099
1506.3519
1396.4016
1349.1313
1596.7961
1419.6501
1255.7376
1499.2717
1108.6199
1711.408
1424.3353
1888.8913
1448.7813
1455.9785
1487.2169
1324.1115
1443.7002
1390.444
1587.5569
1458.2326
1244.4192
1400.1223
1432.9317
1307.1822
1360.3492
1565.819
1322.221
1262.9899
1227.2873
1213.4577
1246.133
1394.5262
1520.0237
1155.4141
1359.5353
1318.9207
1086.306
1084.74
1289.992
1461.8639
1372.6425
1370.8412
1371.4895
1508.2622
1457.279
1256.3895
1387.245
1627.1924
1448.4048
1470.2713
1424.5739
1421.6902
1362.4548
1441.7592
1417.8466
1516.2953
1407.3411
1602.1343
1366.2215
1357.9263
1281.4975
1423.7487
1256.9884
1522.4292
1499.4039
1406.335
1377.4551
1133.4573
1262.7594
1221.4657
1368.7093
1558.3208
1358.9938
1333.0574
1440.7246
1332.7706
1318.2197
1352.5172
1607.6619
1376.2555
1247.6057
1201.5295
1533.8952
1635.4426
1570.3737
1495.7384
1555.775
1391.8843
1296.0044
1442.0643
1629.4682
1671.5696
1418.6979
1449.351
1393.9843
1240.2663
1419.9169
1621.8865
1533.2563
1437.1991
1565.4712
1665.4177
1416.0867
1667.0041
1250.2708
1545.6931
1371.9919
1455.4945
1299.8002
1341.6821
1491.0604
1471.6527
1655.7451
1413.4258
1366.853
1452.3037
1040.9079
1374.4872
1224.3014
1258.0669
1455.3498
1780.2234
1675.2325
1331.441
1397.9782
1299.7586
1509.6871
1461.125
1258.7248
1390.6839
1227.5552
1342.6542
1400.0685
1567.5498
1444.4364
1379.8881
1399.0325
1671.3947
1466.8871
1344.7589
1227.8697
1214.344
1246.5018
1309.0369
1342.4925
1229.3487
1317.0272
1346.6319
1513.7027
1308.5266
1268.9638
1284.5058
1207.512
1507.4927
1340.3604
1520.5892
1566.0543
1252.7574
1677.3486
1418.8077
1532.5195
1391.0781
1482.1412
1264.7554
1420.5174
1509.2277
1512.3228
1499.9439
1646.8361
1575.9476
1555.7239
1378.1259
1564.6717
1114.5049
1428.2445
1262.4717
1412.8131
1427.3232
1516.0765
1504.0438
1577.6742
1586.2721
1397.8133
1313.9631
1164.8346
1286.1633
1380.7469
1315.8239
1417.6513
1481.725
1332.9285
1185.806
1364.7354
1493.4334
1555.0027
1341.4413
1237.388
1449.3806
1502.8151
1234.2186
1613.7946
1532.3998
1853.5925
1680.7266
1507.1247
1378.302
1308.9552
1282.3248
1326.1491
1726.3288
1513.4186
1575.2095
1405.494
1371.8999
1313.7348
1162.6134
1516.3361
1286.5469
1461.3045
1328.9327
1323.1412
1443.5253
1469.052
1328.7884
1452.844
1373.5537
1489.2794
1396.8869
1526.0507
1525.0189
1547.5542
1401.0651
1388.0515
1192.7632
1542.7964
1478.0866
1512.0915
1566.7296
1505.6456
1462.6634
1423.8119
1559.5698
1325.6381
1768.4384
1486.6365
1530.1715
1312.056
1624.342
1523.7563
1423.7723
1551.5822
1445.2804
1638.6541
1394.4445
1212.1102
1530.5267
1583.4674
1521.1416
1369.397
1455.3528
1292.8119
1638.1903
1438.8121
1499.7178
1647.9823
1444.6264
1441.6887
1351.3784
1164.7171
1219.5029
1693.1873
1288.3144
1284.7415
1048.4314
1173.1824
1447.2364
1373.4482
1542.5475
1321.3814
1350.1976
1482.1184
1175.0509
1734.0357
1210.3687
1137.8885
1100.5122
1203.3997
1034.1518
1360.8021
1312.4849
1217.2574
1372.9858
1322.4847
1505.2727
1609.2142
1502.9117
1289.8161
1094.568
1071.9951
1397.6547
1224.0971
1524.2874
1449.1627
1583.768
1383.5974
1195.573
1313.0972
1438.4946
1435.6921
1503.739
1487.0453
1386.073
1366.9645
1311.048
1431.657
1874.7718
1617.2116
1553.3229
1338.1624
1550.3131
1650.7759
1554.6997
1636.7119
1719.0622
1739.3575
1394.1242
1355.1263
1384.1655
1379.9496
1529.8611
1482.1535
1395.3841
1426.09
1545.9087
1634.5829
1536.9675
1640.4271
1399.5098
1365.8183
1333.508
1438.5584
1338.0321
1562.9387
1677.1524
1531.6194
1521.9782
1395.9647
1574.6317
1387.3755
1574.3447
1576.0576
1395.9372
1406.6829
1196.9776
1045.3937
1481.0005
1525.8314
1269.8443
1216.1314
1353.3111
1081.8554
1117.9975
1247.5981
1456.6152
1576.1133
1245.4501
963.63894
1175.6618
1345.8677
1293.5771
1446.4366
1344.7658
1478.8774
1359.2166
1429.1608
1307.6682
1232.8635
1255.948
1412.5904
1419.19
1128.2745
1433.5943
1379.069
1442.1284
1253.8202
1276.8342
1401.5707
1387.3928
1357.7558
1301.5937
1185.2439
1505.7645
1383.3607
1476.2336
1334.4996
1293.5803
1391.9892
1378.713
1315.1329
1329.3625
1360.1181
1493.1425
1420.8929
1509.13
1637.9943
1687.8358
1389.9318
1433.771
1322.7908
1430.8944
1503.1096
1499.9581
1685.0514
1088.1355
1369.349
1281.4607
1407.2756
1267.8036
1277.55
1148.1343
1292.3665
1170.9213
1370.7298
1174.9489
1163.4288
1582.418
1424.7292
1517.2762
1369.2328
1296.6844
1294.7836
1268.6728
1075.1362
1310.2445
1338.4302
1488.5334
1376.0906
1424.2166
1375.3185
1521.2075
1410.9589
1439.9308
1246.1364
1483.9516
1617.9423
1342.0633
1456.4482
1228.8297
1324.5526
1485.4723
1433.6411
1482.7853
1555.0088
1452.129
1266.087
1378.4733
1318.5325
1338.4342
1582.5113
1496.3526
1387.0157
1370.0423
1353.7086
1362.0971
1529.5339
1435.8147
1353.749
1391.9072
1304.0575
1621.9204
1514.1721
1638.5864
1905.9925
1726.01
1640.5645
1657.2591
1374.2414
1455.4499
1535.5772
1328.4996
1478.6809
1052.7464
1446.8025
1402.4061
1382.8601
1302.6805
1490.9749
1270.912
1402.1434
1332.8809
1281.8923
1563.8535
1615.6636
1238.9216
1323.5314
1353.3077
1398.0248
1365.4212
1575.5937
1624.1725
1351.7284
1388.0156
1445.7802
1561.6772
1557.5728
1508.1755
1363.4603
1463.5281
1547.1531
1107.138
1712.4269
1382.4429
1345.0117
1350.8186
1347.4307
1306.2544
1107.9528
1454.9342
1334.6986
1335.9054
1140.9879
1325.282
1345.9131
1673.4977
1320.0231
1439.0371
1406.8989
1355.2863
1397.7624
1507.2374
1429.8802
1355.801
1042.9396
1565.76
1316.4702
1246.4694
1397.4504
1591.7102
1562.3189
1296.4734
1575.4098
1404.4994
1468.5813
1529.6011
1474.9008
1374.6911
1516.247
1190.5167
1596.437
1236.6281
1198.6189
1583.3395
1490.6718
1283.4232
1477.5639
1394.6879
1221.068
1368.8088
1260.9749
1290.3031
1383.6787
1306.6859
1407.2122
1476.2295
1328.6243
1179.6268
1339.7015
1395.7717
1544.291
1767.4998
1477.2406
1591.4067
1494.292
1253.6986
1619.2827
1551.2923
1394.5884
1213.5999
1541.7787
1517.5225
1557.1832
1608.1285
1616.9987
1491.6239
1603.8845
1348.6115
1177.4793
1290.8938
1318.2456
1503.4634
1595.2471
1549.3309
1543.837
1361.0006
1614.3485
1755.8952
1625.4586
1508.0328
1529.7516
1388.6321
1335.4297
1482.3981
1526.8509
1461.2681
1485.4699
1359.5825
1387.6296
1657.5723
1508.0749
1567.5579
1469.555
1556.7828
1494.7821
1410.0935
1382.545
1441.7313
1469.1825
1365.3381
1487.6418
1552.2167
1476.7057
1312.12
1375.7841
1314.245
1544.2444
1361.8922
1298.9372
1512.6002
1371.9386
1170.4767
1640.1768
1309.6324
1465.5985
1397.3892
1531.6857
1323.2779
1593.7861
1491.949
1379.4376
1593.5116
1595.2788
1320.5451
1418.5605
1356.1032
1526.8781
1655.083
1361.4418
1674.439
1522.624
1323.5912
1430.1572
1775.455
1554.5941
1311.1777
1388.8273
1172.4943
1318.9549
1385.465
1538.0558
1602.5067
1609.8901
1663.6982
1435.7854
1326.611
1440.5546
1217.6528
1293.2734
1462.1776
1448.9786
1420.4509
1530.0565
1308.8498
1330.0476
1326.187
1804.3753
1579.6174
1436.662
1536.2145
1398.3286
1561.1056
1519.2848
1466.9978
1571.8918
1511.0068
1582.5536
1390.4318
1277.4792
1540.3143
1351.57
1254.254
1443.1173
1476.9985
1425.6161
1485.2787
1361.9302
1313.3816
1350.4738
1591.0902
1415.1996
1556.5839
1461.7863
1351.2791
1527.4084
1528.3065
1405.1858
1202.0097
1488.6969
1390.9109
1497.2825
1403.015
1460.081
1482.8323
1376.9543
1570.8522
1446.2951
1503.5468
1373.0295
1475.4296
1333.5913
1285.6475
1468.4953
1323.545
1549.7259
1603.8139
1602.7244
1647.6501
1849.4243
1856.6497
1405.8404
1629.2617
1394.6375
1570.6316
1585.0064
1524.318
1665.5511
1766.3862
1742.2852
1446.8459
1581.1676
1480.1165
1473.6079
1766.7006
1599.8306
1469.3455
1375.5874
1335.2864
1339.5509
1464.1782
1521
1321.2183
1490.1353
1569.4795
1465.8988
1625.8534
1767.3948
1394.7422
1457.0233
1360.6538
1465.575
1625.6353
1401.5897
1650.553
1593.7183
1418.5703
1510.6916
1487.926
1381.4166
1409.6978
1534.0773
1339.5152
1648.9791
1626.9616
1447.9362
1282.4485
1477.1314
1344.958
1484.5817
1328.988
1524.4971
1478.2295
1546.5208
1534.2574
1325.3588
1701.6209
1521.644
1369.014
1273.4006
1493.8166
1633.1795
1541.2458
1448.3277
1693.2531
1486.0555
1742.4215
1609.0762
1227.8119
1280.2834
1368.933
1375.3693
1544.4311
1442.81
1492.1751
1476.0461
1250.737
1421.317
1477.3152
1383.6774
1469.0817
1222.2265
1178.1222
1344.1117
1416.2922
1506.0886
1120.4985
1204.0576
1256.3423
1116.4012
1324.3842
1258.0541
1606.0456
1570.1766
1360.4459
1296.3291
1158.7874
1484.1149
1355.3193
1372.0904
1615.1027
1412.5853
1285.1777
1356.726
1446.6638
1520.1089
1347.9324
1353.6518
1318.669
1199.1405
1491.7442
1491.9814
1541.2904
1628.5805
1505.4397
1454.1065
1302.5031
1197.1798
1322.9314
1290.0632
1403.6813
1379.3082
1501.7137
1481.0717
1470.9078
1689.2395
1358.7358
1556.8936
1403.273
1509.3913
1584.1178
1601.0404
1446.1771
1467.343
1410.8718
1576.318
1357.7464
1544.0277
1432.9201
1429.3757
1297.0131
1468.0481
1420.6758
1499.1176
1222.1899
1249.5657
1194.2463
1393.4206
1316.1259
1516.9233
1275.7808
979.35403
1357.1158
1244.3614
1435.5164
1523.4944
1201.2537
1432.5327
1567.4178
1492.4887
1534.6724
1525.2438
1165.4814
1162.5632
1307.7516
1342.6476
1522.9125
1490.8363
1461.7467
1567.2749
1362.0785
1262.3394
1365.3458
1548.2002
1586.7494
1490.8573
1443.9891
1217.3902
1323.0588
1486.9596
1309.6101
1528.4758
1272.953
1565.7135
1261.5855
1134.4636
1130.2298
1164.0077
1452.3869
1406.4556
1522.0709
1297.401
1420.5106
1591.6631
1638.4709
1351.4728
1286.2217
1277.3145
1432.4439
1422.6004
1441.7296
1661.2541
1390.0334
1004.1254
1396.3794
1306.4148
1390.7681
1433.6326
1378.7953
1439.571
1468.4207
1302.7123
1149.3318
1055.6713
1176.5927
1483.4964
1358.3879
1204.7352
1280.1693
1185.1669
1450.9027
1369.769
1324.9883
1396.3933
1251.68
1080.9497
1256.5065
1392.4155
1549.2062
1907.9988
1449.535
1532.3206
1458.3178
1207.6514
1286.7155
1423.6811
1263.1685
1428.2989
1416.3334
1568.6937
1398.781
1319.5543
1469.6569
1277.8306
1214.5605
1343.7187
1349.7595
1586.5795
1296.6524
1473.3146
1486.7118
1225.4287
1198.3205
1247.2204
1472.8387
1659.1748
1419.0744
1318.2113
1514.5191
1515.6025
1557.5317
1308.383
1346.4593
1354.6628
1669.369
1300.1165
1332.0607
1169.2582
1180.1959
1279.9883
1313.0604
1318.0222
1445.5215
1456.4335
1497.1381
1143.9526
1217.5405
1484.1979
1617.6589
1438.6541
1511.6908
1528.5494
1476.132
1318.7177
1515.1431
1289.6159
1229.9213
1423.3424
1223.5323
1182.2657
1108.434
1319.0895
1194.5786
1368.7237
1428.34
1469.2001
1492.6034
1605.197
1560.0815
1247.7442
1305.7759
1252.0406
1294.6899
1440.1567
1487.6521
1246.3782
1629.0478
1207.3217
1376.0401
1115.1974
1157.0765
1467.8225
1528.8953
1316.4456
1268.6029
1298.2305
1340.7685
1233.1227
1322.6171
1234.7674
1349.7011
1409.3763
1192.4203
1522.3046
1698.273
1574.4592
1198.8145
1428.9358
1351.6344
1538.673
1262.8463
1265.3445
1348.6693
1190.7611
1165.7034
1466.2037
1452.214
1522.2013
1356.4757
1518.8511
1319.8773
1371.4366
1315.1998
1204.8548
1328.0838
1495.1767
1291.5075
1568.8518
1341.2929
1462.5785
1318.05
1586.1064
1436.6186
1309.165
1208.5343
1508.5812
1315.6252
1555.0597
1350.4827
1246.281
1288.1271
1239.7289
1430.7087
1524.614
1239.1294
1407.4419
1505.0201
1770.094
1561.5746
1464.689
1524.3447
1529.7416
1202.2168
1581.824
1497.2823
1501.1361
1526.9909
1212.046
1454.0362
1283.4214
1282.0475
1280.0463
1613.0715
1402.2061
1412.2041
1430.5553
1382.7657
1325.776
1564.6772
1507.3807
1503.0854
1182.1036
1282.5751
1428.8442
1598.744
1589.9429
1342.3986
1415.1715
1404.0164
1442.0612
1590.0526
1541.4399
1777.211
1537.9772
1530.1481
1577.3523
1060.5372
1410.3859
1515.0004
1439.1384
1541.1313
1476.8042
1447.5539
1524.3211
1508.7321
1673.4531
1693.6169
1296.6498
1316.0354
1383.3008
1279.68
1407.7911
1270.7141
1272.7769
1506.9563
1277.1555
1410.4059
1649.4228
1595.3563
1565.731
1370.303
1488.9547
1511.2387
1391.2346
1510.8503
1451.8783
1549.1292
1321.266
1202.5801
1434.0763
1439.6258
1225.4729
1322.352
1295.5381
1329.3448
1521.7541
1506.5557
1275.0686
1336.0605
1259.6963
1302.9807
1766.8882
1748.8809
1599.8805
1392.0557
1434.6017
1470.6109
1442.3558
1479.2881
1544.3119
1259.2681
1182.2595
1580.5312
1359.0766
1577.0315
1297.9236
1564.4198
1512.3137
1304.6342
1560.4607
1474.8494
1541.8734
1503.8484
1495.1345
1302.5132
1172.1107
1441.9283
1200.9118
1425.4827
1429.1621
1235.3248
1413.8594
1387.0063
1509.5283
1395.954
1407.2219
1474.9364
1548.157
1522.6959
1759.0803
1377.5317
1750.4245
1511.1405
1468.6353
1578.2547
1413.5665
1076.4948
1392.4933
1432.3336
1445.5776
1381.5974
1240.2687
1445.6808
1575.8877
1457.435
1567.8569
1507.5027
1324.5793
1166.949
1251.2617
1344.9609
1680.2554
1284.6868
1496.1057
1673.6479
1236.7069
1371.3618
1333.2722
1509.8668
1408.1619
1435.6021
1611.139
1397.7341
1383.3506
1343.1446
1442.6732
1386.7984
1457.0558
1612.1596
1372.8658
1406.905
1476.6628
1317.0079
1490.2384
1361.5324
1447.7035
1229.1525
1296.771
1513.2328
1467.3955
1653.8118
1698.8292
1492.7168
1388.0516
1174.2263
1420.7781
1433.3777
1525.9132
1478.2537
1365.926
1544.3393
1489.5728
1249.7221
1324.0389
1614.4789
1285.4243
1446.2466
1330.0244
1417.7454
1521.556
1529.6358
1578.4204
1591.3766
1516.0255
1187.4426
1369.1835
1260.6868
1535.1862
1638.9968
1557.4182
1636.8397
1506.4962
1217.8925
1333.9676
1450.3825
1314.434
1381.675
1603.4215
1449.9782
1418.9688
1646.3361
1582.178
1555.5567
1404.4702
1395.0129
1445.0602
1278.661
1517.2657
1668.2969
1425.4749
1260.4021
1514.4935
1386.0519
1397.0937
1421.1206
1588.8486
1562.0153
1546.8481
1470.8782
1298.5135
1397.1009
1464.2665
1105.8952
1611.4777
1675.6249
1667.8148
1431.3344
1755.3926
1560.2594
1164.0798
1528.2711
1398.107
1594.3456
1556.2731
1496.3466
1196.666
1376.7738
1554.7053
1363.2813
1721.8334
1389.3008
1244.3584
1342.8932
1439.6871
1600.6073
1514.6166
1365.042
1169.6081
1290.0325
1469.5392
1349.6161
1550.941
1215.8841
1236.6357
1282.6371
1275.7094
1252.0944
1302.3731
1355.4483
1297.7215
1232.979
1258.9724
1154.6546
1489.8861
1589.9188
1474.1372
1508.7513
1536.6173
1530.5931
1337.3514
1397.0467
1354.6872
1526.3231
1484.2259
1389.517
1605.2204
1309.5387
1172.1826
1213.5654
1221.1517
1594.1669
1468.2176
1201.8123
1191.4333
1404.5229
1462.9055
1280.2717
1290.3564
1407.5706
1425.6877
1483.7278
1638.2683
1783.3029
1503.8094
1423.6118
1204.4631
1102.3696
1229.6739
1120.493
1336.12
1275.4544
1268.6664
1200.8255
1212.6952
1361.2655
1481.9205
1381.79
1213.7085
1311.8711
1397.7711
1482.2418
1240.4279
1656.2591
1360.724
1252.2472
1420.6784
1353.3971
1255.3669
1395.5246
1369.5608
1343.3575
1653.9195
1681.0404
1749.9559
1484.1398
1515.1503
1261.1272
1315.9473
1378.0448
1368.3593
1372.9724
1534.6397
1434.3405
1367.7276
1485.5425
1172.2434
1387.2441
1446.0611
1221.5243
1457.3196
1693.2772
1571.2868
1366.9004
1325.2131
1152.6133
1600.0287
1419.7138
1482.7066
1394.2914
1373.7066
1473.6714
1486.2112
1593.2961
