711.66864
1033.6565
1723.6006
1637.6902
1695.0453
1631.5046
1408.5619
1306.64
1291.1145
1285.3104
1380.9405
1267.9979
1570.0382
1722.1066
1571.6222
1378.2991
1323.0393
1248.3494
1260.7344
1112.3443
1368.5633
1281.7013
1462.8488
1197.0595
1131.7852
1206.8356
1408.5824
1586.0624
1343.927
1484.9204
1245.0846
1349.1562
1443.2716
1411.4252
1275.7692
1303.8204
1190.0201
1515.8097
1074.9119
1476.816
1074.411
1074.9213
1522.1393
1383.6139
1044.822
1193.6701
1126.7677
1470.5992
1542.5788
1244.9043
1322.7474
1312.5031
1411.1372
1385.5076
1207.032
1449.9228
1371.149
1225.1861
1282.2743
1308.2971
1415.4539
1272.7598
1555.3982
1235.575
1457.7033
1346.9204
1301.118
1418.455
1334.0148
1242.5877
1337.3876
993.62779
1179.5899
1145.8941
1362.885
1212.9034
1270.615
1501.5939
1389.3697
1395.8849
1241.1828
1269.1655
1339.7822
1108.3256
1319.4826
1417.265
1300.6823
1298.274
1196.0138
1306.7385
1427.0704
1436.5849
1327.4352
1114.7829
1497.5954
782.32258
1314.207
1335.3481
1253.8759
1488.3903
1429.2793
1271.9849
1254.1972
1407.8872
1487.7969
1395.9987
1330.9395
1361.4413
1150.8312
1513.1821
1138.9479
1528.2148
1438.7651
1252.8005
1149.5987
1024.8735
1317.857
1139.6899
1394.5426
1433.0117
1366.0323
1341.255
1232.6488
1061.2949
1245.2173
1119.19
1356.9231
1397.0528
1251.4071
1269.0713
1570.0199
1272.2134
1464.1556
1378.5195
1437.0524
1426.908
1139.1032
1266.1304
1484.7323
1349.8093
1386.9771
1141.5126
1506.3731
1164.3574
1183.8074
1383.476
1392.8486
1188.0882
1404.9629
1396.4646
1213.7055
1316.4477
1073.093
1087.3883
1333.5565
1208.4886
1340.2255
1702.0879
1632.1692
1391.8245
1216.6291
1232.0766
1442.8909
1299.7018
1357.9837
1367.2065
1600.7562
1484.5083
1590.1067
1343.7445
1487.0161
1249.5077
1267.8009
1324.8449
1267.8619
1372.4321
1170.967
1287.1003
1267.6148
1408.2319
1170.2127
1382.1817
1243.9508
1222.8245
1117.1084
1515.1688
1505.8365
1273.7453
1395.2912
1403.6533
1470.8417
1381.0264
1378.8562
1142.5817
1267.469
1228.4709
1366.7833
1362.0546
1316.734
1360.7619
967.21961
1336.4301
1412.4464
1275.0811
954.28855
1382.2048
1190.622
1549.9604
1398.2678
1279.6471
1176.7219
1174.6665
1540.7024
1172.1775
870.0007
1289.0567
1065.7879
1091.0741
979.94608
1078.5263
1127.9282
1328.2107
1146.608
1295.5078
1285.3949
1152.2725
1372.07
1686.0992
1455.7409
1409.8656
1279.3948
1364.9239
1359.1554
1063.4432
1204.8634
1097.4837
1282.6563
1135.4719
1068.1996
1015.2699
1179.6482
1052.4536
1238.5445
1047.3754
1306.582
1197.6632
999.78691
1310.6661
1064.4816
1147.3266
1332.5019
1356.7526
1273.6996
1161.7097
1105.2523
1383.0733
1273.0469
1380.7245
1345.8071
1313.1414
1243.8302
1157.584
1243.1712
1343.023
1287.0484
1108.6785
1347.0514
1048.6579
1112.832
1221.381
1398.0441
1566.8386
1325.6182
1266.0302
1251.701
1158.0464
1043.6402
1300.7995
1169.5702
1246.123
1210.6575
1418.3425
1012.6047
1326.0003
1123.5459
1096.212
1433.7217
1427.0071
1310.1043
1418.3936
1111.9157
1069.3639
1099.7973
1238.9503
1210.8759
1283.5288
1263.6277
1148.8618
1546.6939
1366.3517
1337.6666
1355.9761
1461.6167
1456.9884
1494.1467
1242.9188
1166.3193
1260.1902
1472.9213
1426.3338
1225.7944
1062.0849
981.34865
1153.9956
1234.3867
1637.1363
1627.9072
1520.9308
1226.0225
1193.0377
1123.757
1285.5039
1246.2658
1518.4176
1312.4083
1293.4832
1260.4177
1297.866
1355.3975
1357.4578
1312.1545
1077.5906
1240.1392
1487.188
1298.511
1549.5529
1278.378
1119.6308
930.71979
1237.918
1447.9732
1431.7069
1350.0843
1402.4822
1506.2144
1467.2885
1165.252
1012.1752
1356.78
1066.4658
1002.6333
1064.1074
1055.4745
1174.5274
859.48682
1077.8803
1581.978
1049.3528
1266.8508
1008.068
1200.9214
1493.7166
1248.5645
1236.4251
1007.1309
1285.1672
1200.4212
1232.2637
1094.5895
1317.7276
1283.9388
1162.2419
1377.4887
1135.4942
1220.3689
1054.8016
1344.1902
1070.1652
961.96173
1042.994
1420.0351
1432.9725
1408.5473
1267.449
1169.0687
992.89206
1337.7363
1447.4065
1103.6889
1237.325
1240.8605
1228.5717
1084.3494
1160.3674
1212.791
1305.2603
1107.4284
1254.378
1404.477
1636.9782
1478.0672
1088.9947
1235.0897
1153.4592
1414.0997
1291.2851
1135.9575
1307.3601
1132.0597
1167.2857
1359.7692
1215.2963
980.56574
1136.3012
992.67951
1044.0847
1099.257
1181.6386
1140.6989
997.1618
1288.9139
1314.7314
1395.8133
1094.3571
1307.5359
1397.1702
1425.5387
1406.8367
1166.4783
1105.3687
1342.549
1260.0128
1232.534
1264.9863
1265.629
1235.2739
1062.4155
1223.2853
1248.5034
1165.1836
1346.3006
1487.7492
1208.2167
1175.8769
1229.0163
1199.8177
1255.1748
1132.5822
1241.2576
1285.1112
1211.0154
1359.841
1027.5302
1282.5522
1159.1213
1394.7368
1437.5216
1237.8354
1256.386
1073.9339
960.22024
1247.5494
1255.4615
1402.7145
1317.4926
1222.8629
1383.2214
1200.4053
1288.971
1138.2966
1006.4848
1190.8661
1243.3598
1257.912
1124.6993
1387.2346
1118.5234
1048.9879
1217.8473
1099.9383
1213.9102
1276.3598
965.52894
1214.7699
1018.9535
1025.9139
1085.4975
1041.331
1042.5979
1126.1895
1207.8224
1058.6297
1302.9839
1277.2086
1268.5419
1292.3475
1311.8117
1197.2212
1348.8437
1068.0429
1215.4757
1238.0709
1125.1975
928.49058
1102.9051
1102.9261
1215.7203
1236.1814
1232.1601
1285.8893
1217.2064
1387.833
1168.1858
1241.7608
1116.9306
1037.9534
1315.4689
1299.2566
1477.3171
1251.5852
1193.0248
1063.4183
1179.8003
1085.8114
1018.5105
1259.9221
1205.063
1546.1582
1097.4299
1086.5094
1649.8522
1358.0275
1420.7721
1165.2626
1171.45
1448.4192
1287.9376
1146.5569
1038.4604
1291.856
994.55076
1460.0899
1112.2403
1465.361
1127.8245
1085.7584
1082.9987
1137.9105
1177.511
1133.0615
1257.9602
1071.3243
1418.3227
1471.8407
1065.0403
906.99319
1237.4714
960.88159
1230.3143
1342.8282
904.89293
1304.0072
1264.8312
1247.9217
1287.3856
1067.0028
1275.5515
1297.1923
1227.8305
1125.1341
1102.1815
1166.9387
1019.5405
1061.816
971.00866
1422.7109
915.44638
1080.7529
1325.5545
1043.6969
1064.3508
1399.7961
1032.1247
1165.4668
919.34188
1088.4774
1089.4805
1140.2415
1060.1671
1032.8725
1387.8568
1352.4236
1354.0377
1387.6434
1215.5788
1264.3798
1071.599
1204.6111
1177.6287
1156.6417
762.65556
1195.4737
1194.3129
1136.5306
1172.6273
1218.9056
1177.5938
1322.4453
1482.6139
1160.0632
1261.4346
1304.3884
1391.6494
1218.4033
1129.4673
1147.2729
1408.1361
1253.4102
1124.6877
1203.2815
1399.4596
1251.7893
1330.8621
1306.3197
1086.1901
1254.1763
1116.7478
1116.5828
1334.5954
1334.6928
1462.9336
955.68141
1223.3787
984.8358
1333.0346
1130.6974
1183.8097
1259.214
1197.1201
779.85811
1185.545
1236.8788
1250.6402
1264.476
1093.7727
1145.024
1434.456
1281.1401
1426.1086
1139.2545
1195.856
1203.1717
1128.7622
1192.8037
1268.9727
1265.6679
1214.2458
1155.6862
1379.5836
1215.5112
1415.8137
1147.9253
1174.5313
1293.0198
1248.5908
1262.3526
1344.5949
1243.4223
1087.8606
1261.9987
997.25184
1378.8198
1074.2915
1274.5797
1334.567
1289.0939
1402.9114
1335.3439
1254.4788
1111.3307
812.57921
907.07362
704.60071
842.56798
1155.2977
1248.3194
1337.1936
1316.3881
1516.9136
1411.9075
1371.729
1170.5184
1162.4583
1240.5073
1215.4976
1122.4392
1348.0685
1110.7213
1357.1333
825.337
1127.4578
993.07228
1098.9089
1306.2139
1267.158
1292.1387
1149.5426
1260.6743
1238.7609
1324.819
1207.0483
1096.2931
1385.2433
1217.3198
1286.3356
1622.0506
1494.9152
1304.0071
1398.4745
1300.499
1343.8996
1252.4424
1027.6462
1061.7441
1153.7274
1142.5012
1453.4666
1300.3359
1128.0314
858.49585
1320.716
1408.7813
1280.7575
1344.2946
1441.1984
1274.3242
1393.17
1098.0648
1163.346
1232.3782
1181.1625
1114.3861
1021.4164
1097.7824
1078.9119
1215.4444
1184.645
1047.749
913.78534
927.11638
1058.4295
1432.42
1140.6972
1312.1962
1291.2566
1334.1964
916.75574
1464.8305
1043.2408
921.35603
916.61372
1035.8861
1246.892
1174.5048
1133.2388
1139.1575
972.18829
1009.855
1132.4154
1148.6532
1062.8763
1132.7672
1088.5581
1153.9207
1377.6821
1159.1384
1000.5309
1074.6146
931.55619
1190.05
1046.5592
899.78009
1148.6142
1182.2869
1013.3455
967.41747
1023.5057
1212.1065
1036.0928
985.73685
1153.4759
1009.1076
892.09711
1067.2441
1308.7084
1146.1144
1106.1175
883.62087
1292.8686
1321.9907
1189.5949
1142.7216
1225.4494
1079.631
1086.6562
1470.9053
828.02733
1206.2907
1122.3215
838.37264
921.2426
1098.8302
865.43295
1269.6071
1177.0758
1110.2234
1305.7403
1316.1681
938.20689
1065.8544
1156.03
1154.559
1276.946
1225.5132
1351.6857
1003.5728
768.69797
1164.9941
1167.3338
991.16703
1091.9397
1255.9294
937.45231
719.20064
1065.1319
1043.2067
1062.8948
869.81173
925.8014
1161.151
988.53608
905.37805
945.16094
814.14677
1021.4237
1161.7977
1063.4037
968.34755
1043.1342
1306.9482
1101.256
926.41971
676.72028
919.25433
1093.1513
1025.776
1043.31
1291.3838
1155.2439
1225.5525
902.34063
855.55092
961.19537
1251.5936
1392.296
1340.3366
1203.5914
1258.0917
909.59974
922.97249
1235.3562
1172.5574
1208.2189
1119.8042
1222.0031
1378.318
1204.8139
1320.2206
1157.5984
1134.8283
1058.87
1125.1093
1093.7618
1160.2613
1036.5889
1064.6021
891.92217
956.86603
1045.4724
1080.3219
893.24378
1175.4826
998.72168
1081.4666
943.85008
1068.5068
1107.68
1449.2928
1159.78
1237.7145
1089.0499
1120.1092
1071.1977
1227.1709
1326.1952
1224.4479
1253.8939
1182.8597
1237.6451
1071.2805
1212.3794
1062.9929
957.74347
948.11789
1069.5821
894.93026
1085.6089
1090.3147
1069.534
941.6884
1017.6665
961.12158
804.93947
926.23037
761.69312
1020.306
1145.533
1240.8715
1083.5158
1248.797
1557.4906
1274.8167
1182.5963
1246.8631
1271.7182
1343.7152
1083.7403
964.49269
1145.7392
814.62185
1382.2212
690.48215
1084.9703
1400.2217
951.03778
1169.0662
1107.3353
1395.6843
1248.3639
1224.0977
1132.1879
935.6076
1067.5703
1128.4052
1060.6117
968.5906
939.20838
981.16545
873.69132
1143.2223
1020.0208
1247.1784
1056.1589
929.94964
957.04095
933.25281
1134.9713
1226.9564
1217.1348
957.39507
1126.6093
1058.1319
778.45279
1060.5638
985.15916
1074.0933
1019.5289
1086.3216
1427.0438
1027.1679
1243.7669
829.92626
1149.8473
1027.6504
1092.7028
1100.9984
1049.4499
727.21665
1038.4974
987.77753
1110.9295
1118.792
913.48579
1036.1618
998.67596
1408.9862
1329.4349
1162.0805
825.783
770.00535
959.79091
923.98638
886.8413
979.68913
1198.6507
1023.049
1278.5272
840.73092
1027.2268
983.20858
1003.1654
1141.5572
1190.7614
1201.9528
1094.2153
1069.7042
1395.5002
1107.1914
1036.7511
978.70605
836.549
802.63748
1352.8252
1294.8111
597.63484
968.04258
1110.9269
989.94139
907.75193
856.7212
1081.1198
956.53487
844.58421
786.74886
1001.6435
897.32486
714.46535
1037.8634
1085.687
986.0686
951.92862
874.25551
1178.1205
1222.1924
942.33617
869.48028
1203.7701
1070.9888
764.2971
1026.7574
1074.69
1002.3267
979.02991
813.64174
1071.3188
664.95062
914.91681
767.56346
786.24908
1265.1173
874.55917
913.15625
869.43977
877.59637
1251.8314
1036.6028
1077.4443
1100.1386
928.75652
845.59626
704.67939
1013.1321
993.73244
1156.9632
1076.7373
1054.5834
806.54003
988.14075
755.73371
972.17557
803.69287
1122.8746
1406.2271
1231.734
1111.6005
1103.1287
1040.6659
1248.9934
1352.2741
1095.0747
1224.4619
961.10523
1183.6343
1097.2268
1085.4062
1104.9013
819.78043
1000.3648
941.76781
1035.8007
1149.0642
872.24462
752.50306
907.92809
722.28653
1019.0764
1003.7583
955.62282
1130.1207
1177.9343
820.0206
1094.033
1146.0823
922.35947
1315.9541
1179.2953
559.40844
800.32648
1059.8638
989.80262
1213.4029
824.55005
1339.405
761.36065
787.14411
725.6046
888.76099
936.73967
913.87768
858.0574
916.18153
882.93132
882.62353
738.40135
871.37646
962.52137
976.55834
1072.411
1113.6148
1111.7338
1070.834
1248.335
957.03512
976.81045
1027.0107
886.82059
1015.4514
1045.6369
1080.861
1298.329
858.14419
1109.5694
1167.0625
832.88136
933.77265
852.78842
892.34931
1279.83
686.34552
810.01198
874.02871
1136.4481
922.40782
1133.1505
1151.1678
846.76652
858.94965
962.86544
1133.5651
1081.2736
1276.9415
1185.6571
870.7317
1239.6126
967.59174
949.4758
1002.8664
1091.7922
1036.0536
989.09307
826.41226
791.81507
1104.5435
1001.8586
1368.2379
965.94808
1045.2791
830.24452
1239.1758
1000.785
711.17971
1169.3031
971.6859
1024.5946
1005.0327
718.16861
1150.2361
949.5797
739.47468
1031.7822
834.59416
976.41482
1286.6621
918.65845
870.61444
919.11497
609.19464
847.41682
788.46405
1010.1896
1045.3286
858.05749
1371.1558
1057.77
1245.5774
1225.708
1277.1754
1421.5446
1040.6504
1120.6638
1157.4933
1152.5201
1283.4628
1146.3899
1307.349
1174.8205
1122.7997
1059.856
1129.7395
1090.5979
1046.3145
1085.4707
1345.5406
1173.6576
968.66344
870.64485
971.65679
932.90298
857.82619
1122.3923
1130.7279
1092.3405
1160.342
1028.061
991.72923
887.3129
1090.0902
1294.3755
1346.4486
962.75798
950.52319
1011.0633
986.63833
1057.4032
803.51503
649.80609
982.77278
1007.1418
989.1805
1022.6477
886.71476
1216.9267
876.37646
1159.8658
644.73687
1273.0564
1296.1427
1195.0383
989.82583
983.24875
1072.412
910.80114
1154.5203
881.95941
1019.9115
957.0713
792.69464
1233.3463
1071.6438
710.77549
900.90804
1293.956
1219.6798
1247.8561
996.25485
1023.9681
1087.0303
1024.6497
983.0445
802.66251
1002.284
1018.8808
1006.3368
1001.1038
1086.5689
905.98728
971.03542
867.93277
613.02355
836.19022
788.04034
1039.6549
1192.9157
906.96842
1012.0493
998.39107
1052.9489
1264.512
922.22641
866.36064
1067.4621
719.34046
793.69474
1122.8364
955.40951
878.36982
1380.7016
1156.3423
1227.8551
817.66537
697.00697
1201.901
1011.1863
828.63617
804.63823
891.28095
828.39381
1055.9761
1102.4886
800.56831
1006.9074
1208.0702
1073.9046
1172.2618
887.375
1287.1238
841.48028
1294.1881
806.00704
998.06664
850.56769
932.66503
1148.9277
926.97403
1122.7769
933.48308
754.74313
905.05901
985.72319
1106.5743
1042.3924
978.13296
1199.4591
1098.8484
1084.0756
973.57496
1048.8152
915.62363
807.40485
1175.0761
1030.6749
902.98431
1099.6949
1236.1607
987.95849
719.71529
848.17621
816.734
888.53014
897.01028
952.68895
742.3912
676.79983
948.64982
1015.2125
915.36791
724.73839
1035.6094
941.73207
830.46957
806.49175
825.04885
997.79731
832.87099
937.33185
1076.1335
1385.2345
1417.9618
1531.1686
1022.9928
936.50991
752.35842
731.35264
875.86107
906.52025
914.20518
1279.6273
777.14795
914.12348
1111.8415
1134.3687
887.34141
1333.1502
1094.4619
957.89278
953.94483
1072.4622
1253.418
1164.3296
1272.6538
957.32852
716.53076
943.29489
1186.5332
1388.2254
1438.6811
1192.2815
1259.7578
1065.5904
1168.9497
607.44237
1070.0523
1358.6468
1018.4308
979.89792
1101.7351
1074.6805
1072.159
909.19255
868.16666
750.37495
797.7571
762.4038
1017.8127
892.08135
1108.0783
974.19693
902.39201
851.71729
836.19425
1133.1032
1273.9796
868.32124
490.45999
667.35438
960.40937
986.61854
924.7222
694.41833
761.03657
959.56297
1253.8846
944.36611
866.40615
1115.4351
1259.5676
1059.6686
932.92712
969.02852
829.45314
1259.1658
1078.1317
1018.2951
968.44389
984.39492
1037.3907
1210.2903
879.47878
1075.9385
1136
1149.5888
1192.1597
900.53876
966.55151
880.41021
1175.6713
1041.0029
1071.9216
966.58579
1102.9681
930.7704
796.97725
925.44325
1104.9093
810.45099
936.97277
1016.1111
1483.1874
1360.0456
714.61584
874.37344
817.38264
960.04035
849.40245
653.61853
575.4061
630.1588
826.63056
725.40706
876.37909
658.4363
961.36151
810.92743
704.00096
1034.3991
992.84535
1061.4197
775.43072
682.74651
638.93483
1304.903
1006.9294
808.99898
999.50964
942.29747
865.13069
1184.0638
921.01756
941.09121
841.10217
519.65564
910.62292
964.43129
1037.3983
881.2754
874.91205
865.87583
1181.9305
680.77731
468.96155
532.60645
811.53501
791.39511
1022.6697
952.30034
847.80997
838.82143
691.85132
950.97466
657.83222
858.80471
714.69018
747.0238
755.46438
1033.9772
371.15293
667.01633
771.48846
690.82541
720.0675
863.62373
741.71564
870.85008
837.60425
993.06954
993.64829
953.33235
689.80105
1072.721
863.40963
772.9333
1037.9366
916.35488
886.17591
691.72968
743.55749
1002.5189
1118.0857
904.03495
947.58332
715.68622
664.25281
858.56207
780.16956
803.74281
593.44639
863.687
595.32476
839.42746
657.44131
796.73209
773.33968
873.62323
944.62296
627.37247
987.54972
702.05074
653.81639
972.08451
846.36265
855.58516
1033.4206
720.86461
688.18359
1002.1794
616.43729
858.23592
692.27923
940.33126
964.07499
1127.0645
911.17605
927.08707
862.5307
961.66536
1005.6053
676.65997
696.53223
902.19455
799.23973
934.28502
964.22198
816.00834
720.54529
593.01159
649.36683
753.69855
861.52035
1050.7362
690.57481
735.14921
760.81855
669.80864
850.23168
858.65142
924.82879
826.17887
602.6252
658.254
937.9381
1206.7473
890.03548
882.32147
431.74486
829.65819
935.54381
910.12041
754.77634
934.69509
773.11944
1242.7912
984.03409
1008.6942
891.46883
696.72978
896.09675
833.50936
820.27427
920.49362
871.62459
882.23042
672.8828
774.67302
673.14071
475.72565
775.9897
792.98135
600.81859
789.05884
826.49391
884.7451
515.89905
1111.4737
582.96997
789.38933
723.05686
589.23803
593.53954
833.59536
797.58943
869.35877
519.424
666.69105
733.01189
785.86656
1009.2443
1106.532
838.0016
1018.3445
814.8013
730.39034
890.35955
915.55629
740.61712
869.88089
654.51559
626.19245
701.31573
896.91707
933.09949
1291.6714
1062.9268
1149.6132
957.75552
945.43007
776.69062
1073.0065
965.48996
953.92165
872.41333
733.6916
806.26728
683.90255
1083.5137
1103.1771
939.10731
808.15168
890.8103
905.49908
1094.8258
929.40819
861.27454
1070.3514
842.92746
719.25383
727.3015
1122.0199
907.74969
1438.8126
836.32139
1217.0491
819.11188
929.90259
798.83386
764.61738
869.69414
924.08453
706.55868
709.43497
785.8574
925.53206
607.22257
964.56209
984.90733
881.46814
556.52093
732.12602
520.22813
585.22196
734.74945
702.16577
1085.7293
682.78478
712.83294
921.08561
808.047
476.20138
700.79058
917.94441
766.6145
704.72587
798.33681
783.13163
650.85543
920.13411
726.40484
669.63895
655.83026
851.85303
477.11903
451.20364
820.8716
676.47034
708.75205
772.37135
599.02019
620.72328
682.87995
1050.7272
818.926
791.15761
581.28486
762.98395
761.62115
760.42828
892.09764
688.25266
945.79622
850.8106
908.88261
834.14116
1083.597
762.93606
747.50739
899.96312
839.29804
926.29323
825.00958
950.55833
533.98338
729.61566
724.29834
694.55507
1039.6174
952.85867
482.60788
797.85362
718.6616
754.94245
667.52741
552.77911
622.93057
471.47546
817.13637
547.59178
816.64468
725.59151
521.67361
876.91777
891.74594
751.59412
628.3169
727.82238
842.45219
773.33379
988.41985
517.42946
836.59462
1213.8783
857.44626
1017.7188
678.00718
886.3748
750.45714
884.91523
940.18077
645.94021
650.37664
531.25328
902.56206
674.57087
873.55888
614.74551
650.93205
762.42048
985.12398
674.81847
861.91371
761.35934
569.11294
991.16161
566.29578
816.63757
750.7059
812.96551
887.09994
711.26913
729.29544
807.21951
564.25773
664.99981
417.65206
486.25832
739.4463
737.54892
636.96909
683.40634
588.8807
739.13865
728.12145
766.01743
689.48506
896.33594
611.84402
703.95308
803.77135
708.33466
615.3751
666.53626
743.90035
729.32564
785.75783
845.77197
581.15602
904.4739
658.96736
416.79054
776.82622
963.07631
753.30434
571.14578
591.09072
697.19834
797.04841
939.52088
726.3172
872.3607
758.86535
407.34209
607.26675
779.53938
611.40917
1329.5008
994.21193
1182.0905
775.76772
713.3588
657.56701
644.24548
563.60342
987.22548
731.18657
633.38439
786.19168
847.17624
542.44062
739.15481
847.98258
989.69472
736.76653
747.10446
941.95575
573.48284
699.15804
895.45323
901.98098
603.16326
1019.4507
881.61966
695.58862
613.86464
653.422
572.81152
560.4189
789.28808
799.76795
903.76039
579.03403
787.43784
534.6993
769.38898
587.22551
863.76299
777.28717
899.39647
709.94522
548.66377
640.55759
853.86392
712.54966
673.55379
772.40952
691.53862
885.55166
1269.2615
827.31274
622.00911
788.26129
983.06183
732.90453
1238.0605
620.78782
647.57496
776.29076
934.97243
835.30377
819.7513
586.7823
466.54182
1483.5991
1020.3464
657.85139
704.25896
697.72571
1147.2465
682.01182
665.55368
700.77388
674.20746
728.24919
382.57781
631.04823
555.81782
771.32415
596.99391
692.35731
663.90895
987.45116
745.08313
751.37803
1158.0096
759.94894
1248.8562
1129.8689
891.07856
1048.8383
745.82796
1126.3941
651.70119
558.94541
646.55438
563.25669
814.39329
683.32031
725.71134
791.30396
801.80966
703.22357
893.62944
851.65632
697.25413
800.1445
596.34298
847.2708
875.04734
1013.2187
841.86415
1015.1415
1247.3442
1164.133
1263.9395
1391.1623
1230.676
1271.9565
1111.8912
1119.1659
1192.3657
947.01676
952.91131
833.68799
690.52412
804.97208
981.53474
959.36356
1047.9231
756.22805
1375.6251
1071.0466
1007.2851
1021.3893
1391.6495
1053.2565
870.37196
948.47797
563.26146
842.47702
859.82968
1220.7865
1257.0052
1117.9566
979.74961
760.62535
818.25169
752.46818
615.8692
443.06023
601.22218
666.23513
1358.1646
1162.1318
1216.6332
1195.211
1200.8552
1200.191
886.6449
937.04711
1062.2188
1138.1613
877.97312
945.56985
733.78817
1000.8071
677.82476
949.31352
500.83884
974.37824
828.03998
855.69158
1013.672
537.19504
712.24188
1143.4892
934.59756
771.70435
1017.8082
884.88349
513.17965
625.63833
550.8131
1067.9452
822.70389
634.82777
1257.2626
677.28778
1033.2074
942.33278
760.00424
773.97866
671.24209
710.90948
820.14908
739.56373
563.82371
682.89472
680.58643
838.9552
740.11185
768.93664
1003.6181
815.71414
989.7952
693.48841
589.34525
944.28575
861.71248
859.26909
674.58896
729.13741
850.20826
784.34521
474.97623
606.91635
1022.0682
1021.2373
894.28374
699.10472
772.70206
589.72291
738.92346
853.52699
825.91338
891.49118
854.96864
833.01638
753.14367
539.51231
633.9877
693.78765
616.60971
844.70648
648.3374
917.5564
635.59324
701.34568
589.85611
864.6778
626.09284
741.40484
927.66553
964.11066
1012.6353
807.24137
744.3918
652.42949
780.60099
678.06246
533.51081
571.55991
964.67618
1003.7066
654.15145
876.49326
672.74378
722.02079
798.23217
1060.1981
833.31094
734.14519
716.68938
1149.8758
1239.4908
994.11466
948.74642
842.86704
730.26713
936.35466
609.11924
618.95915
599.20651
821.71208
836.70629
895.18449
378.16665
863.66483
887.29741
576.97888
631.34357
734.86109
731.27525
858.23178
817.16124
713.37295
423.9167
634.04129
516.32754
576.30855
560.20008
760.16286
738.12649
634.31548
752.63884
637.10623
764.9932
639.06387
623.49376
720.99266
787.47297
637.86701
623.73769
790.23361
636.65277
740.8941
686.83918
735.69355
720.41385
703.04059
648.56707
818.41073
632.15043
618.74003
757.8215
887.42309
1029.0643
691.52308
718.1202
1051.2813
731.46912
497.20403
719.35553
964.42879
815.56003
748.6853
835.01856
761.15407
695.83172
655.73298
750.85485
406.769
836.50059
754.78861
928.10271
866.96875
739.32035
1101.9283
879.38263
763.03226
933.53263
926.93454
562.39401
795.53566
891.16933
551.56384
642.97663
811.57409
890.69337
717.08047
659.41549
614.65254
505.69073
956.04541
634.53213
830.68315
707.1836
713.84386
690.09782
398.6002
820.66231
815.39612
984.97699
662.16075
742.7443
780.12769
1056.3811
706.91684
775.06634
724.74891
557.09906
795.90303
993.87837
595.9404
768.29723
546.79335
466.78377
590.20086
1026.3277
930.97906
625.63346
803.30261
678.07926
908.20411
753.27224
867.60058
842.64679
456.51531
811.5307
683.75351
922.99418
736.21269
673.54513
872.76601
582.43325
761.44242
957.55846
824.12321
990.99549
829.27739
779.27573
721.76578
509.28231
526.73037
756.21413
921.41762
883.16509
934.51275
695.68247
757.65714
698.05997
788.39997
590.36811
766.73378
855.30465
987.7664
966.60757
830.07773
863.09882
737.23979
434.45497
544.90549
672.42241
662.33897
899.02247
637.97613
797.75457
752.44163
859.18211
755.66024
783.90414
782.75485
837.59794
669.16894
701.34537
689.50592
777.77733
815.83322
585.98424
761.91286
766.2055
977.6469
920.48447
791.23876
987.43791
704.32618
832.54505
954.87566
735.76763
796.28643
928.61443
787.69246
784.08864
820.40432
898.38566
904.49699
780.55373
795.11002
730.50275
463.96091
604.82714
806.62252
952.54133
933.25823
619.77488
499.54276
623.49367
725.08643
848.96424
953.65135
837.38844
802.60523
641.60537
620.49748
1168.5725
979.35372
743.76033
598.88182
636.68618
781.24766
829.2133
766.08057
840.57404
901.97031
661.46892
633.40467
737.17264
524.39361
491.40313
756.81426
823.06139
882.29207
1103.3372
740.36224
589.70998
612.11715
525.65832
721.75848
830.07503
931.90573
597.35384
805.54817
908.53383
641.32243
638.31137
382.39024
873.97047
845.11741
708.09989
523.86439
805.49564
628.07273
753.59684
864.77801
637.19477
1031.2529
1156.906
1103.1278
1008.2997
1164.6903
823.06393
627.94506
630.13733
415.14133
714.69077
580.37737
747.70854
737.56977
692.35245
611.15737
612.80375
671.32268
849.60268
612.92233
471.26065
293.60329
622.47462
584.73345
591.19629
576.24278
616.84978
831.93576
927.64391
555.76891
659.82867
606.65425
802.43386
794.46213
974.49736
1015.4946
1004.941
865.88388
742.77188
921.24188
855.08295
848.27301
604.42777
732.35209
840.74967
679.87512
768.34022
676.35512
551.01331
583.73962
664.33425
884.4596
899.50822
879.7733
800.19189
605.22446
745.88974
716.40723
776.08255
595.10671
681.90463
624.80498
638.35533
538.75902
540.81927
797.32524
728.16388
719.34959
442.73241
650.25035
714.5504
431.34223
849.41848
844.45299
717.70067
917.38236
1057.3616
1101.7513
919.52432
798.60863
932.73307
688.60621
708.39932
908.31993
786.31489
650.18896
657.06439
768.79747
717.50222
599.31813
426.04355
653.78297
788.69803
567.90006
522.27609
787.35864
707.74362
756.76861
608.72083
564.90513
732.58939
681.52459
469.53478
657.96015
688.34656
686.65733
847.38521
639.67097
398.6442
906.79874
783.54442
479.61379
450.97716
495.64407
685.2398
839.64489
737.12744
675.24869
813.16645
764.82457
793.02319
917.27959
702.19288
747.58936
618.83187
711.51334
603.73511
585.89547
409.9273
572.21274
583.731
536.48146
636.09244
794.78813
416.13175
581.55607
306.17485
525.14096
592.18204
766.28876
525.4503
603.13649
552.29561
864.27257
674.86207
582.19893
707.39226
766.00444
577.70007
471.18389
646.69727
514.75473
441.26143
679.6804
512.75196
666.38674
473.55213
648.23013
813.67036
694.06637
512.30893
637.92586
515.86302
720.81922
451.35592
668.55282
851.42703
869.60589
551.94134
550.95964
358.7305
481.20258
499.19972
555.24962
437.43583
608.20155
763.99282
678.48681
333.02997
668.99407
724.27147
760.57113
447.66709
588.2033
606.06189
387.16512
302.48309
318.80634
541.4696
595.83036
630.68355
709.42782
652.32567
522.36999
491.48016
615.46114
525.81487
562.35726
625.94612
639.69455
827.56722
629.93347
1029.5336
1091.2345
616.91696
845.56951
733.6195
625.53789
669.14744
479.73125
592.31792
568.85432
1125.1564
793.31431
390.2831
474.3644
654.38125
819.11623
623.60907
570.93855
809.96877
884.10336
801.18854
515.29473
652.42644
296.02795
642.50182
452.927
400.24315
526.67708
423.97105
658.80275
786.79746
430.12494
487.05774
597.73519
159.6843
294.16167
346.81051
647.70791
641.96414
734.54169
427.41831
682.56263
577.61084
624.873
531.85874
535.31878
253.95037
513.83003
485.79157
712.77359
487.08317
540.02331
917.34172
465.62339
572.77791
469.36897
381.51688
701.20694
755.72266
716.23496
769.8503
652.57411
688.43243
413.14725
405.24229
483.85817
687.23346
656.73187
446.86098
705.06451
733.41308
356.52384
641.00348
635.61094
747.80492
651.8777
468.41779
514.70764
796.9109
1030.9348
654.34683
669.98225
505.00836
360.35536
514.69039
451.23102
958.00402
575.99328
644.217
733.28755
772.35701
556.73871
592.85252
564.1018
736.45516
599.24118
623.80646
563.77634
600.81777
929.73923
714.66632
749.3143
639.35969
420.98282
527.21604
726.91414
761.63048
461.35154
540.93968
523.13203
602.48772
597.54404
720.79204
879.36861
659.09901
627.50513
684.11413
578.64757
709.44998
542.8919
559.21253
583.39737
453.93485
541.42006
466.5122
449.97344
790.56447
869.72524
581.27911
385.2547
675.03968
564.48767
499.14123
451.45201
623.1543
676.89046
582.91522
675.61405
442.28582
565.48227
720.71361
865.50437
492.00506
503.64725
578.89385
702.58212
731.15038
646.11236
361.69001
648.27823
505.19805
825.07389
731.04236
666.82146
621.26754
459.82488
517.9367
686.49604
694.36993
712.56049
575.32314
511.1501
568.93113
618.55776
470.88514
648.11629
631.32693
488.90296
601.48291
516.81598
437.69488
712.41954
536.40205
583.24789
740.13999
553.30722
467.77138
595.37777
608.06651
583.74829
574.04557
566.77125
732.38115
608.84121
678.20212
525.94937
877.94541
651.80387
736.8159
670.64415
625.22228
592.01516
543.24842
641.49843
777.65387
701.1668
767.86798
615.56336
455.27801
473.34789
601.9016
443.10605
566.19685
623.76654
324.14208
343.53908
474.15123
169.6706
336.03928
361.90872
613.65481
401.06536
733.46298
514.84629
557.35056
532.0465
455.64364
706.66464
722.85613
840.27701
490.52609
816.774
595.41159
600.78608
664.03296
696.22976
517.55116
824.33887
590.92745
846.06425
494.00934
537.48261
439.69391
390.41138
561.64441
718.89606
780.89571
946.25093
694.37915
621.09308
462.39322
326.36813
629.73867
430.80989
396.59869
633.34674
438.67194
698.58369
369.71901
679.59892
604.77639
529.09275
648.69193
732.24902
402.90628
604.95315
555.96992
461.2791
691.65483
541.62112
532.63198
850.29549
496.22236
646.60418
493.11252
501.63695
475.19558
381.86689
344.60093
817.2129
839.15191
730.11996
481.85351
624.29868
361.98463
794.95468
420.267
684.6892
429.25409
579.90495
609.97154
774.28226
461.30085
581.85206
333.35943
413.48701
492.96244
905.4005
545.89583
476.78929
518.21308
441.7258
462.60783
752.50304
841.32265
534.162
588.1175
625.51785
475.95626
396.64433
433.02222
660.69627
528.28074
541.44814
591.9627
499.93607
683.87436
766.37297
464.35365
537.26536
944.54107
419.62973
534.13501
513.13018
736.87831
744.6047
962.70031
269.34406
352.12564
1058.0581
646.56848
652.08288
520.79875
526.71827
380.83318
450.42047
763.1626
498.49689
783.99286
592.30456
474.37999
327.25718
475.07418
554.28164
427.49378
337.82283
904.1385
354.79899
935.80525
851.43318
853.15383
774.08638
657.39475
236.29503
501.13947
725.42122
687.39463
675.69959
798.94273
670.53099
904.44247
751.56824
517.2934
576.90811
478.10479
632.18698
443.28447
895.81533
610.68742
742.16404
896.10899
534.72906
390.04497
546.1378
510.56261
740.05396
861.47311
605.26598
937.53964
837.87212
745.11664
688.90994
587.82964
668.94992
473.57567
547.46002
621.26249
649.54242
868.61252
816.47139
830.5182
507.23509
709.13244
1047.5846
764.64823
991.93863
747.48741
644.257
565.25603
370.57076
1026.2971
562.23028
899.25714
941.19416
787.04059
570.98087
608.41033
785.424
356.34508
865.3166
801.72962
753.91664
598.20495
552.51032
689.28907
397.92101
563.17326
800.65673
560.37643
491.26231
423.55915
447.03513
510.10971
654.92206
560.79907
748.63579
789.08183
459.71005
668.38984
560.64676
625.00894
498.00737
598.10685
757.11821
597.29812
546.48983
438.75855
598.23392
460.34219
461.57018
531.29368
753.31721
304.18483
434.91286
122.81742
308.18001
942.71528
498.98526
574.10741
582.16798
597.28568
276.47521
626.26302
415.11367
241.58743
470.55235
674.18886
467.05043
463.93463
508.76715
779.24529
367.49463
790.66608
687.88405
710.05583
564.43155
681.92323
617.97588
512.22636
678.54385
881.20827
759.19512
645.91228
749.78155
489.48826
508.1632
655.45807
297.4548
379.71151
751.34321
646.35316
425.61249
617.43252
742.0279
1033.834
511.0258
653.17509
772.22041
721.65792
653.00514
709.96888
803.22622
789.16871
627.54618
829.74638
846.43721
790.21509
708.18937
768.08884
683.54385
518.71734
725.55143
863.93531
833.88074
493.55246
804.94324
678.28195
1076.1476
624.41371
720.85742
698.5458
765.85199
532.21949
879.52376
950.38051
956.19078
552.36822
598.84858
822.06982
637.13498
534.29341
650.75084
592.42875
501.13015
646.71852
721.25563
587.72916
821.62081
596.20998
484.67367
604.04998
751.82169
879.33016
229.08865
653.94637
459.68366
957.9161
781.62824
709.96688
746.13385
773.18709
672.06925
564.13393
610.18135
477.42485
769.51624
591.03276
644.19878
621.66126
475.79049
689.88514
531.26047
590.07399
397.27665
742.76173
709.67107
423.06785
194.92461
528.73171
519.88535
576.74448
885.20169
776.36057
952.98134
719.55807
845.4626
714.36805
486.78306
209.45118
848.31641
698.54828
578.10943
792.17462
739.02739
861.46457
836.07321
645.14303
818.39154
778.50628
883.89224
829.8322
704.44896
705.27477
745.21004
597.21317
659.2696
512.58018
361.15838
587.61554
617.33223
698.94203
818.78209
343.44178
886.53527
948.6062
843.20823
656.04872
777.81723
450.25199
374.17441
858.1081
599.25102
559.03895
531.24144
770.87074
845.114
995.2243
930.50893
784.76785
423.42945
579.22904
706.74727
668.77124
629.18826
779.97865
463.24496
548.42626
730.83411
709.4977
544.56495
197.47914
539.55966
533.48661
668.18056
703.62534
755.16471
574.01084
660.14928
604.95034
668.4722
422.95069
647.90114
766.44044
843.23797
489.85691
553.71087
563.3435
625.54316
454.81579
452.65008
540.44943
544.86498
409.0218
691.34144
424.53878
603.96784
465.26514
602.35591
277.51029
536.91244
569.56441
464.55549
466.19592
364.19443
698.04172
323.97653
489.42454
668.02778
720.04847
495.45968
856.97856
487.34127
525.25737
550.1268
488.43664
962.51699
1014.6146
626.4724
716.17289
903.98464
574.82564
337.75215
764.47606
715.3492
731.64006
827.91837
632.43866
597.53175
298.06546
707.30255
617.1337
495.3967
686.33381
488.25797
600.61694
394.23092
560.32256
585.17026
749.54385
740.61419
696.96844
681.80002
290.96702
485.89938
672.916
638.33536
864.39497
524.80101
666.01036
671.78872
741.0988
625.61118
632.97872
400.92491
431.7967
479.07371
696.84312
735.55886
852.55821
597.65357
764.46301
827.62367
683.57293
556.02923
395.48417
412.56971
287.84386
637.95137
504.71687
585.11624
700.65626
438.22684
581.44926
634.90908
584.06435
622.45153
498.62401
594.13697
740.58422
787.89417
686.68336
680.35654
550.75763
578.6896
371.23622
561.57784
554.99722
566.12337
644.2259
588.58817
910.40558
585.35171
589.27269
410.7492
427.82659
633.8928
744.3758
467.33625
405.1704
581.54744
535.60181
622.82979
553.82611
544.27406
708.17989
89.162345
573.99908
474.63256
717.94536
537.96051
635.45731
547.92475
610.88645
369.2568
632.94437
383.0655
394.82523
437.94011
438.39836
646.41749
593.70903
579.26777
625.73253
275.364
392.30078
398.47224
812.28257
581.88423
663.83621
323.25968
458.0109
492.3995
871.08749
612.8286
460.7459
510.87249
598.69177
716.73395
257.65099
412.7383
447.03824
549.65798
321.57942
484.47982
389.78738
430.92211
819.37618
651.58926
381.77035
464.00891
677.42314
554.30032
524.28048
588.62591
670.18568
524.90431
668.14247
322.52863
394.23628
554.65429
497.65857
481.87718
539.56239
634.34929
695.44322
563.0224
650.17116
729.00716
675.96514
519.97251
442.20367
397.52356
469.79069
742.82501
549.06378
244.46513
375.60575
227.42617
390.86019
415.77321
508.93316
657.18746
391.77083
446.71538
466.85968
686.67153
707.96978
651.20755
704.68917
613.28954
459.19452
273.84935
228.75518
556.40469
462.24242
449.6169
418.74515
587.31763
395.53917
282.07616
364.76732
607.35599
723.95638
637.48147
582.71512
517.36321
492.72802
510.29766
408.95221
716.84449
572.63464
372.25152
623.47949
363.00564
408.95614
699.08004
610.22432
649.61687
672.06402
460.93563
443.10366
412.23068
399.89602
458.63717
635.62204
388.79638
625.01174
422.30949
438.35753
383.4843
612.96004
704.78748
399.54901
558.58174
575.49985
276.90165
542.51732
798.78175
624.92965
570.25638
576.63799
624.99667
764.6528
428.81397
611.85746
619.01823
718.85105
563.2658
701.91562
827.81711
760.547
501.44106
629.81057
451.19311
543.75788
891.56177
373.70318
903.97758
470.91477
642.13274
568.26491
526.93156
582.96619
590.31378
490.54078
611.68034
608.09402
560.70792
572.84392
724.55086
436.76714
843.35475
632.2705
832.75446
710.05732
724.02959
794.02806
745.7042
458.18979
245.34459
645.28195
477.47701
526.58614
468.86729
543.79954
417.75868
475.78353
487.281
278.39553
501.1579
501.91235
687.24134
599.19196
597.54587
669.74924
597.19744
426.46105
489.22783
553.59761
559.43819
685.24355
857.36775
740.62815
491.81311
556.87417
914.74628
644.90826
159.08659
945.04062
905.11594
850.15064
801.77323
553.51468
815.04338
697.30487
753.18762
497.72444
512.87619
670.7473
670.34483
680.7186
585.47729
632.60685
641.71505
422.30905
482.18239
423.36103
494.05648
539.91856
632.93422
303.09481
767.74835
758.63079
604.22011
734.18716
279.78905
635.84595
680.43481
773.96373
580.69865
698.01994
582.50115
890.43391
469.68715
674.84659
502.13979
624.9569
515.01906
341.58768
238.46038
252.40651
589.41252
448.89804
446.19413
638.31512
804.37893
497.45111
633.63633
699.22049
685.946
866.47885
570.35367
580.3417
511.27094
590.38027
710.27543
904.29792
624.91401
446.29928
517.88501
674.29476
374.79955
434.69152
500.68527
561.87223
390.01111
818.40209
835.05276
641.65631
426.14156
276.17579
663.19017
355.25342
857.65136
766.14884
893.04561
622.14538
681.89589
474.83421
511.40656
584.05674
568.91022
565.36081
603.64997
598.11513
394.04127
533.00293
917.98238
320.08143
658.57196
682.0953
530.6933
538.73667
453.21705
276.8096
288.98856
439.35295
764.44782
733.2602
861.15135
489.12747
579.07228
538.72244
735.06507
842.85277
714.73062
353.3902
575.82664
681.21324
548.22491
577.28052
628.92415
547.84444
607.24096
793.81871
676.63561
522.90795
734.75645
695.81661
752.73211
494.4423
600.10495
543.03082
604.55315
563.00519
537.87615
693.87883
782.97898
831.73969
448.83126
444.25088
416.65881
552.03952
698.20881
460.62289
833.31806
591.59032
580.26774
673.95715
645.608
274.36689
594.00929
580.14299
474.47741
378.59401
447.93523
483.25744
443.49695
546.86475
540.3435
594.82013
501.24378
342.93444
674.62778
878.0027
560.55177
704.7565
522.0249
353.11475
781.10001
685.78413
563.24741
433.89694
657.22822
486.94
610.98232
872.14224
425.09809
749.80991
266.52895
711.96771
519.09103
799.46107
566.71796
362.35616
470.45247
301.00956
637.09014
396.3841
568.28234
904.55485
742.47513
710.75407
493.33477
371.01024
532.88731
517.58566
598.36341
774.42341
272.33436
582.90595
621.92845
470.09706
761.1017
598.38189
666.8678
541.16423
524.8372
268.19148
454.96995
280.45576
726.20415
614.32558
606.06857
457.10616
557.15536
726.63597
740.97765
876.05697
566.04731
452.5826
597.89428
497.66274
788.46754
639.36073
735.14076
416.67183
903.66598
567.53797
477.08688
670.46817
479.22204
621.64815
772.17451
798.10888
765.5802
505.70932
582.57512
872.70284
506.45098
787.11544
613.62404
710.46565
639.0975
600.38763
469.44703
693.65259
647.18902
722.24595
634.59829
704.49967
383.28947
534.06661
560.50374
580.20047
361.6678
538.98596
646.12217
558.82557
669.1515
902.9913
581.05068
535.54132
720.75821
495.8699
500.74881
741.25166
590.80655
850.40833
733.90141
401.75923
402.9817
347.38172
550.00241
825.1423
678.8049
688.50512
725.20257
721.64739
359.08238
451.8764
616.01179
550.44444
304.78196
122.84328
606.51437
766.00574
436.50618
893.94897
806.13133
539.03034
581.03013
609.71936
685.47326
481.67672
558.96128
320.33901
539.50224
692.23207
620.76675
675.31928
519.49283
549.84111
370.53867
431.35199
569.60367
485.10795
128.67289
452.14354
292.33926
853.68617
881.35519
415.20812
554.25146
509.74199
713.8605
785.3669
582.33025
568.7991
702.13308
481.3484
586.39847
232.47099
619.7218
667.66747
720.39295
487.49726
669.483
582.78944
614.77795
587.69448
487.08886
669.74869
443.1828
653.87621
601.04529
621.49435
692.84926
483.54304
538.43587
480.02821
612.76795
683.33342
651.41865
753.31549
769.13983
953.55679
669.90396
545.33183
654.75782
379.46081
224.36002
578.9741
601.16159
474.29662
665.5936
644.90245
675.43997
662.93025
765.12868
653.39222
418.48523
476.46102
570.43808
300.54034
610.55456
689.93988
601.02206
545.55616
575.95454
630.99343
606.97542
561.82737
534.09155
686.03055
547.14693
491.7815
420.99381
447.5158
589.15763
412.16884
625.03753
546.8529
213.869
625.89902
649.91706
587.84388
356.53325
367.69447
649.36892
867.50235
540.18899
638.46155
618.80382
589.01753
470.05709
691.02962
527.66611
348.7619
746.25786
455.50585
478.08267
713.93147
379.71156
832.91815
705.05745
722.09941
816.35728
608.89669
542.85222
549.02355
664.36658
627.29493
555.07887
356.91339
405.60084
369.74857
472.66365
877.41534
817.91108
618.7821
583.16245
343.94051
490.70351
364.36708
683.38993
529.99704
880.87804
637.64115
382.43026
651.32495
567.01444
636.68378
708.99802
884.19329
596.76167
806.99914
520.2176
626.51907
362.768
479.94351
724.23317
445.74705
721.50255
386.71799
321.97419
434.49527
436.6106
636.96866
327.852
605.93232
495.79431
388.5172
422.2166
747.18766
634.43453
514.10806
663.23882
613.7455
650.19581
467.91187
793.76667
579.74588
756.13039
669.01931
435.92533
527.5632
762.77132
866.98432
1271.8131
675.15501
645.45633
630.29941
705.02938
831.14026
570.55708
608.25857
481.67705
903.17034
1110.2801
894.4618
720.50539
856.38445
719.56905
508.29698
714.47795
485.31906
701.41745
1047.4427
788.12155
918.12635
956.26999
940.20296
546.00879
598.08064
729.33955
787.83377
850.78809
509.48309
565.53195
654.38412
391.89029
901.33852
824.83821
562.19568
649.30363
505.19183
557.38072
665.1621
733.05303
624.39624
844.77766
755.41534
537.48327
714.58814
570.9757
726.87474
1005.0416
731.90928
678.00887
770.63648
811.98563
853.0566
538.89788
400.61152
497.85544
655.91684
589.53601
626.5604
780.32436
569.56263
851.32044
452.69803
676.49067
427.04921
468.34327
521.27045
616.17019
659.63353
604.45163
813.60245
542.53127
764.13501
476.98626
321.10114
278.08253
221.08669
811.23157
558.92999
553.42335
544.30459
542.18244
258.51787
728.80038
546.99482
649.03885
582.53214
577.62883
472.18951
448.01123
581.60208
870.43475
687.55898
548.70937
412.82136
483.0094
556.358
823.16477
645.33323
922.44847
702.32279
921.81897
707.81541
768.62525
807.41468
850.76696
415.91436
622.19935
531.94111
502.95464
358.24434
318.39636
828.46567
576.73558
588.62166
539.3733
740.4987
581.35827
691.26932
451.43112
630.96454
677.77622
736.7986
621.80135
549.54756
519.62257
740.10627
680.38866
647.84752
520.67595
731.86409
805.7083
564.18848
693.13405
309.79653
615.75999
561.60085
642.19976
380.71534
539.72474
691.9449
601.75538
533.77584
699.02982
399.58554
576.50293
565.54609
391.35195
205.21824
465.80144
421.45919
763.42212
824.63548
704.17272
671.28347
663.62169
535.19648
613.48833
762.35943
773.88912
542.77817
569.17327
620.47039
840.52858
541.39768
688.90889
839.55574
624.49113
626.56536
533.12293
655.70752
481.03801
604.94105
470.56192
599.4356
626.29895
612.93346
600.18677
498.84664
413.26469
588.37595
669.1392
471.63859
705.99218
657.34016
499.81131
391.0846
516.51561
595.62419
639.3548
514.47202
552.89985
656.55962
876.20658
519.50718
659.61432
468.19798
456.26278
318.1344
664.394
507.2858
471.24969
543.2509
544.48679
494.07512
657.63248
669.38077
579.97718
533.91084
686.02969
387.84765
633.28649
251.70949
567.94744
510.22188
510.78464
747.4457
604.76435
553.8011
895.71249
958.77035
772.35139
655.70069
854.00473
703.88145
680.92203
514.40237
500.00408
384.34765
420.53367
407.2036
245.33253
681.04748
664.76985
626.39114
356.00936
470.91342
591.95792
449.09273
691.87555
624.77507
585.49197
951.79223
816.67793
550.04054
818.42156
828.13917
910.39898
626.99845
687.66745
824.97984
628.55389
520.09075
562.9399
476.58581
677.99866
624.86505
463.1577
674.62247
521.0242
899.3
569.46275
658.02823
766.17948
487.10469
579.08273
458.58591
619.63331
445.59731
427.80132
807.06882
468.86656
613.47829
758.53611
396.1048
855.3838
740.83509
416.19543
445.13188
418.20194
695.88542
647.06701
506.15704
489.87161
424.35472
575.21929
764.70237
473.38617
774.62444
437.96353
670.66556
709.3621
671.30547
565.60641
763.90214
712.93372
747.89275
532.3877
614.50319
745.68099
720.25247
669.08599
661.28338
527.63545
524.68877
474.19946
792.95068
831.77517
665.441
486.29022
661.1683
580.77762
484.01023
609.76414
436.51005
486.52654
687.23321
574.61837
744.78619
717.88671
782.80923
445.42019
592.31745
520.30139
439.53469
419.18955
718.67091
566.7627
621.42508
603.67676
569.1625
582.04946
612.58892
594.68835
681.28489
583.92003
790.63271
588.52082
940.07391
672.06828
559.75315
636.85738
540.25503
481.80935
693.80462
701.06977
799.98529
754.01318
528.335
707.68541
541.23631
677.61581
681.41104
640.50211
547.15425
695.86053
683.31262
513.88685
563.4037
840.5616
713.16708
1057.2149
565.44789
872.01259
682.48432
996.99017
478.24909
640.57075
589.00322
531.61078
588.66553
713.9988
536.60365
984.84196
797.20207
752.30947
474.52382
730.70784
453.49509
451.69601
91.31974
441.30556
684.67425
669.62407
573.71238
428.79396
496.18484
642.20137
722.23581
634.76306
482.12308
375.85823
511.37853
585.76014
317.49599
750.89009
686.56341
805.45758
659.03236
744.33821
787.37356
443.3664
622.92047
442.81439
586.32941
609.18769
506.99898
434.08556
669.5601
333.60688
458.37118
938.06115
593.97802
613.00794
512.36468
655.92335
461.64044
860.25724
574.77015
548.53606
639.50418
504.33314
637.46417
639.54396
762.50353
657.52365
898.99413
797.10202
750.06974
568.35563
457.31919
906.06374
571.78125
564.7411
644.70925
717.98625
490.61811
426.60426
674.68911
559.73279
938.72305
671.60644
554.96376
606.50891
587.02153
579.93025
535.4037
796.6976
590.45291
311.45485
385.24732
625.60365
360.77943
547.63352
438.85144
669.5841
320.09693
591.14409
851.27406
562.08921
813.68133
365.75783
761.12929
408.00776
549.21133
979.22197
730.25216
654.06264
618.94567
831.62426
815.84972
570.29952
625.11242
956.99299
648.25583
457.47694
537.88874
367.03038
766.73874
644.73963
502.51376
478.00149
533.31751
550.94858
835.6013
346.94938
636.1179
636.03279
499.61881
621.88783
265.23707
717.72627
667.58981
695.64326
673.73505
738.32265
695.77495
556.37456
715.26302
516.93931
544.42033
677.29882
857.64249
715.98668
407.55435
638.0257
395.79061
588.99001
587.93737
804.06807
433.4302
499.72907
507.05306
491.76036
713.87471
881.26138
774.21344
712.27309
719.60232
677.66915
416.48822
754.63883
553.6658
664.11351
903.42255
802.32872
570.96279
578.46002
701.86954
705.21353
308.01819
626.52731
654.10488
755.41385
795.21392
549.67252
691.77934
522.69324
676.27807
490.16571
745.67615
571.95601
721.99927
303.66331
735.3839
949.63517
524.91992
748.4632
633.65724
599.56121
661.46329
148.04309
559.36372
320.3029
408.44297
935.75113
431.56881
722.56978
649.65735
548.3069
563.30798
469.55776
456.87316
880.41659
448.85855
691.37339
696.77771
831.71821
611.12498
675.62009
607.82166
619.33117
604.73634
363.36669
651.34637
600.5703
629.38447
461.10084
375.29339
651.99883
420.59872
593.70888
446.31725
823.16277
443.85182
479.80274
462.61825
761.79088
856.50722
606.43633
662.28182
735.95904
773.86866
645.7261
583.85609
437.30049
491.34667
682.65357
396.26995
198.75977
433.1627
565.99057
529.2857
682.4191
541.7621
612.71288
335.43103
555.71407
557.16126
334.94488
454.42157
113.13154
381.20724
377.50788
493.47741
552.70568
666.01899
688.5098
540.33357
465.44596
617.07689
536.09032
421.57387
588.82481
451.52039
508.14386
371.13742
403.79889
312.80853
522.17955
396.81047
542.21157
754.4213
472.08432
400.75406
370.22821
757.5082
785.59141
603.75772
404.64742
465.58586
631.04459
427.94006
627.53375
565.06903
503.45284
333.99603
563.08068
535.11642
573.12441
343.11601
439.45853
413.71345
549.0136
541.17055
469.17121
819.93635
643.45706
726.35678
446.64014
468.94225
591.14326
763.54988
519.59375
647.90273
592.84067
452.91501
745.11162
163.58206
625.75713
539.53207
819.2291
874.22242
590.95648
635.91547
407.88076
508.95502
464.51574
538.62241
698.37346
539.0872
534.50516
501.13767
364.61718
780.6984
629.9066
715.33153
657.09793
748.23566
675.82574
555.71233
676.29985
585.19728
647.09632
581.98765
662.26482
475.2326
593.28107
447.76391
502.97279
766.63545
649.05504
941.05474
696.00231
646.84453
471.72844
455.34297
546.86547
747.03848
641.61559
693.95713
368.53783
588.55081
613.78599
429.83387
665.20012
772.03834
438.19545
556.61355
261.6609
566.89235
508.88113
496.98984
348.95498
510.32301
436.90476
415.27406
443.07884
441.88485
544.33013
561.78345
392.51642
246.59457
360.19299
497.6823
294.26147
341.72048
405.83579
613.65866
567.32884
416.34327
592.84435
1199.2621
705.29413
588.4989
504.96459
730.01299
314.55328
512.74705
664.33689
379.52104
645.9764
554.0463
453.93101
443.86006
848.82718
496.12915
646.89641
489.27038
432.62516
558.79668
449.83332
444.65306
729.17941
708.26744
621.93699
638.85727
828.51931
615.83276
649.97596
686.56525
759.90075
797.94465
651.30858
652.89543
658.46258
701.18494
506.25577
468.43715
963.57805
976.81493
419.14919
528.77943
578.38218
231.55603
411.48818
585.47193
369.75096
471.4447
354.17117
884.99597
800.28152
321.54199
495.80493
447.72905
666.26958
369.19462
470.0933
503.65518
698.92342
598.86834
664.17258
414.08427
539.27058
490.97541
507.22185
756.07807
378.18235
411.15801
488.29529
540.6202
693.03464
271.97738
229.98653
476.09324
470.71814
568.70903
479.18156
300.65809
597.4038
397.0185
445.46171
747.13666
524.04565
618.38038
603.37098
456.19529
268.29613
614.78639
295.90038
361.94841
537.65573
669.07995
360.77862
666.79994
310.99415
399.23478
657.11448
510.44591
337.36141
658.46436
606.81637
215.24615
500.25987
458.72652
493.70175
648.28531
425.77523
496.05839
335.78551
217.83256
345.22326
341.99358
390.72611
317.44119
408.75107
444.13577
547.88688
794.3913
481.99533
789.16766
428.35853
627.73518
642.14651
725.00411
559.73637
423.39588
705.59269
1099.1068
549.3807
834.17447
885.19502
694.80505
678.31425
867.80836
553.86858
598.97219
855.66852
594.98424
624.68472
611.97637
568.55971
613.99934
582.27195
541.60415
678.16252
323.69076
605.13861
580.06211
629.29631
545.40561
586.25904
575.48457
784.38087
749.82413
489.96905
673.15754
385.6201
473.65543
582.5305
218.59428
472.76568
637.51677
819.59782
621.78504
806.04181
485.44946
700.7603
647.35423
650.73334
741.91812
600.63582
408.68592
558.98581
697.02895
808.19376
602.13046
651.48124
541.19917
567.61256
639.33345
691.08343
653.07034
687.58822
671.5763
511.9502
599.01607
788.17905
599.02247
731.731
486.57023
905.64292
1200.7834
580.32386
524.87883
564.60817
655.68391
608.78533
640.70941
656.19429
351.44888
637.2235
524.67028
612.92086
472.14029
315.49401
513.88095
403.28423
572.161
668.12405
588.14018
458.77935
220.39648
598.14279
942.32723
641.73662
489.88481
373.67034
485.60403
457.84565
860.63025
872.91821
588.37133
814.85515
1036.3901
593.69677
656.4621
577.35952
672.9079
578.13889
617.28424
537.90847
663.24619
637.98576
468.81465
488.11353
326.95775
534.41927
596.30133
717.38988
746.23573
415.61956
363.82001
700.0682
575.53661
755.0103
570.39785
397.12108
461.58363
822.8699
658.31671
537.66183
459.68487
550.08141
687.52946
530.73018
612.51345
451.20427
543.07587
692.53636
466.96414
508.31397
555.84119
554.66761
423.08256
616.14305
557.58643
587.16467
267.12185
658.23085
627.01474
633.4998
532.39143
584.58783
651.26961
420.83626
558.43288
555.60788
236.86374
477.82904
172.54209
423.81136
585.86152
602.36236
527.13294
387.21354
615.57334
548.38441
605.94224
440.78102
743.76345
575.96392
563.8934
527.03153
138.07
585.34221
479.74189
418.59966
580.79101
340.27187
312.90857
516.44074
326.1961
528.25903
426.43681
397.10367
370.16161
575.06769
407.8064
725.70035
703.75809
707.6042
468.53677
420.07249
521.24737
428.29081
385.67529
475.51351
271.04239
524.43443
554.32316
741.60094
754.57987
854.74309
450.83396
384.29474
502.231
731.28862
426.96021
342.0471
679.60329
482.03615
570.48564
439.92945
565.90935
436.51037
411.86377
366.81564
450.41304
772.09563
1013.1454
691.28623
313.84256
493.71679
512.58791
584.46967
412.25787
631.92771
717.26403
470.70608
290.35485
466.56565
301.26486
507.05082
553.05875
532.62507
679.7207
634.89428
679.58374
832.63767
835.20067
701.18735
555.9811
606.29955
751.34697
620.7273
365.94303
672.24906
438.38234
647.04123
497.85161
370.42671
283.14411
137.29647
725.84112
408.12176
346.26747
524.70707
383.34451
396.13299
481.56834
449.04259
548.77529
532.27002
425.20652
618.74361
300.94237
261.08342
413.89866
485.90535
841.5096
454.66367
492.26086
639.04989
918.27125
726.02645
563.68909
652.46862
515.81513
388.44802
496.54166
315.1407
403.05486
417.57806
495.62701
553.25498
489.06292
451.12714
181.80645
486.33439
492.43425
460.65532
585.37285
253.76672
462.61099
316.75896
403.10532
510.93863
564.93587
945.67348
788.73597
535.73432
434.53222
533.64203
437.28987
580.13498
501.99036
514.06909
491.04473
286.05768
654.15623
344.72904
572.05422
602.62934
381.6483
463.03516
477.74646
812.00784
346.78502
370.90574
511.56127
792.48492
830.68672
597.30873
568.20543
684.05791
529.61129
536.40199
436.67581
689.51126
810.82435
719.90234
692.13606
852.85031
1011.7106
639.97891
626.87873
453.81077
484.98902
674.29308
769.90591
497.25558
612.98851
580.9403
799.00373
811.91796
701.63042
480.5621
507.25966
828.27643
607.02495
520.73413
790.4462
536.03867
487.1113
693.93488
693.38878
704.38014
457.50295
203.1664
361.85189
591.96758
689.64446
647.66016
278.43974
796.83653
442.2371
652.46129
981.11143
360.19962
484.7303
697.36965
550.78786
490.18321
419.85831
668.27388
604.91795
759.13129
676.24203
792.88203
721.8882
715.47715
824.66357
572.89612
694.1155
371.79122
982.12882
577.48119
719.93432
882.32948
812.42654
697.96075
581.23459
468.30302
303.57533
255.67361
373.79722
549.70386
515.674
606.98951
651.39751
511.6913
519.77103
578.74644
592.12215
407.9968
405.42497
487.83141
526.90925
365.56336
621.87639
541.20068
408.47045
424.63207
324.53148
509.1688
535.94194
637.37673
372.34714
397.06837
693.41897
362.74594
420.24903
429.19971
445.07868
552.9153
427.29576
628.61655
619.66517
686.87253
499.36402
414.09927
427.60716
629.26636
577.53517
621.08145
560.42094
528.40539
369.5151
927.6151
578.44104
488.84466
556.13355
536.70608
338.81565
823.6417
516.59415
639.88662
302.27186
819.05171
534.67338
644.18666
737.33647
463.77674
560.49091
518.91709
422.98544
331.91381
739.17905
356.77949
614.51869
654.05972
600.83416
777.93743
547.31079
687.44733
529.44107
881.11676
687.10236
341.33515
558.97642
554.86494
723.48607
958.98361
620.51383
421.37544
1174.3015
780.56823
625.2576
971.99584
757.29227
580.07192
923.37829
382.68208
771.17069
572.99116
500.09466
492.50682
485.71863
397.6085
355.31203
528.25916
610.89961
736.5116
257.28245
534.11631
465.38266
347.62023
378.60686
935.3035
283.23954
729.66631
562.18449
380.27376
547.17385
592.76785
448.24461
706.82263
571.9649
442.39501
646.41945
593.67873
629.88892
631.2816
376.8882
662.42915
515.17006
214.28453
652.15917
496.33967
484.99419
583.48952
316.10925
403.47537
706.77837
583.67143
429.19218
614.57771
496.23087
711.02829
610.45711
750.1863
683.84811
980.61474
746.44925
534.77295
543.53288
444.79582
808.91622
730.75944
594.78286
718.37989
621.27951
928.23753
850.85552
679.8433
629.14737
588.28986
598.07542
815.63104
431.57824
703.7475
728.84321
682.77741
667.11285
545.53207
788.94335
662.6392
583.33097
413.31465
607.06359
405.1707
437.5677
382.89761
550.32994
437.58579
709.64571
704.84727
661.59939
455.928
156.41094
608.97121
568.05524
756.18174
556.38908
428.86906
593.38719
623.65629
456.40093
523.23385
490.2013
659.11503
618.23348
818.56919
566.96089
573.77554
646.90332
530.39976
582.38332
525.52176
344.12896
602.92507
513.69771
658.3789
429.5419
624.96674
459.7156
587.80148
612.26102
215.58032
353.74719
669.17221
408.45091
460.50216
448.7533
462.82368
427.65254
589.15223
706.31024
613.07941
404.57899
495.47626
635.85767
340.91958
509.02799
362.24086
466.81206
377.43002
437.41072
612.93502
601.20167
500.67891
379.12182
631.06777
388.20491
347.16644
318.26535
581.17937
435.53774
525.437
422.58287
630.53606
763.65804
695.80586
383.79833
715.98422
386.64709
512.36629
444.87697
670.51614
806.54011
597.22678
439.46346
555.84257
530.16265
348.23047
644.59143
612.41377
458.31343
425.23601
717.73994
547.2982
797.7445
375.85789
739.54163
687.84272
1024.7605
936.5044
402.33086
407.93642
531.97
875.15356
852.86181
577.54089
623.40229
810.44136
787.37355
849.75764
535.40134
448.63637
618.04787
596.32009
786.76879
863.56051
713.01208
481.6544
576.44442
321.18738
497.57691
558.19157
555.43336
482.10113
649.86501
415.10569
501.32895
558.52423
466.97537
580.3579
435.89962
661.34478
492.39828
369.44972
487.01643
274.89496
489.65323
513.51543
610.94648
366.95227
546.33144
552.88461
634.38503
518.90907
398.74115
542.84701
641.69362
602.47777
490.14724
673.82927
683.33943
641.22166
749.92473
502.09028
409.39847
673.52866
402.16335
527.89939
533.58469
539.07505
365.31998
566.77378
742.1455
495.54689
460.00424
1026.4352
472.11219
475.98599
808.06376
1009.1599
802.40028
983.52471
636.8191
418.85486
518.1519
584.25149
670.53541
410.55887
494.71297
581.93625
749.92236
534.78658
531.8919
369.34204
628.63238
272.24294
574.72929
624.62276
588.14281
516.87954
491.12961
702.87459
680.40633
522.32875
577.37779
359.66339
473.99586
432.57498
452.65636
316.05249
399.65879
353.64525
172.59712
623.14234
585.60533
656.96447
872.47413
420.83783
466.18641
704.61974
613.62148
575.72424
708.98814
333.04093
495.63121
372.35385
586.36555
361.77377
610.12116
261.40155
494.14787
447.73001
584.79748
437.42282
844.60716
574.32535
428.70017
543.83117
341.15876
641.97943
594.13268
516.05022
562.53025
432.71397
348.516
537.09454
587.53408
620.68038
560.85942
599.75868
527.8755
428.74643
289.51815
577.7887
434.84302
794.01375
737.50521
544.94635
504.25082
271.71768
491.32839
530.51337
753.75352
445.84771
648.88296
626.9038
263.88848
616.52546
639.25379
495.29803
649.8662
717.23697
566.0881
750.85995
720.03955
963.70845
564.3781
696.22129
447.3119
473.52093
472.88714
343.75783
644.11079
318.52407
632.75742
415.22352
708.89225
762.0953
935.89446
245.05463
357.59068
365.08691
546.00009
457.85139
481.93526
436.06264
562.13536
419.54543
574.8316
495.21244
598.83523
380.47636
368.51202
492.1286
718.72159
470.18249
654.59726
543.43872
711.8041
352.40029
300.12268
386.68683
292.96928
595.32875
642.17241
314.99675
424.24193
469.18729
518.08433
354.94015
765.08939
526.52843
626.72881
434.45111
685.61177
681.57218
567.15201
567.66519
644.71887
280.90768
686.3993
608.26862
482.89409
502.78526
503.36876
507.10434
694.87868
568.59302
682.26405
687.34765
540.88292
482.48812
338.55442
302.48958
486.09061
361.8398
549.47705
723.36913
654.92246
503.72214
197.66589
592.39911
262.54547
596.33728
472.65654
501.24455
357.21806
566.29967
581.31227
688.52324
613.77589
294.10345
393.82868
857.06256
492.23242
544.88325
328.95322
337.17243
596.52911
610.53452
568.13902
593.2371
706.28365
334.59514
499.72165
662.05496
787.22886
727.05333
754.511
526.24523
524.22667
431.03055
679.09454
614.29616
311.47147
575.00899
587.52079
727.38493
442.86704
432.33186
395.59285
495.44157
578.27046
609.75409
573.71754
500.84085
536.96999
421.84038
476.60669
626.52191
758.00593
693.1147
771.47039
487.26377
838.08029
644.58916
907.05192
737.8679
704.38789
357.56234
526.17224
508.46037
124.54968
377.29242
341.50384
438.51935
517.49951
306.84314
514.26568
571.05826
312.81071
333.55343
339.50163
401.75647
423.71762
624.1948
779.9652
522.4341
459.60539
257.03691
380.4816
437.1038
551.79629
661.88337
367.49108
402.69801
620.69432
727.41661
456.43484
781.3841
391.5239
527.96186
236.4529
477.65764
413.83814
414.18731
751.47991
739.63885
546.79394
320.78786
268.52284
546.35094
668.15015
733.27167
611.0125
633.02965
255.16397
310.98434
513.84737
278.56237
610.34186
831.70374
723.15145
519.71022
706.75957
491.89689
545.16469
759.6113
987.31641
586.31889
638.97146
645.20625
499.55199
682.51646
426.21608
400.30225
453.09557
601.51576
456.87141
689.50909
464.84929
527.53496
756.55783
582.79173
472.87621
607.68264
392.30559
455.91487
508.90708
488.61671
486.30504
747.11871
733.83772
586.93404
605.1073
476.07792
529.58006
845.46015
812.95995
633.93062
446.00553
577.38657
294.72969
605.32705
450.04437
644.57243
635.44659
429.96442
599.49733
653.23922
551.70663
521.4993
480.44002
350.47368
482.05229
696.25941
721.15836
645.02409
784.3447
728.64569
728.86644
691.78371
258.5272
367.9941
589.3406
568.56174
543.04612
498.96705
428.98949
416.55979
496.375
448.60397
466.10026
617.00416
612.67093
437.22246
417.2331
484.51758
329.11994
320.69408
627.79597
705.56752
242.57907
109.55723
264.86661
427.60014
932.13842
376.79121
330.4253
174.24665
419.64893
500.77288
499.01103
306.83196
343.87132
886.56657
440.56812
717.04874
539.85027
630.93742
706.72913
592.89229
617.17139
596.19835
559.56103
464.36035
331.018
476.57813
420.18122
618.62248
563.26632
461.63358
335.43689
193.50366
597.45292
485.58013
524.26433
439.24553
724.45983
452.25278
646.27297
369.61301
559.09984
676.67599
506.34565
465.85856
321.03819
542.2662
657.95164
728.82053
688.90834
552.52255
641.92359
662.2957
599.93823
687.5924
347.70293
230.95519
589.78743
420.78369
480.33732
598.95375
394.40253
432.80903
618.16014
492.22563
539.23219
866.51215
752.0685
719.92812
690.74414
548.10663
339.25978
55.434425
432.12105
779.44183
905.68564
852.57077
248.85992
333.01971
635.61515
531.33907
506.07767
588.69834
412.92343
932.34547
250.66908
436.21026
547.68086
416.186
459.45473
367.60999
600.97884
584.96174
121.60457
206.52284
751.43087
384.04432
476.61039
350.15047
169.88263
206.76882
480.78181
520.32404
416.97583
289.84751
300.1804
506.171
545.1109
248.05213
548.0659
460.91176
430.79514
372.78402
1051.6223
535.77618
404.56102
668.01176
680.85614
793.81054
875.82264
386.18646
355.68099
487.43196
543.49578
557.57992
458.29429
399.9612
716.40849
628.51605
350.77684
803.77101
612.59488
603.70528
667.23246
806.87545
693.5401
784.22971
689.18102
422.68709
597.63558
656.25477
713.57103
670.43033
502.94477
262.92705
451.59144
556.34664
854.14167
652.47156
687.90245
392.56976
375.78955
688.34089
516.11154
401.78898
540.30693
638.6686
558.49022
565.22271
583.57045
417.88737
676.69658
479.77439
548.24308
672.70582
768.05439
436.35193
543.94965
503.64553
398.20145
469.88422
429.87921
591.2544
431.57133
538.77231
693.55133
510.84287
381.6134
819.08053
697.73254
562.11653
612.32374
462.0532
847.98408
547.83923
704.63383
407.76641
764.04891
442.9521
458.99952
667.75352
768.47194
491.55818
689.78265
393.92685
571.96346
367.96462
641.93914
428.01345
214.45962
444.03965
459.45907
739.54585
434.99178
576.62507
353.25811
479.01654
334.36123
552.99603
407.25242
803.97939
738.7821
294.68393
612.60997
467.74206
609.6871
628.4634
658.6451
638.18019
427.7472
662.68961
579.63989
646.55918
659.7354
500.06293
849.78431
795.67342
476.71565
653.38445
636.10146
709.51963
553.11606
451.69703
455.00317
530.57972
828.11298
1030.6772
655.94133
491.07333
648.66048
520.6606
637.82246
617.06139
614.56736
589.28447
600.39069
463.12656
311.01437
668.26266
356.72956
578.49478
769.93451
622.68122
837.89292
667.5443
872.60172
728.93615
660.29237
719.87572
409.26853
456.88575
621.30832
779.01442
635.80074
648.97248
817.41918
699.072
560.58168
554.30509
465.81831
644.80326
401.92807
551.99263
446.30284
452.79805
557.93882
338.14289
358.33285
855.18895
307.23102
362.78486
696.04391
348.10579
264.64882
488.82719
436.15784
223.42562
563.5767
350.37945
421.18052
636.78658
792.7913
770.75451
836.96952
771.82973
798.72548
484.26169
904.1019
452.048
733.16148
750.82323
578.82551
540.76034
367.28359
476.01528
427.6701
353.68389
632.11366
613.49214
621.40953
454.5771
517.79259
263.72994
648.41699
567.75376
762.20862
863.21853
602.81556
812.67441
898.80528
725.64203
662.86127
667.47211
635.82164
284.44978
603.95207
583.83301
507.78813
600.39709
601.5583
610.95515
608.80186
496.06232
531.55701
458.477
315.84298
418.44678
446.7413
553.74879
923.11452
266.58278
632.1625
636.58224
621.07188
540.9181
381.58618
489.17072
765.91346
483.60487
571.73851
453.94463
335.32158
514.32415
442.65841
597.62236
288.35587
347.60041
680.52701
669.13825
533.34516
691.62986
502.0367
554.91866
295.34787
707.51168
614.00245
495.71522
448.0946
818.37745
648.86808
597.69876
566.42497
553.6379
333.09719
531.19221
641.00483
472.26968
627.3957
888.43145
677.6027
533.59902
487.38022
615.00138
786.14923
630.98833
728.05363
884.22031
729.66731
609.56745
596.4267
443.61579
316.40999
536.04379
690.3948
620.28612
544.58991
570.74814
354.50126
538.3623
478.93709
736.62307
987.6886
948.0343
401.37144
422.14707
891.52686
759.0702
474.86614
574.5199
557.97816
655.54604
623.98046
679.70358
786.27368
727.40324
788.1975
645.40176
957.29448
658.77286
554.97842
619.98403
598.78684
649.64309
686.64394
575.57042
749.22413
779.06102
604.47078
705.8537
614.02218
549.17709
650.52639
747.16948
362.63908
512.06194
662.90674
719.54514
764.52756
794.3903
851.05175
774.1871
708.38661
716.07787
805.39425
1080.9707
631.67694
516.89164
522.78104
572.01725
520.56757
709.20958
639.49957
392.51332
713.63109
602.51065
329.9003
299.27922
552.77422
695.73146
407.29526
675.85984
510.79935
705.39378
631.72613
608.72394
663.74726
501.36732
550.24552
751.00657
1080.0898
804.39001
601.55687
362.87538
484.67213
680.69634
421.39921
967.59168
778.06135
496.83085
404.07898
301.15277
318.09547
493.98973
635.32068
402.93503
310.53408
689.5007
455.25207
540.18553
631.07905
817.50185
729.43524
363.59746
543.28053
581.94201
616.47994
565.72447
640.05906
574.23115
468.26765
385.55507
170.4258
580.48073
791.08629
372.48366
415.19197
203.32047
666.27336
424.4907
437.1294
459.88754
365.07264
522.11712
568.35233
560.19108
643.92889
602.83767
591.92362
226.40381
375.60086
458.49203
644.17924
409.97078
759.79229
565.23574
736.82963
350.5065
288.80096
372.38652
539.44291
735.01132
524.10304
432.21732
472.70211
419.68003
469.58126
592.44891
507.92868
417.1239
389.46762
587.24426
474.58327
665.9584
755.05105
667.40794
396.24602
457.61071
592.00735
618.02283
402.80532
682.1844
459.18503
483.12027
256.54724
451.84963
624.70672
702.2063
505.68808
418.15159
302.86213
379.78662
225.42027
596.73472
474.37686
397.75871
521.16199
615.18808
715.54561
467.36207
835.52089
695.91557
865.06269
832.20655
819.23186
648.37948
629.25928
834.88687
395.23871
379.88051
338.86924
518.05518
540.3714
437.52926
595.17793
512.11608
570.45766
382.56498
441.16294
396.57511
793.04442
892.61963
541.969
743.36319
720.91336
424.10624
627.92974
666.79597
417.31947
546.30467
779.34233
676.35191
778.04742
557.98704
417.892
726.46897
748.73863
689.9216
617.13576
818.25881
483.02094
508.62011
605.77401
478.2305
252.96123
643.48707
442.37933
783.57502
709.56824
478.30153
912.88553
576.24843
628.43568
522.61392
285.1999
766.895
742.58655
1024.9383
880.61544
604.32243
535.32096
488.93013
650.53563
558.08811
661.18769
751.22349
964.8356
557.22585
637.19727
689.13169
639.70161
683.18223
412.56747
533.00572
518.88657
544.39599
471.03445
529.89924
920.28111
606.44991
650.30278
601.26225
800.60804
532.29691
358.78584
548.72594
683.27653
491.13666
492.51646
742.54176
728.64671
839.91752
616.44141
825.75176
397.04396
672.9863
600.93632
600.63949
674.39453
473.87303
592.98716
787.44759
723.92937
739.77635
626.0484
486.13094
695.10259
433.40196
400.074
592.24762
730.27256
690.40693
460.0637
827.70974
713.14975
692.89589
680.70464
580.40472
594.68999
303.71379
454.94605
627.82029
783.13735
738.78234
754.03458
471.05085
609.5663
624.48084
519.94192
353.5523
574.64841
549.69662
730.28136
530.54013
732.29895
324.20113
429.60033
484.77833
326.82275
565.72841
457.63508
607.788
688.36575
505.78233
674.81443
570.85361
565.72563
625.34534
533.52818
472.99765
526.06749
657.71408
602.09307
743.51647
561.02081
687.869
540.16619
655.39015
417.0664
783.61028
814.86094
597.65982
546.13377
613.52267
542.12501
317.15228
688.97173
672.88083
751.32934
388.25471
274.87084
540.67776
360.88091
304.42848
286.50973
238.17055
359.17211
868.12817
612.62702
422.6952
388.17665
615.34168
490.86786
623.532
591.08421
798.34561
880.14701
343.77183
504.49633
464.64307
578.82489
849.80076
626.05055
408.51543
738.19536
967.95774
701.97032
595.38454
645.57952
629.67279
288.47053
578.67538
736.70279
512.3887
309.56707
402.08908
777.73536
754.53281
840.00595
735.91074
641.0687
511.30343
451.3359
433.55691
520.72869
451.90321
541.92771
511.45313
445.02422
331.76209
529.90968
644.15212
336.10996
340.48073
606.0253
517.18393
772.06299
548.58824
449.61117
494.79881
564.93748
706.88435
410.61019
572.06996
597.51819
549.88671
591.98334
855.79403
499.08111
600.30271
526.76324
361.2402
673.20414
423.66894
631.34041
633.60692
709.62387
432.47509
755.62041
385.75501
875.96472
762.34959
712.29657
511.69788
536.93541
409.77014
606.24023
485.40917
195.56843
501.34234
330.26835
472.23816
291.76535
849.28079
554.04077
329.23416
476.61704
596.21345
305.03605
425.0259
529.88356
717.7952
580.37113
824.59332
672.03249
457.50262
602.54366
548.65848
663.06944
462.88011
373.92821
180.19196
219.34431
577.74531
297.48981
367.31683
313.17969
422.67167
499.04123
740.36236
825.75364
485.97561
312.15091
565.12635
555.74321
308.17454
282.78481
531.92122
342.99558
553.21022
686.08057
353.83854
388.42068
369.40915
679.99757
576.35443
500.11027
429.62577
551.90256
597.95668
635.28314
738.4684
519.39934
452.75139
847.92284
398.01086
523.40754
590.57814
493.42704
572.50165
710.93715
483.34496
294.31127
309.48105
524.25211
370.10944
976.88449
811.04787
512.74673
410.1515
485.06423
514.55358
411.05944
222.7401
329.51905
443.70557
625.82525
474.22952
433.97567
704.20002
500.8335
652.56
614.16269
630.82244
659.38206
561.82644
544.05599
392.13933
500.32648
704.05207
752.23018
712.68428
657.54144
673.36065
427.72172
712.53263
707.60661
573.23926
665.03069
695.11461
627.69584
806.88692
470.34751
619.29331
479.23698
628.85409
867.11287
732.20019
613.43557
776.67585
633.34929
518.50374
615.4726
689.40687
847.1299
448.31845
496.56598
652.86401
548.04317
415.55996
863.93668
846.77411
711.59841
648.40172
587.28706
709.56459
729.79899
1017.6722
557.59146
749.335
850.23755
408.27807
371.20595
863.33172
774.55221
488.02868
594.6908
500.23313
746.6033
782.99467
638.26138
739.12158
683.15483
858.75935
661.66036
584.94639
436.25139
361.30751
591.14629
749.08313
875.71969
538.08561
451.68896
423.74501
643.61652
757.23479
973.03923
759.87922
602.37111
654.46792
301.03293
742.19386
333.70378
504.4849
949.13141
658.58758
680.9501
725.20829
460.94307
553.71876
638.91547
656.2952
769.66041
479.71285
497.24024
687.34145
778.90005
577.58203
484.71311
643.75993
926.34398
588.37328
474.57916
469.82897
554.01125
818.18588
675.35901
779.16813
697.19933
657.96146
435.16362
372.4915
682.57123
644.44532
636.07407
718.05293
740.58734
748.98159
681.43913
780.56616
650.4168
719.78529
726.9866
568.7852
716.97077
584.26522
540.64456
489.97219
685.87285
918.64859
570.27992
376.75763
702.75146
705.35491
582.34873
339.16331
745.39219
959.07331
533.19002
582.84425
588.21542
496.80809
411.46171
645.09921
692.79514
690.49448
561.02706
721.4849
570.18442
780.23618
743.59286
664.54956
767.74395
665.59522
679.22479
709.89031
540.94672
637.95815
423.32353
605.07657
444.33145
564.62788
631.33817
633.51298
676.90006
465.91693
482.91003
542.64955
690.67507
932.44629
684.9
324.25096
538.27574
658.35593
794.83087
668.3213
616.79471
718.58414
797.11064
716.69472
534.76906
560.98714
644.0375
511.27535
866.53289
627.85429
992.49584
700.77941
662.21232
553.33689
393.31747
735.46294
599.22935
594.13754
422.08943
686.79823
717.51177
472.2237
630.57908
568.41432
785.38278
698.6346
784.47514
907.32469
765.26389
404.24709
465.73425
391.03859
760.24274
631.34968
575.09171
343.33469
504.88208
511.59622
770.899
466.01465
287.07688
449.65365
839.71269
342.45771
560.43347
687.43149
513.45681
518.99167
527.25456
711.15142
614.90803
531.61834
403.65794
540.31216
841.716
620.76128
628.00851
755.33663
740.37063
668.3393
484.18054
661.01429
580.00784
623.84457
661.84988
758.2228
584.09948
593.43514
493.8986
601.87019
646.77272
605.3559
668.01865
840.56873
538.4637
656.2536
668.898
516.37072
546.90839
856.57415
639.18237
599.65747
473.91731
545.24434
690.12092
724.16168
788.01671
875.29488
326.5756
577.39418
627.02334
513.08861
835.70371
496.61699
538.94631
554.24744
770.13977
816.3177
524.10518
725.11478
633.56439
426.62477
705.01805
669.78562
737.7303
977.03901
331.01695
604.35432
692.1956
473.6983
468.45729
373.17216
130.99238
1051.5883
723.97755
375.18239
704.96507
632.11169
697.74111
390.32281
565.83821
694.20513
833.61125
862.68642
615.64118
769.51204
971.50063
582.60514
412.29557
218.42126
681.68957
496.13824
645.20937
697.89764
387.0963
782.95027
463.36009
709.98897
790.53022
588.20941
495.78356
222.16475
290.6435
352.00514
432.81893
538.44604
363.52225
405.15776
569.68247
553.2334
379.88022
298.43789
736.82888
624.81148
683.34009
474.8805
560.2664
548.67847
656.70266
492.64855
336.80658
205.11504
575.80298
552.40779
827.70095
571.25798
685.50575
463.51031
509.72619
442.37486
361.9962
634.43907
518.18811
338.2674
543.14318
499.31514
581.8853
504.62749
587.65812
516.01191
536.60206
508.04157
451.81081
440.67642
753.64798
595.26789
639.20849
639.36348
423.0208
368.07121
708.70569
694.10555
794.87245
976.14019
579.34113
645.62212
682.96131
828.7624
658.0091
798.86221
854.95275
561.248
883.56621
746.51024
830.06767
515.40751
681.31874
871.02938
717.62302
914.82098
597.70086
837.30414
421.69654
742.96453
192.0234
511.29937
824.96421
670.55458
492.99097
459.63365
693.10682
760.037
604.75098
632.50079
461.68354
623.5368
715.80788
489.11631
570.32805
324.71683
679.49517
364.80251
612.24981
899.58068
714.53491
609.93251
663.88139
469.56645
789.18407
593.14907
677.27838
674.48507
501.41101
370.97248
572.85014
454.12704
518.82626
658.61277
760.80738
377.40731
629.57335
650.04639
742.51709
712.40722
649.17024
895.97831
648.1994
717.84273
602.62549
431.13347
487.12761
685.29569
634.72413
815.43908
782.09037
707.68458
727.48024
632.69109
222.84348
471.57408
430.8703
627.77899
750.25794
734.06013
469.51572
691.77575
389.85699
695.6779
669.71843
547.62015
649.3924
602.34566
774.92372
952.77468
409.69449
319.43981
575.59687
464.81706
438.33207
794.14276
563.15182
622.72386
466.34975
947.54288
613.75082
638.55827
722.2224
734.9098
491.79943
512.66997
638.52523
745.4162
635.21169
615.64622
599.15192
662.95789
733.63266
629.51326
391.34806
462.95265
710.70552
680.23701
395.24377
587.42378
494.81196
740.5809
647.84456
704.40098
702.41134
595.93647
754.04236
312.60081
306.92544
801.8728
661.95024
394.08829
237.57263
696.55104
781.10297
623.93034
442.72849
235.51371
368.32008
470.40951
713.58148
719.38902
557.89574
701.92273
450.4692
349.46848
786.86287
824.0738
362.56784
530.89297
482.399
602.12446
504.99744
555.97642
442.44475
425.19127
663.68215
797.5975
687.27232
710.40032
691.66774
354.21354
520.5612
452.35644
851.62066
744.5325
1031.8986
906.07451
865.58915
494.09099
725.22546
708.87678
975.42877
514.53799
835.02838
596.09512
598.01598
794.88623
602.52674
577.81166
652.90332
592.11969
534.53537
361.66528
761.36744
575.78096
675.37778
691.51126
576.25079
543.42063
561.55725
627.27577
790.4191
650.3158
635.65162
785.56053
725.70841
678.00869
573.47954
749.87951
773.04556
584.05847
596.42326
884.54932
769.84119
811.21914
758.36179
500.29905
804.40939
789.53427
441.53329
889.27986
634.83639
656.45203
539.13198
921.3694
756.33636
626.19311
690.69562
244.22782
408.8184
53.735648
143.84991
523.00164
484.88559
640.51389
683.33633
554.62533
643.20559
486.74686
735.26468
778.83098
795.9031
616.08611
484.0517
533.48657
853.62638
653.16329
418.29011
433.29756
494.5995
513.91363
662.63752
752.28745
637.23247
531.41472
883.14121
737.73356
209.96263
804.02796
703.22029
685.58286
753.9069
639.34742
761.3787
680.04773
506.61144
744.15646
538.19087
538.26707
833.56217
741.09818
470.6067
284.98264
554.26625
546.27859
541.76017
469.21382
268.59223
412.17744
432.26755
773.99876
695.80314
590.90066
628.63918
337.21724
413.52638
593.84228
712.04244
525.83789
543.03672
314.24045
444.28261
277.31815
470.68637
592.76606
632.74576
505.06432
528.42035
367.65748
505.12555
397.64225
644.1153
425.95814
544.40269
625.9028
680.70512
797.57111
407.89326
494.32001
358.08637
441.89174
413.11497
775.30443
678.59669
402.32031
419.4596
746.91759
519.45158
291.42639
401.4272
845.44267
607.88345
688.34971
441.74704
472.7988
336.9582
431.26317
687.14135
528.17324
733.0726
521.81939
395.70858
501.81917
487.29687
386.14516
551.53817
361.84392
390.98596
420.65485
424.16558
626.42636
538.98106
698.5862
660.48242
568.38296
311.47058
501.63949
447.37336
543.93513
756.26207
439.07954
637.71329
416.16959
580.479
526.52574
454.30818
657.24556
665.24344
496.56237
980.67902
763.29765
648.83188
447.85395
650.74785
626.78268
801.59953
558.08801
589.20931
786.40385
704.87868
434.4085
581.84047
365.77695
565.45
802.2912
546.81255
599.98823
466.21974
511.36974
339.34356
749.30039
642.27624
749.53625
531.50934
619.5588
597.75103
520.17682
461.46237
429.42227
464.40369
321.60007
543.37597
800.17215
735.80733
647.8275
585.60798
401.16726
457.07262
616.70148
624.37314
373.57975
540.36742
440.83309
571.86998
160.28031
458.80939
612.41322
445.17941
496.06957
328.40333
437.63469
697.91561
328.06009
42.943114
248.75247
546.70133
633.93202
636.87895
428.08863
584.40347
552.36694
589.6908
637.43513
522.35094
576.32895
469.02394
415.30968
296.60912
614.31629
593.3558
675.30106
447.51907
706.66053
579.51579
615.00205
365.18816
467.01334
575.69596
511.91074
402.5606
586.19504
431.53783
625.97018
970.94978
575.68433
385.52288
140.10149
734.07369
862.41597
223.30397
950.4004
369.89972
589.3506
638.6774
505.64138
658.30838
825.11002
581.43194
504.12296
826.84719
515.86299
582.42744
490.58372
762.16729
620.92529
426.82926
423.01262
574.65122
604.40846
538.05406
486.49676
477.73829
579.78354
651.27418
632.85229
501.01068
447.65745
436.55859
498.05841
533.79536
543.69349
363.72901
350.03954
651.28031
615.0782
635.52382
808.40845
778.90663
573.99307
622.94256
852.53747
549.09289
747.74586
692.0949
627.71233
324.84341
538.51431
517.08387
884.97013
598.28116
505.16457
585.0385
580.35807
661.18234
669.73362
642.25168
599.23683
269.41524
226.74669
231.67503
484.42407
356.58705
624.40017
534.00937
477.34968
598.7826
495.79398
773.39078
608.2186
292.32826
584.86459
501.6501
674.55394
449.46055
621.73374
681.05154
510.4669
553.43442
511.53774
821.43171
636.84619
641.20376
545.7629
610.91647
673.7486
696.33923
810.84415
660.06122
618.93836
449.06912
689.06034
548.86277
633.181
520.38938
495.32105
253.70593
334.61256
413.32324
684.69946
924.53577
854.98361
697.08759
590.7879
403.26663
647.97224
381.23284
526.88196
544.08228
276.237
639.92818
459.87448
454.3826
590.3816
707.56759
641.77421
397.7868
474.52927
419.68543
555.69025
576.51944
530.23271
534.93123
800.02374
421.54427
734.39722
454.12394
538.83046
465.52548
477.32064
777.05836
608.78553
716.65929
565.29402
508.65044
386.2142
580.44028
755.13077
760.80219
658.42215
494.14226
458.72054
370.09487
466.56498
480.88203
643.68971
396.48619
519.35825
653.48272
621.23438
534.01983
594.89924
569.49753
643.76843
577.23802
499.99831
485.06666
592.42895
508.32169
587.79106
721.37405
969.29317
559.59792
583.9489
680.59076
411.7792
577.82697
735.27795
871.3968
470.37215
720.29343
729.08588
578.33217
504.68492
247.94822
533.77892
605.79065
707.7886
458.7107
308.05978
654.85781
745.01423
740.26611
523.93911
796.85773
378.86176
621.51607
528.51939
740.46929
413.24583
803.18774
406.01464
507.19719
569.97982
696.48649
643.96133
477.76218
300.02489
533.64354
408.10903
715.20089
681.60968
423.4799
635.40418
503.33541
271.67819
552.29106
622.44338
709.98652
511.9875
477.95685
319.594
286.86623
483.83262
577.55038
481.16176
401.76839
635.8702
474.40499
590.43428
453.59211
724.56563
502.08195
645.96628
547.46839
447.43963
650.08336
624.07203
549.77071
434.77283
668.83692
856.07378
522.9244
603.27373
593.07068
761.20666
897.02001
543.27786
803.56144
662.04031
801.36426
561.13488
481.04879
427.28954
575.69317
722.31203
774.70719
712.25935
554.03905
504.56671
447.8672
672.2322
501.18596
828.68093
932.44835
698.52319
647.82213
940.10342
533.27819
574.57203
650.45198
546.90204
400.30673
502.37439
615.1273
882.78495
717.77076
701.5003
696.34419
338.48144
350.45335
746.41014
514.09393
336.94243
449.25558
229.08624
376.47557
607.79497
837.66931
613.53327
598.16451
297.45448
543.13177
594.82323
596.91587
339.77879
631.5139
442.68896
776.83411
651.27154
441.62607
629.47699
789.56697
832.57369
460.47371
688.19884
776.58389
743.76738
444.39935
511.01287
322.39746
353.69651
584.24093
677.4777
701.55201
481.15718
740.48088
878.9565
785.01048
555.09863
453.95809
565.87366
297.64075
330.00842
423.1728
730.39903
797.05804
479.70944
541.08513
401.07659
495.29692
540.68326
641.55508
519.47202
624.14886
360.7144
359.03641
543.45615
480.43491
541.42575
406.11063
447.75606
316.53104
682.17987
446.54183
563.18986
776.88246
623.56219
765.26186
614.25019
461.37491
216.22569
488.9324
628.28716
746.18355
788.18938
749.32717
593.59545
381.76892
175.73261
350.02187
532.57535
673.41036
663.56764
661.03155
704.36301
597.56755
495.74516
584.92263
462.22072
595.3608
675.29771
703.52615
621.30145
522.68333
437.82026
351.88536
588.12443
705.82077
705.94619
422.14632
610.42341
477.62017
606.42366
695.82278
451.86811
600.11003
321.31408
488.353
413.07884
603.66355
766.48837
597.21233
598.57567
443.50754
343.84566
438.61777
477.1195
668.44442
605.0929
525.37427
473.91927
458.12587
620.50395
345.29212
662.52117
551.1577
403.63555
729.44951
438.88606
389.31865
540.71516
482.7718
593.49292
641.68643
726.52763
880.80466
926.27795
582.01615
595.10219
496.31493
395.86308
576.18492
718.67755
551.83389
465.63698
498.94346
511.74599
620.42406
413.2684
624.77296
418.72624
454.51774
449.97461
670.84402
358.13762
581.83091
677.16509
863.5924
477.5897
588.9991
388.53663
820.40126
842.68739
627.9343
450.77206
663.39988
520.97844
584.91132
825.42175
484.8007
853.8206
706.36781
500.85806
350.907
285.63027
438.74661
358.30285
531.96164
657.98398
952.65829
664.76595
241.0594
68.283199
442.41244
439.77341
519.05758
711.0355
720.23079
641.04236
381.90911
396.70093
795.98123
600.8734
641.84847
594.06276
561.1913
580.5403
548.79016
709.53549
584.35711
779.93982
714.02564
560.5095
446.31197
701.61375
795.84563
605.76237
673.65525
734.6421
461.1056
618.14306
633.43811
355.63212
64.886532
559.32572
602.73253
546.442
512.49149
430.31058
334.56157
379.67511
408.35138
776.49691
798.64771
723.62696
417.71766
329.6119
720.7578
663.41022
624.67348
384.82931
572.23865
598.03327
258.01235
386.99372
602.93638
548.51971
615.9932
428.9623
534.29894
669.69886
620.61208
543.54307
380.30373
423.23361
544.72408
485.17239
364.17209
711.04956
620.86069
635.79911
845.62315
922.71716
525.25524
601.36511
683.84663
895.19601
695.86751
661.61654
571.11244
684.2385
611.67322
470.45134
616.89565
698.57365
379.42075
602.15252
691.88758
604.07184
564.14379
520.61288
495.64903
360.18846
516.37429
626.22861
496.23798
783.32174
996.03666
694.22625
763.85029
497.89019
686.55188
633.9963
797.57561
549.22534
543.25613
381.7461
574.60958
904.71998
700.56109
663.94658
538.22288
310.52559
461.49334
522.55589
163.21955
617.55421
643.11354
633.66667
420.97927
401.34598
425.02835
551.78389
312.71058
769.07165
580.89858
414.26519
279.40516
353.99373
743.52448
497.17427
240.01626
711.94516
625.05345
657.41892
632.41657
882.50715
585.41094
682.09271
654.11237
642.12004
535.41388
626.75467
641.92328
527.30643
614.20003
733.69463
549.61836
646.11858
599.62494
504.43413
467.97445
424.9981
665.38012
503.89301
359.53541
464.58871
592.10401
466.5522
511.08739
504.47942
605.84579
507.0723
485.61195
423.43825
570.61586
710.91798
475.68913
392.16035
198.39862
208.38945
688.31845
673.6407
513.65658
215.21727
512.8133
568.60729
264.0025
749.23308
721.44186
369.73681
353.24685
814.00569
725.23032
178.44374
406.75344
748.15335
597.42761
528.06256
664.49212
538.79146
197.81436
302.13256
461.1506
627.85822
717.7203
434.69725
530.08552
597.40709
447.47322
447.6222
540.04315
264.946
362.83478
400.43852
514.72093
603.99657
613.03029
568.75921
674.34316
194.90185
577.30983
558.40097
472.13182
206.70935
527.52884
331.35471
333.50143
583.27583
502.04056
488.77532
597.0368
767.44013
609.25342
569.31408
480.67677
790.5148
486.46188
534.13814
562.44211
326.5184
625.57778
609.49613
773.94332
404.76163
311.27461
489.21024
358.38554
514.70845
385.10822
522.1153
256.32829
432.62692
593.44373
454.97124
529.05985
659.88483
493.48086
670.23537
583.43237
520.35323
220.00201
309.45762
410.90126
354.25583
452.81623
579.3534
525.41725
573.05193
856.61834
341.6954
480.02154
395.35711
581.85273
429.92479
469.8749
572.30902
653.65411
512.88313
423.40492
579.59446
413.80801
545.62357
511.79981
595.36109
381.43063
474.654
680.65635
549.11026
797.98159
596.76628
399.54784
436.51024
227.04086
374.87658
468.20585
647.94017
401.72034
428.16274
483.29008
550.33418
542.0175
591.83042
536.70173
150.00588
453.31072
606.32015
356.82076
393.16063
610.08742
510.59851
386.37901
599.1249
409.83775
614.87188
540.89845
471.01613
658.41882
577.36486
480.07156
84.420831
662.72039
580.07081
304.33793
434.19104
471.14756
628.28724
593.6825
706.66451
661.08589
514.29209
663.89414
540.68337
705.80297
424.09117
815.80029
499.21846
492.43926
330.31944
179.16403
462.09644
531.31677
530.61257
512.61379
484.05299
457.47996
560.49135
472.56678
560.82144
498.49559
582.88835
321.2226
382.3716
602.67855
335.49933
562.47575
718.90389
584.50261
328.23785
503.32024
729.58894
568.64742
507.63371
550.14369
682.45363
410.27399
333.01321
561.99842
559.92309
496.47718
659.55345
607.62225
517.29303
411.95906
478.94681
411.14004
444.30608
730.36698
726.90714
674.8991
466.17852
606.03845
475.66053
365.62471
502.96895
355.57071
528.5816
545.59667
333.86988
270.85863
366.08303
240.7418
402.44172
535.58135
404.18148
642.06305
420.99267
365.26357
603.85373
668.22296
338.7033
532.07128
632.98179
744.86547
593.50951
722.14063
605.65258
615.70029
339.27047
482.82353
361.15
548.25809
612.07842
370.63203
444.72237
391.35372
501.97911
595.5073
442.2449
172.30778
254.81122
504.86162
294.12399
845.36852
513.29352
489.38513
723.45675
408.22269
656.50412
584.72502
632.88393
574.59772
523.89686
416.90542
446.69615
706.089
675.6694
639.4451
768.02989
586.27392
306.35287
312.46947
600.95291
602.02127
745.40855
731.49505
262.96496
410.14122
843.82053
803.67134
467.32189
724.44065
546.78619
617.00804
470.74156
631.7622
633.71211
626.09876
631.73564
523.39256
457.61405
288.2316
354.52184
570.17496
789.95037
460.75687
261.27442
287.15874
317.94833
552.09228
659.18246
561.28104
574.7612
325.79036
618.00904
674.33326
531.79363
470.88182
493.41094
515.92473
341.74566
523.6106
403.36488
571.27238
351.695
270.56545
229.14193
458.76349
579.59628
500.79883
402.41268
495.84545
536.05641
615.26618
597.89918
512.1811
337.39006
528.01295
452.56361
417.47054
263.91616
958.34915
629.36941
413.89642
458.05863
559.29162
602.07657
425.26855
583.3344
358.54308
449.94688
553.35169
458.49701
319.24781
380.3721
211.07309
327.78269
745.5899
341.04939
530.46733
195.08142
384.71626
237.59535
315.95387
391.12236
681.54815
491.90356
531.94049
176.49978
356.45466
398.87488
492.43752
704.73116
701.81191
819.15266
517.09838
331.64033
498.98445
603.88135
475.29824
426.61909
495.99227
523.29353
539.1209
858.59854
718.80476
890.40839
612.80191
283.58114
308.53498
762.81499
610.26193
565.57011
638.68442
670.24083
395.4808
790.78402
707.68371
654.36395
256.00554
511.17422
595.23772
731.98197
498.80849
626.07746
717.73529
589.65578
669.84798
660.32761
690.55249
353.82698
442.67741
423.45524
473.0472
527.29522
391.06348
572.96678
765.32063
646.12811
609.6594
804.47229
567.91144
652.91844
461.21631
428.77854
640.00738
742.16981
439.85055
634.38925
301.29639
495.81139
667.49279
389.93583
553.49977
528.50078
700.37093
715.95787
600.79168
403.71066
305.50157
609.02447
377.0241
579.25238
648.6395
267.13224
728.80504
481.30145
737.565
937.50269
640.68727
633.83199
575.2339
609.63089
594.68891
517.74423
783.50683
453.25242
522.11177
533.06309
632.12471
558.20376
525.14168
441.11298
650.43915
422.54353
748.11201
448.70419
788.48829
465.80065
599.88224
834.08154
403.5785
704.44975
647.07284
570.03193
615.345
457.92276
502.54491
634.93487
562.05038
504.71776
566.73967
933.35145
971.45034
463.24839
717.73636
427.47217
562.18362
662.76358
904.47311
717.73754
729.93991
798.97636
463.45858
455.90727
759.78915
705.74717
654.83471
457.99146
744.64768
569.83836
548.99881
519.47029
452.10206
674.84166
643.81725
658.37371
587.1356
522.53099
482.52913
651.44858
550.32816
406.4447
538.03479
686.24762
606.73102
536.05734
533.48846
600.94741
200.33238
364.01929
576.76293
599.89892
303.11401
358.99043
400.29408
525.36795
454.87594
546.12803
521.65796
649.48135
575.8014
916.3632
572.72971
699.23982
619.96185
572.26121
854.26528
640.60037
519.87708
672.04903
656.894
445.54012
331.5939
718.60527
569.7506
520.27061
416.46589
768.60473
435.84001
817.04273
863.06469
489.14589
516.4329
782.39945
767.57149
750.27883
523.29831
679.00774
804.65801
777.60633
976.55437
619.47176
367.44392
445.06927
813.08848
434.09675
704.3718
648.04746
428.37345
794.70434
645.19545
835.53703
466.8386
425.5945
304.56097
378.77821
549.53623
400.46243
465.86035
636.20037
504.88361
765.79311
724.44432
563.62724
647.29498
360.59701
481.50298
598.27379
510.52096
657.71968
511.1325
339.17492
394.42109
428.72245
587.71302
457.79358
513.88404
392.43464
543.96821
452.36969
603.18492
816.31274
741.48304
517.04381
581.98864
461.48097
439.55541
306.67221
657.70124
605.62046
775.76421
573.78465
588.07802
769.60662
711.29966
713.32012
572.71808
506.20467
773.22131
355.41819
628.0775
338.69476
493.61713
509.61256
627.20846
629.20539
466.14093
327.64678
620.10603
284.84825
605.54728
306.03061
731.68181
682.33424
445.1746
553.00891
479.85166
510.01056
760.95259
836.52072
943.59857
727.6318
266.058
593.85228
443.01895
740.72641
652.96543
590.40473
605.01097
704.54207
286.20775
411.40648
507.67877
630.5732
487.27264
647.93995
432.92259
271.35957
815.96449
934.62721
637.05266
654.34188
544.34415
632.37672
504.13473
658.51497
858.29298
569.98417
760.0126
659.67545
510.86071
463.49699
493.93708
750.67305
596.75577
408.45352
437.58889
467.12838
608.24139
628.68549
559.3137
653.95825
536.97915
757.70721
405.23277
788.17633
430.45937
437.61129
345.94296
542.0862
556.81407
272.69998
296.65276
442.71271
503.11026
209.5572
316.85901
482.36066
774.11556
581.3148
360.78135
632.03082
433.16821
569.37416
652.06521
156.2716
414.13123
558.12994
688.13386
654.17614
886.18699
686.71358
588.56835
732.35575
589.94797
560.77681
703.24615
615.60152
769.08969
774.00681
700.23543
720.57399
366.75437
721.81579
611.41322
669.05095
623.45311
572.32881
748.495
728.21638
552.37465
535.20433
524.26168
590.55165
570.38896
676.88299
703.51392
271.14543
622.93767
229.35697
357.14403
565.37885
318.73213
500.55913
598.52729
375.80021
420.88702
448.38164
686.15501
325.94722
398.51528
385.53005
612.0427
619.00561
138.97627
182.3737
309.91544
407.91104
505.25941
414.79899
526.07186
628.74775
414.97735
577.36115
492.77331
284.67704
540.02983
651.49291
340.16797
477.8449
315.76801
468.73078
495.09066
701.17932
696.77848
618.81181
556.43386
531.26251
473.32762
462.23417
751.80794
673.46932
644.40465
571.42571
579.95768
666.96461
455.74341
430.18966
612.41584
911.83698
626.3257
735.1354
421.107
899.14477
758.37693
760.61309
316.4225
536.9866
673.67738
632.14225
312.81437
371.90959
490.56583
386.2479
572.60542
338.7912
559.1674
440.71368
264.47703
507.05838
484.96091
213.10557
580.61311
334.95217
624.23938
806.11435
1032.4012
440.59367
473.50892
407.28824
531.14665
671.0116
378.34101
589.96586
550.18603
306.23727
445.65537
595.38324
388.41302
756.67815
615.36357
543.96496
713.56597
768.87493
716.6456
503.81942
739.24885
462.60018
537.10398
487.85344
329.82008
580.53459
696.71445
627.15909
582.1098
310.77097
448.32761
727.10376
638.69131
695.01255
878.46035
788.52033
883.41979
422.66146
642.951
568.07004
381.99
228.03392
530.16894
406.84721
688.6929
495.38013
565.77588
542.63827
547.18196
515.10156
261.59727
592.10932
536.70564
508.51092
593.89584
620.36326
552.21188
280.68323
550.59312
802.99554
660.90606
394.50791
632.82775
581.70996
219.1289
243.01383
196.62978
862.02304
793.31405
535.84971
841.27121
574.22033
554.16218
471.88123
485.65353
802.65834
875.46624
401.52582
749.8464
772.02003
710.42137
680.75726
526.35431
576.25837
391.26
406.63481
676.97296
735.70323
654.57651
422.63049
740.69903
739.0866
536.27363
610.02907
655.54503
286.91903
575.45141
558.15164
738.15524
580.42554
575.03796
531.33459
506.49879
751.66128
845.26215
588.93074
526.01574
699.84956
674.68994
517.88193
821.77707
673.58895
357.71915
488.25573
680.08532
522.30193
325.27983
576.68765
764.8579
204.45438
814.4951
749.98079
504.43634
713.55885
619.87405
777.94115
778.78243
671.86375
569.59178
560.22933
523.37135
613.2026
380.55141
714.45908
765.97126
669.56756
647.27133
392.78723
534.90105
309.29669
705.49743
584.10905
714.16746
494.65149
548.05757
602.13197
524.86387
245.58564
808.05171
284.93806
502.55265
592.12059
503.92377
323.88497
513.98063
467.1224
593.98413
617.53107
599.24389
588.13319
425.35021
700.62434
889.02242
617.73694
536.37319
483.47462
460.89843
459.7843
403.53705
370.51707
409.14348
395.79892
614.36544
323.24118
337.88784
315.80496
248.62403
335.25747
645.25742
454.4732
483.82057
499.80892
542.24478
516.97749
700.21873
357.05466
442.03049
383.24905
625.00866
549.56261
457.01802
675.90976
475.95593
308.82844
376.67081
519.94221
723.082
725.66442
477.69569
662.90952
404.81985
358.25104
403.26743
807.81463
207.47308
566.79015
537.10806
685.10743
551.83553
669.75964
315.74769
492.47569
515.89231
609.98429
559.45174
783.56968
947.88367
924.93243
512.55094
486.89286
732.41952
743.097
535.75612
308.93343
451.80617
695.21139
330.84823
354.54281
417.88909
559.3129
524.54723
463.14664
743.64717
716.51119
630.9011
780.65955
407.23138
802.46622
491.64749
265.00838
887.26952
434.60719
584.48782
425.93788
618.82543
449.31226
601.9303
760.69271
929.41746
884.72414
546.64593
923.18527
860.69604
784.34502
539.33454
637.06003
652.8012
467.73039
395.66195
641.15106
814.37265
714.69686
498.54238
300.30818
501.57422
446.9736
336.84609
419.53545
580.68912
549.69164
491.48841
619.53206
539.84811
482.57127
298.67342
326.73003
647.1032
599.20728
713.84363
476.29051
505.85429
308.7657
437.65986
557.06319
515.63075
719.23645
780.77653
558.84719
527.77247
404.81948
405.63382
313.71836
708.59656
473.98074
501.88201
535.89424
646.36777
516.33858
407.95357
651.2254
479.18449
394.80604
590.55205
736.77402
552.38607
629.86082
653.8527
691.31479
872.54698
687.99661
551.65545
335.18051
533.18333
488.90785
267.07082
438.71508
852.09986
477.0822
883.67586
657.58394
890.62409
902.40652
1167.7268
873.70836
651.96604
648.2764
829.0243
806.53854
365.42196
692.40803
515.53429
829.28948
486.18887
755.65297
491.1343
532.9268
672.98648
630.24403
462.827
661.07206
538.48421
256.93378
410.75823
590.71791
872.21686
541.33839
506.94234
713.03999
503.21341
601.61259
623.50147
638.87836
561.24488
589.34261
510.92388
787.92461
574.30145
514.11546
405.79905
301.10895
371.28483
721.11598
680.93648
677.15752
684.91521
442.13085
268.88355
510.52576
617.18487
708.03524
598.26017
385.3437
603.86257
208.76918
512.34008
639.25026
657.44375
479.80329
552.35885
371.6139
212.25963
582.0613
658.00312
631.67308
585.18724
293.9558
403.77993
585.36586
695.9026
974.60634
529.89922
354.17201
117.35595
670.11808
368.41294
631.59349
412.78383
600.89042
611.1533
466.30334
611.98847
637.54014
792.65059
943.75253
471.01444
471.96554
639.77692
646.53866
432.82801
211.52916
334.31146
308.94527
649.52
630.74963
669.0873
597.37896
526.28158
726.0676
473.18028
615.52519
453.75653
305.61347
519.07954
365.86016
685.49122
563.67312
605.21273
556.01551
472.05841
371.74622
402.40328
387.45521
491.08367
461.78386
627.28445
635.74613
580.694
484.83046
589.52131
457.56103
663.04747
510.90021
457.95433
608.80651
560.21681
536.19898
505.80654
606.20045
577.36359
673.03536
566.19471
414.77942
638.4524
378.99211
406.2327
408.54214
723.18921
609.29294
374.29541
369.65542
551.68997
288.86801
448.11259
461.67653
536.86284
765.14743
557.94978
555.51334
345.1156
589.23799
495.03911
375.2182
1005.019
484.64544
559.80769
227.05746
185.97922
586.11134
322.66922
576.65685
845.04503
244.35632
907.0205
816.81534
601.56906
391.56738
-13.693995
712.71588
479.29379
609.90269
383.86174
682.05673
677.00577
564.41167
604.52128
510.04486
684.81628
658.91886
500.81966
393.68413
462.41456
296.2237
530.12179
512.37469
753.53813
449.62411
713.39814
528.3403
479.55738
374.25901
472.26087
623.55869
479.37695
409.93592
532.66391
432.43926
290.70606
611.55109
505.17132
443.44029
618.40607
589.31399
435.04816
343.56447
484.86703
927.64062
592.73653
302.73726
599.83412
343.33091
385.17986
495.19227
768.07151
302.74345
473.72035
419.0372
369.23642
475.94961
695.73806
639.71686
585.96284
603.73315
175.12489
505.27921
238.39631
571.21884
684.61336
489.92755
510.98294
756.32852
505.66705
695.7036
660.7754
528.22087
657.9077
737.20076
607.35824
819.2174
743.17444
486.47783
213.6195
785.88643
645.7982
502.71247
561.18074
976.36262
749.25802
445.39059
856.41242
490.10697
577.20816
636.77887
545.29128
643.20317
504.73558
424.44303
462.27025
624.11442
733.35227
599.49959
677.75826
679.96804
494.73263
566.17527
648.3228
714.62078
599.90446
780.67944
559.99683
446.90461
519.26093
398.05873
650.94138
778.5853
642.28535
642.84141
618.94721
929.89933
544.94596
529.17681
786.51889
421.22832
649.01611
704.81705
601.21042
782.92896
677.04543
443.64317
398.67422
448.44819
724.78687
398.26257
416.00498
532.59198
364.13545
441.94732
636.27301
336.55986
139.48815
439.67119
340.32829
461.46187
658.85252
620.37653
775.93355
230.44367
213.43194
512.19966
314.07639
821.73785
190.34944
622.80454
519.71565
396.22275
521.12908
287.82498
613.94928
350.11973
431.29307
437.50826
596.77358
266.45452
446.32898
422.76414
358.91245
463.85766
527.0117
519.26672
356.59145
488.79029
524.30586
674.31782
403.0479
572.91882
318.32946
678.87986
601.2198
946.64056
637.59032
797.1578
548.24027
588.70532
803.41116
549.78644
791.5296
781.70025
690.81088
602.57199
446.94477
446.19601
734.42101
583.26912
703.73131
574.29921
524.27161
183.22036
674.3573
439.81546
468.01232
465.49269
511.32199
648.53691
500.46364
493.05818
298.77761
549.85669
500.21129
620.27587
478.85597
784.81171
454.18263
505.1817
543.94951
315.82782
502.00469
579.99938
668.20953
572.40461
436.68
726.15516
679.52622
938.39786
662.54101
646.20964
391.04196
524.93506
474.20449
423.89067
420.94031
208.89704
390.03913
502.79321
668.49257
608.84763
539.1156
587.99546
666.51592
630.87372
577.95925
732.85415
552.09074
519.94217
394.36748
650.18251
632.80224
376.83662
380.1027
473.08151
441.5293
162.4775
676.02303
606.23032
595.66002
484.41034
896.04826
449.56604
594.22264
601.42832
513.35145
595.37405
610.91247
491.13024
495.41905
428.47476
552.31637
589.44724
247.04245
489.7453
457.01144
520.48424
417.54812
575.58136
724.53999
853.6296
730.41905
587.20636
626.47103
737.88304
569.17331
927.90191
945.0132
484.76697
460.90566
393.6729
237.46077
436.18695
592.6584
559.46636
720.94667
634.37963
698.65852
569.34878
454.23796
543.2602
349.20341
410.36852
661.35475
797.1115
696.93394
472.59867
659.4354
760.84394
553.00893
685.23719
694.37564
618.77924
690.69249
366.51604
344.03299
300.46212
288.81074
532.01929
510.05202
726.36907
755.96732
700.22857
433.97977
424.98518
302.84093
443.20691
556.05588
570.27556
389.73082
450.00953
527.93075
345.97507
551.12381
465.42278
479.21597
523.00855
512.06597
440.40331
571.51491
500.03258
464.16602
471.69327
469.93639
687.30535
356.53499
473.11441
469.32838
462.62707
497.37909
511.50137
669.27555
710.92586
692.71785
704.73047
551.74904
597.15378
648.80038
782.28948
406.69516
550.01692
357.68216
385.43244
591.7631
646.7857
421.44671
318.66885
548.71771
422.96524
348.34417
625.44255
503.62542
400.8392
373.26798
818.43325
448.83445
805.03128
559.46901
174.66619
403.71115
397.77093
448.87559
534.08756
682.63057
769.17161
436.93883
361.81175
729.53876
199.31218
332.70748
590.94827
538.89213
640.33994
393.95032
640.27656
546.8845
263.99144
238.69385
488.87805
486.42906
589.15043
621.39166
591.22761
407.45497
660.88832
798.63037
354.67683
294.96164
211.98178
638.73918
437.61233
461.62644
313.52735
774.85124
627.05605
749.58501
787.67072
738.28826
537.3194
