705.84547
977.18162
1723.6006
1807.2003
1697.1855
1734.6477
1408.5619
1306.64
1291.1145
1285.3104
1380.9405
1267.9979
1396.7289
1722.1066
1571.6222
1326.5675
1323.0393
1248.3494
1457.2246
1112.3443
1453.7783
1563.3719
1462.8488
1237.5262
1131.7852
1106.8782
1038.9526
1322.8859
1328.8856
1361.1275
1360.039
1476.3282
1247.366
1214.978
1509.0418
1242.8041
1316.7781
1333.0621
960.37686
1201.1063
1140.3338
1217.0872
1522.1393
1461.8791
1355.8456
1193.6701
1126.7677
1470.5992
1542.5788
1357.6868
1322.7474
1312.5031
1411.1372
1385.5076
1207.032
1383.6521
1371.149
1225.1861
1284.0408
1363.6037
1386.4911
1440.1627
1322.3457
1327.4495
1214.0416
1346.9204
1464.5926
1418.455
1122.3109
1470.9926
1337.3876
993.62779
1143.6028
1145.8941
1362.885
1212.9034
1270.615
1361.1417
1202.0777
1395.8849
1307.2583
1333.3964
1338.2842
1108.3256
1292.5093
1032.8481
1229.0578
1298.274
1196.0138
1306.7385
1427.0704
1436.5849
1327.4352
1151.7931
1162.8499
1344.9353
1368.7011
1527.6608
1399.9339
1311.9065
1297.9564
1271.9849
1241.6814
1407.8872
1487.7969
1395.9987
1330.9395
1361.4413
1241.9431
1513.1821
1260.8519
1528.2148
1362.8826
1303.9868
1200.4983
1024.8735
1317.857
1139.6899
1394.5426
1433.0117
1618.4674
1534.6092
1232.6488
1120.1451
1418.5261
1516.9559
1356.9231
1300.1944
1251.4071
1269.0713
1296.8168
1272.2134
1464.1556
1378.5195
1483.2792
1426.908
1139.1032
1177.1973
1484.7323
1349.8093
1386.9771
1307.0012
1316.2974
1046.3748
1120.6068
1099.6269
1392.8486
1247.2814
1404.9629
1396.4646
1403.1179
1316.4477
1073.093
1087.3883
1333.5565
1208.4886
1406.1309
1702.0879
1307.8469
1391.8245
1134.1097
1232.0766
1407.793
1312.8338
1392.6126
1477.0996
1457.1099
1421.1203
1656.9125
1525.7548
1426.2661
1169.6602
1338.8723
1561.5597
1593.6493
1372.4321
1170.967
1287.4287
1279.559
1105.1054
1178.3162
1382.1817
1338.9944
1222.8245
1484.6974
1515.1688
1328.7266
1423.5015
1419.8463
1403.6533
1470.8417
1381.0264
1378.8562
1409.3258
1289.3112
1228.4709
1472.4607
1455.1389
1228.1157
1334.4095
1164.5316
1232.2847
1117.415
1471.8362
1439.2538
1359.8206
1342.2561
1152.099
1349.5459
1531.8165
1439.8028
1274.3846
1540.7024
1257.9399
1198.8071
1091.0437
1389.7574
1344.1379
1293.608
1392.7332
1156.295
1618.0649
1266.3417
1470.1083
1461.3167
1205.2453
1512.6147
1528.9628
1322.2254
1302.8406
1344.7586
1636.8951
1292.4158
1561.4381
1024.6851
1286.5017
1076.597
1211.2694
1428.4114
1676.3958
1456.953
1275.3806
1266.819
1297.5824
1469.3831
1224.0642
1252.2807
1232.9906
1037.9831
1338.2369
1216.5912
1164.6967
1350.896
1218.0077
1312.6412
1302.5838
1313.6217
1435.0986
1394.8225
1192.5697
1565.6729
1504.8652
1384.8833
1479.1334
1287.3022
1306.3746
1252.8471
1340.3556
1442.0457
1516.9961
1120.0927
1563.9149
1520.7073
1294.952
1302.5089
1220.7267
1131.3055
1492.5725
1345.2792
1384.2971
1310.6036
1197.2368
1292.4064
1497.4088
1463.7816
1226.4166
1286.9167
1393.9102
1412.1382
1641.3304
1254.5906
1269.3183
1184.7076
958.79678
1042.848
1198.5016
1393.821
1449.9556
1114.1213
1355.0931
1386.3287
1274.7061
1248.6669
1357.1408
1494.1467
1242.9188
1089.9182
1214.1763
1366.4747
1333.4194
1513.3641
1307.3173
1255.5241
1216.4447
1210.3698
1456.3283
1316.2238
1520.9308
1226.0225
1193.0377
1123.757
1219.1199
1246.2658
1272.6586
1312.4083
1049.8988
1156.573
1383.0874
1355.3975
1357.4578
1312.1545
1368.3093
1240.1392
1487.188
1298.511
1337.7811
1278.378
1119.6308
1194.1655
1237.918
1373.3965
1414.5556
1350.0843
1402.4822
1109.2207
1232.6742
1469.8265
1355.65
1422.8444
1192.5917
1479.9771
1347.8104
1055.4745
1170.1019
1276.9554
1166.5142
1581.978
1352.791
1368.2251
1481.6475
1167.5782
1417.1013
1248.5645
1381.7553
1178.0877
1356.4448
1307.8263
1358.4596
1468.9422
1165.6954
1053.521
1162.2419
1245.9477
1335.3164
1166.6252
1620.5978
1463.1235
1672.1606
1271.5649
1288.3439
1420.0351
1322.046
1408.5473
1295.2441
1169.0687
1200.6062
1184.3594
1074.8042
1185.9376
1184.9827
1278.1747
1460.0675
1297.2011
1072.1628
1182.387
1305.2603
1107.4284
1421.9988
1072.8649
1158.2233
1211.0918
1140.7667
1235.0897
1450.1855
1414.0997
1103.2812
1279.545
1251.7329
1132.0597
993.23562
1067.5663
908.16552
1159.0591
1398.5963
1399.9902
1182.2963
1125.2407
1184.6903
1251.7199
1201.8398
1002.4429
1352.6026
1462.3405
1160.4924
1282.7247
1206.0198
1284.2247
1136.1324
1166.4783
1361.4118
1342.549
1227.3063
1232.534
1264.9863
1265.629
1235.2739
1062.4155
1223.2853
954.27989
1261.514
780.8247
1100.4845
1208.2167
1553.3729
1229.0163
1316.2751
1255.1748
1132.5822
1241.2576
1572.1213
1408.1474
1273.6222
1200.6234
1335.7207
1271.0267
1394.7368
1156.2884
1266.1419
1018.656
1233.2549
1281.8609
1284.9554
1294.1978
1189.8181
1352.6602
1225.0769
1383.2214
1200.4053
1288.971
1138.2966
1006.4848
1077.0409
1243.3598
1229.8374
1124.6993
1050.7466
1118.5234
1048.9879
1217.8473
1099.9383
1213.9102
1249.475
1463.9149
1133.2723
1018.9535
1025.9139
1085.4975
1130.6222
1042.5979
1304.7872
1376.0477
1178.2151
1240.3313
1562.0512
1300.9513
1131.9192
1075.2751
999.00877
1000.718
1251.1832
1554.6424
1498.4934
1134.5838
1239.8081
1165.0076
1156.5479
978.17231
1330.4773
1232.1601
1285.8893
1217.2064
1387.833
1168.1858
1241.7608
1116.9306
1037.9534
1315.4689
1299.2566
1477.3171
1450.8437
1312.2275
1205.6232
1179.8003
1085.8114
1018.5105
1259.9221
1205.063
1347.9852
1344.62
1112.5054
1649.8522
1358.0275
1420.7721
1165.2626
1171.45
1448.4192
1287.9376
1251.2727
1038.4604
1291.856
994.55076
1331.484
1112.2403
1265.909
1127.8245
1466.2122
1099.6766
1137.9105
1177.511
1269.4441
1401.7672
1329.3681
1378.2758
1471.8407
1370.1646
1324.7146
1423.0092
1280.3561
1230.3143
1075.6243
1462.9309
1228.9696
1239.8943
1462.3254
1400.2016
1307.8893
1243.0457
1217.9838
1189.2017
1344.0047
1289.9691
1365.9983
1261.5499
1174.4524
1375.7633
1277.4823
1253.3558
1297.4727
1338.7034
1365.307
1026.7447
1287.3398
1122.2102
1241.7794
1178.7456
1228.2637
1328.0364
1411.148
1103.1883
1229.524
1536.7839
1536.5599
1354.0377
1387.6434
1149.5973
1126.4499
1110.6818
1431.6312
1384.5152
1195.6909
1030.0488
1195.4815
1373.5634
1411.1883
1418.4851
1256.2115
1508.2486
1352.7676
1113.2103
1132.8774
1291.1115
1414.8642
1582.916
1673.8342
1555.0155
1468.5359
1278.9478
1368.9084
1158.8626
1255.8703
1518.5309
1286.0428
1303.8054
1221.6305
1254.4511
1416.545
1534.9736
1280.9521
1334.5954
1334.6928
1462.9336
1410.8572
1223.3787
1140.319
1333.0346
1130.6974
1183.8097
1259.214
1197.1201
855.58796
1403.6869
1236.8788
1250.6402
1130.8678
1318.9196
1145.024
1330.5474
1281.1401
1233.8525
1139.2545
1198.9135
1203.1717
1049.5023
1082.3782
1268.9727
1265.6679
1214.2458
1310.4078
1379.5836
1215.5112
1415.8137
1147.9253
1174.5313
1293.0198
1237.6824
1262.3526
1344.5949
1243.4223
1087.8606
1261.9987
997.25184
1378.8198
1074.2915
1203.2562
1208.334
1207.6537
1333.5164
1405.3135
1260.9757
1550.7879
1496.2254
1153.3074
1099.5412
1331.4211
1017.7412
1161.997
1391.5349
1057.5554
1187.0154
1493.412
1407.6716
1170.5184
1162.4583
1263.2993
925.96491
1157.1639
1151.2902
1143.1561
1376.3593
1128.2845
1369.0717
1079.8651
1283.8233
1312.7242
1353.2991
1455.5981
1188.7934
1336.9762
1574.3654
1418.5301
1261.7224
1227.6512
1213.8844
1329.1004
1314.495
1622.0506
1494.9152
1304.0071
1398.4745
1082.2213
1231.7678
1294.3048
1302.189
1111.2576
1583.5486
1385.7456
1234.4479
1135.7462
1287.7624
1478.7445
1320.716
1408.7813
1463.5655
1507.0139
1417.972
1055.8708
1146.7694
1515.4502
1403.3351
1546.1394
1513.8838
1485.6369
1385.7605
1133.7372
1113.0066
1495.9954
1288.8719
1092.6094
1204.2678
1145.212
1328.5003
1215.0979
1206.1194
1447.4081
1286.71
1349.1824
1386.3738
1149.3374
1357.4634
1250.6547
1221.1013
1198.5208
1481.5857
1345.2302
1396.55
1187.5649
1327.6834
1465.6725
1563.0256
1525.5926
1534.9271
1440.7334
1362.4271
1349.1208
1372.6612
1349.4974
1369.1418
1256.512
1286.8897
1432.1815
1704.9008
1692.5184
1475.7914
1687.2794
1538.2652
1292.3594
1389.5909
1209.6074
1463.8663
1230.5943
1486.1526
1576.0799
1505.8862
1454.1805
1186.6989
1241.2339
1209.5111
1391.8448
1403.0594
1409.625
951.56139
1416.0404
1298.0733
1533.9612
1631.3202
1383.2336
1372.0863
1413.2763
1334.2822
1430.5208
1310.8176
1555.2362
1523.9534
1308.414
1350.6003
1644.4737
1549.2985
1439.2097
1394.9195
1480.7497
1495.1083
1332.8152
1365.7453
1118.8918
1586.264
1512.0874
1563.287
1219.6228
1268.7729
1346.9671
1337.1236
1194.1739
1209.8844
1416.9087
1577.4717
1607.6763
1448.2847
1493.624
1299.5056
1500.2532
1158.3725
1322.689
1222.7103
1372.7216
1268.3671
1505.2673
1342.4979
1467.7408
1383.8412
1603.5231
1568.5773
1539.8423
1157.9965
1218.1035
1363.7948
1408.0665
1433.8538
1330.2531
1488.5709
1519.3557
1392.0201
1352.069
1636.4857
1354.5462
1496.2753
1340.3366
1203.5914
1258.0917
1409.2484
1347.3712
1536.1667
1560.4843
1362.8425
1292.0122
1569.6105
1564.3363
1592.9444
1678.0483
1249.4767
1318.5739
1185.0439
1574.8155
1533.6927
1440.8318
1432.1512
1392.2873
1234.3266
1440.7772
1615.084
1442.5409
1289.0372
1475.9372
1415.3992
1612.1935
1484.1542
1638.3422
1239.7526
1017.7322
1382.6873
1315.5803
1462.2442
1302.5975
1271.2868
1203.9474
1387.4565
1448.2923
1816.7181
1421.3414
1706.7552
1552.9781
1283.8241
1341.7007
1303.3594
1643.2717
1359.5861
1331.5193
1317.2658
1398.4724
1379.3848
1423.0486
1673.0697
1442.8661
1634.1349
1469.4156
1415.7157
1302.648
1296.1224
1196.6629
1187.328
1191.2668
1166.8157
1110.3756
1479.7404
1313.2495
1453.8377
1417.2454
1230.3433
1218.3199
1212.0587
1346.4012
1816.4898
1606.8684
1369.9982
1251.7356
1240.1548
1303.3573
1408.1605
1447.7238
1507.5535
1593.2409
1430.4942
1284.9257
958.78101
1253.2786
1501.9523
1765.4422
1434.922
1400.7835
1433.1988
1495.6042
1498.1928
1591.4817
1377.2467
1405.8135
1420.9839
1378.3454
1436.3535
1271.9144
1548.635
1386.8821
1611.5428
1292.8512
1478.8058
1203.9423
1329.9262
1505.4672
1515.5826
1603.7201
1405.2425
1397.6495
1393.9245
1405.5334
1167.8586
1296.7159
1106.6448
1290.9264
1272.9321
1627.3744
1403.6997
1388.9737
1319.6885
1276.6388
1416.5377
1355.589
1260.9325
1425.4362
1581.9449
1546.2863
1612.6429
1465.6275
1185.4712
1340.5173
1277.3441
1061.278
1280.5184
1298.2494
1452.2178
1330.1241
1418.5585
1306.0519
1477.8341
1285.9493
1221.3831
1220.972
1191.1899
1337.8238
1123.4181
1184.833
1283.5069
1482.2933
1388.8321
1119.1322
1247.6421
1189.3604
1332.3446
1114.721
1123.3575
1276.0195
1472.6942
1378.2643
1557.1819
1321.7408
1337.6838
1418.8718
1343.5071
1496.1408
1208.0994
1026.47
1157.1924
1150.6188
1342.7128
1207.3357
1428.1686
1203.9253
1184.943
1129.1274
1450.9782
1284.9046
1074.1291
1253.9665
1547.9842
1257.2543
1076.01
1336.7077
1233.9592
1361.8362
1709.7443
1512.5433
1286.4801
1341.2949
1336.13
1503.9438
1568.142
1705.1179
1418.2289
1576.8275
1467.4105
1312.9927
1185.5998
1420.6228
1440.2498
1532.2484
1209.4606
1316.1665
1294.3078
1236.8218
1118.7177
1251.3465
1115.3498
1290.7726
1323.8038
1611.2845
1621.4965
1291.4862
1689.5573
1221.4672
1291.9966
1313.4699
1506.4205
1159.3923
1170.7977
1256.4207
1359.936
1195.7693
1428.0243
1090.9266
1291.5028
1201.5406
1372.9218
1495.515
1152.556
1241.8326
1368.1852
1386.1951
1495.6088
1447.3401
1270.024
1379.0041
1316.115
1464.033
1172.9208
1333.2476
1417.5957
1815.0833
1451.6512
1269.8775
1310.4509
1377.9342
1401.7342
1312.6744
1139.3522
1253.9352
1273.4466
1354.4407
1365.9601
1544.2999
1433.0146
1187.0397
1329.4789
1082.1013
1088.2531
1216.1802
1192.6837
1213.8135
1238.4541
1232.0581
1307.4127
1541.6076
1317.3077
1463.6482
1171.0791
1288.0177
1275.3866
1223.3031
1634.1884
1458.5601
1540.7172
1556.0941
1169.0642
998.53926
1195.1903
1369.8437
1459.6246
1558.5758
1447.556
1532.5969
1345.8603
1306.8598
1274.9847
1334.6726
1282.5507
1551.6477
1310.9167
1362.0701
1316.7912
1400.5052
1461.8351
1317.2606
1302.0905
1042.9184
1263.4387
1291.9873
1311.8776
1107.3439
1278.7843
1255.5131
1236.3598
1249.5392
1248.0122
1121.8097
1069.7234
1295.0266
1120.2407
1317.2998
1366.611
1215.7161
1154.4488
1057.6927
1190.0818
1344.1099
1041.2301
1124.267
1312.9958
1472.6401
1301.8435
1315.2379
1500.783
1391.6349
1284.1292
1598.4157
1362.8588
1268.4259
1448.2162
1215.672
1151.8622
1441.3712
1103.4324
1113.4708
1286.78
1227.1925
1157.9764
1006.151
1371.1558
1057.77
1245.5774
1225.708
1277.1754
1421.5446
1226.0666
1278.9269
1235.2256
1152.5201
1283.4628
1146.3899
1071.8847
987.9896
1234.4872
1135.4713
1301.9229
1185.5863
1046.3145
1231.4363
1345.5406
1462.4461
968.66344
1034.6804
782.02363
1078.2748
972.54725
1508.2932
1268.5984
1274.0979
1160.342
853.07923
840.82235
863.56717
1084.7938
1294.3755
1346.4486
962.75798
950.52319
1011.0633
935.45037
792.43079
995.63347
1214.6653
1108.5586
1199.1435
1293.909
1081.0863
1226.7068
1197.5179
871.95448
1159.8658
1048.4362
1273.0564
1064.1924
1284.1409
989.82583
1198.4967
1111.4474
1194.3139
1154.5203
881.95941
1130.9009
957.0713
1019.9911
1049.7266
1267.1209
1057.0126
1132.0416
1293.956
1167.8858
1247.8561
1267.8511
1317.8168
1225.9502
1030.1586
1317.4219
1209.8172
1425.1413
1366.4065
1025.8265
1362.6483
1335.0954
1310.9404
1091.5769
1110.1981
1258.2114
1374.614
1308.3283
1303.2386
1392.9812
1376.5947
1357.9373
1371.4158
1360.0982
1468.6673
1420.3796
1255.4515
1221.5359
1274.3876
1281.85
1307.8996
1536.6032
1241.4066
1293.4114
1423.0937
1066.1976
1059.008
1202.9585
1335.0184
1521.596
1499.4815
1429.783
1345.6514
1348.4448
1412.4096
1506.7669
1252.5691
1166.5241
1376.0825
1378.9296
1313.976
1295.6877
1136.5198
1394.3864
1222.0325
1338.132
1255.8116
1568.7614
1201.1513
1305.1432
1299.947
1239.5906
1483.4813
1294.1045
1202.0172
1518.1913
1072.2444
1274.4276
1311.1317
1427.163
1434.7586
1261.9149
1417.9012
1272.3077
1297.7289
1470.4836
1227.7607
1200.035
1461.4138
1338.3158
1230.0124
1229.658
1159.8843
1682.8461
1366.9095
1532.3617
1391.2221
1547.5114
1435.5648
1130.3628
1345.2918
1198.0041
1345.2982
1345.8402
1391.5401
1688.9435
1431.4251
1324.9512
1303.6832
1111.7536
1172.279
1317.8534
1490.8117
1354.7541
1329.4543
1358.6502
1449.9402
1252.7516
1223.5378
1405.7508
1314.8267
1216.5159
1312.3644
1424.0565
1668.6403
1267.9161
1230.7249
1181.3146
1232.4451
1281.9228
1669.7609
1381.7763
1419.6859
1402.575
1508.0434
1245.814
1374.8637
1435.8146
1448.1864
1487.0209
1348.9033
1127.0866
1364.5276
1351.7658
1287.875
1170.7979
1216.4578
1529.2664
1477.4199
1245.8025
1153.9287
1062.8211
1210.7509
1141.6793
1397.3255
1576.1782
1254.9242
1102.6732
1267.425
1045.522
1258.6062
1375.3458
1469.1038
1248.9472
1257.2489
1083.2936
1232.8603
1143.226
1158.8107
1216.7652
1095.7746
1046.0609
1365.188
1014.21
1201.7007
1531.431
1488.1169
1420.687
1337.7591
1352.2924
1149.2651
1031.2031
1377.0229
1296.097
1354.8149
1177.7532
1281.9207
1099.038
1098.4107
1302.9517
1171.4206
1383.1378
1228.8842
1347.2307
1056.2145
1131.1359
1224.8739
1090.5854
1027.6892
1076.4258
1201.904
1427.5844
1207.342
1370.1599
1186.1379
1069.599
1145.9799
1207.3914
1154.6911
1190.6743
1355.7414
1236.0357
1106.7874
1003.3867
1483.1874
1360.0456
1442.5538
1422.5602
1426.9154
1143.5804
1352.99
1095.8494
974.89389
1250.7519
1264.6949
1463.2662
1064.7075
942.74029
1121.1813
1214.6503
1052.4153
1163.0823
1136.2651
1286.6088
1160.6955
1230.0307
1222.7492
1304.903
1187.6719
904.08015
1016.814
1036.2809
1325.9838
1353.4079
1214.1364
1101.7513
1339.3006
1116.9787
991.26061
1172.0674
1221.8039
1270.1549
1298.5694
1275.3572
1187.9912
915.36453
1007.6572
1392.2296
1181.2901
1127.5333
1347.5487
1336.1977
1111.5567
1343.7861
1106.2861
1405.0439
1131.2045
1127.1761
1002.734
1103.3019
1155.4046
1109.8401
1090.2032
1188.8344
1317.1994
929.85072
877.03197
1126.3063
1191.787
1293.1933
1284.9334
1535.9944
1317.1437
1387.5627
945.86118
891.02652
980.95562
1237.1148
1070.5441
1144.916
1266.704
1064.0821
1517.543
1516.8196
1444.5188
1318.716
1358.0719
1070.9693
1336.4101
962.20311
1215.1054
1217.308
1133.4647
1220.074
1280.9852
1266.8505
1255.0487
1426.5856
1179.5644
1311.4808
1078.6088
925.41853
1187.8932
1187.2311
1483.152
1267.4034
1195.6532
1522.0195
1162.8392
1190.7015
1293.6526
1439.972
1331.2789
1362.1033
1288.4265
1279.6977
1355.2591
1369.7592
1169.1062
1190.7058
1406.6023
1077.0796
842.86346
1224.2148
1267.7368
1191.5592
1223.2777
1153.4331
1327.245
1178.8153
1142.7748
1127.7816
1328.0051
1195.3593
1249.1243
904.57294
928.77299
1047.594
1251.8277
1212.003
1256.4738
854.15349
971.00644
1026.4977
1062.1522
966.90663
1446.2392
1207.5685
1148.151
752.12476
1010.9176
1204.0924
1178.5669
1295.0502
1345.4213
1087.2749
1034.1898
1345.3908
998.90893
1210.9178
1243.7842
1365.5426
1417.8738
978.28115
1183.8808
1123.0195
1093.7399
1289.939
1393.4557
1012.4048
939.77845
1076.1258
1275.7534
1143.6997
1246.8487
1194.2627
1059.5775
1147.8202
1118.7049
1080.4706
1246.861
1111.6952
995.72879
1268.9529
1199.6829
1138.9081
988.23797
857.9614
962.67771
1120.4605
1133.3152
1055.7192
1117.5609
1106.532
1122.9078
1084.5658
863.42901
915.39346
1034.4489
1220.7258
1097.7292
1232.0743
1410.5686
1050.696
985.19581
1136.6511
1218.0117
1291.6714
1164.0395
1186.3852
1260.4925
1460.1088
1158.782
1094.68
1052.9067
1247.8701
1119.4357
1099.8061
1358.4901
1084.6897
1092.3376
1036.6893
1199.8213
1348.7716
1084.9634
987.2083
1382.2492
1032.8002
1332.4193
1053.5311
764.27073
1136.6781
1282.7534
1119.4044
1198.4291
1438.8126
1255.3332
1217.0491
1070.2975
1021.3038
1313.5778
1155.4495
981.86772
1239.1513
1091.5433
1412.3922
1220.6196
1326.4615
1350.5622
940.07352
1264.7629
1392.2662
1332.2237
931.18842
1146.6933
1044.1089
905.57399
879.2036
974.74686
1118.9049
1194.0996
1089.3046
1222.7631
1261.5056
993.00988
661.58998
1080.6757
1080.0428
846.42288
1049.9043
1207.3697
1176.9488
1344.5522
944.5524
1259.7004
890.54405
1189.1906
1379.5945
1608.2331
1063.6782
1125.2309
1194.069
1156.3718
1215.4982
1321.0321
977.1478
982.25445
1156.8277
1287.5752
1168.0189
1130.1225
1249.7723
1049.7392
1214.9036
953.75842
1121.6009
964.21444
1082.4392
1083.597
1141.2305
954.15558
1168.4473
1095.9051
1149.8024
958.80269
1166.4336
920.60269
1013.3376
1034.2185
1148.875
1232.1478
1245.1675
1402.3392
1074.6248
1159.816
1128.8405
1231.7158
1311.4917
1254.1656
1013.1121
1045.7947
1092.4482
879.80319
991.40586
1132.6198
1155.1333
1200.3215
1257.8154
1235.3805
1136.849
1115.6666
1240.0655
1252.6612
1089.6383
1423.9013
1396.9274
1230.4628
1092.2203
1263.128
1210.2761
1254.0119
1292.5412
957.33515
965.90086
1035.8305
1071.9332
1160.841
1173.7877
1440.1642
1257.3904
1217.0366
1186.0363
1059.3914
996.15102
1019.3477
1046.3676
1372.1649
1165.1259
953.65115
1151.585
1009.6761
1252.6367
1224.2496
1058.806
923.45329
1378.7824
1170.5857
1342.1191
1370.326
1363.779
1313.0577
1535.6522
1397.3293
1321.828
1105.0839
1289.6526
1443.6558
1437.9273
1426.532
1190.1194
1180.6093
1309.3958
1276.5575
1308.2741
1065.2873
1198.39
1300.6048
1349.2017
1220.8767
1045.8016
1212.158
1088.1878
1170.926
1271.6074
1319.7713
1237.78
931.98205
986.98328
1184.5067
1134.0416
1168.2276
1028.7539
1139.4491
1340.6536
1366.1561
1256.969
1269.1759
1079.0051
1152.3547
1329.5008
994.21193
1182.0905
1320.6806
1288.274
1321.9443
1199.331
1224.2527
1313.317
1220.0734
1063.5277
1303.114
983.20801
1504.8786
1511.8607
1191.0186
1290.5367
1356.6833
1101.0608
1217.232
1350.2722
1260.9184
1535.4988
1082.3065
1467.5575
1333.0289
1184.7288
1266.944
1148.1678
1246.1976
1296.4243
1300.2288
1207.9106
1403.4531
936.91361
1431.9961
1472.8718
1280.4163
1132.9999
1108.7708
1248.0137
979.1747
1166.5431
1365.5522
1182.6878
1260.9846
1088.829
1214.2372
1275.7771
1467.5451
1289.5064
1261.8099
1269.2615
993.01952
1036.4723
1245.9081
1336.2632
1378.8078
1238.0605
1218.6214
1429.0583
1248.7099
1214.7885
1389.915
1346.1893
1231.1742
1002.9497
1483.5991
1020.3464
1274.0478
1258.9425
1231.4813
1147.2465
1556.1042
1179.7552
1252.5588
1476.6535
1123.4058
827.75461
1273.2701
1325.9902
1179.222
1395.8858
1296.2314
1312.0388
1457.9954
1351.2026
1050.2792
1233.8382
1346.6918
1315.433
1099.6088
982.04073
1181.8672
1196.1691
1116.1914
1159.4769
1380.8516
1262.8013
1225.4318
1302.1048
1581.3188
1413.1877
1402.3573
1244.5018
1329.0788
1294.737
1458.0859
1156.5547
1216.5687
1035.8222
1289.6205
1510.9716
1542.7486
1149.9714
1015.1415
1247.3442
1164.133
1263.9395
1159.2194
1045.0249
939.75926
1221.4244
1119.1659
1192.3657
947.01676
1046.3659
1309.0348
1181.5684
1387.486
1169.1066
1207.2546
1088.2042
1473.0199
1375.6251
1129.8766
1007.2851
1021.3893
1391.6495
1053.2565
992.9634
1059.2734
1327.5426
1266.5888
1449.8119
1220.7865
1257.0052
1117.9566
979.74961
1044.2541
916.71918
947.16488
1143.8136
1305.3325
1431.9332
1142.1534
1358.1646
1162.1318
1216.6332
1195.211
1200.8552
1200.191
1265.8085
1129.4745
1062.2188
1138.1613
877.97312
995.23961
816.81098
943.15687
1221.8217
1075.7735
1072.2173
1303.6033
1131.7115
1067.3941
1242.7941
1160.1815
1320.3609
1058.0774
1225.88
1298.7529
1103.5267
1079.3643
996.31252
1007.1643
885.68843
1132.093
1243.2656
1069.4115
1257.2626
1198.389
1227.4575
1336.9231
1338.0281
1107.2476
1236.39
1388.8442
1216.0621
1365.2383
1416.4724
1370.5559
1184.9709
1090.7655
1078.3733
1067.6413
1035.0677
1270.7801
1547.7975
1367.8099
1344.4487
1125.1431
974.66552
1064.186
975.82933
1342.7355
1231.06
1455.8097
1331.6857
1376.3587
1146.9646
1360.0815
1360.2258
1320.1847
1233.8085
1578.0707
1197.3727
1404.9546
1335.6609
1375.7227
1432.5922
1227.8287
1263.5997
1325.3827
1464.7373
1366.9175
1128.2661
1277.624
1116.6352
1404.8148
960.17803
1158.889
1139.0328
1301.8502
1125.1822
1181.2826
1115.5249
925.22397
1428.9143
1226.8282
1177.2451
1340.3366
864.54033
1377.1168
1106.3974
1377.6806
1207.9316
1059.1421
887.04992
1219.8818
1249.2779
1048.858
1312.6426
1133.9936
1144.2226
1090.06
928.77359
1149.8758
1239.4908
994.11466
1195.8565
1192.0552
1262.7078
1034.9703
1172.5136
984.13527
1166.252
1141.3037
1006.0511
1267.8195
1043.1129
977.43034
953.0079
1122.8761
1218.4453
1002.2832
989.0542
980.72856
1107.1935
1092.0511
1112.3081
983.69583
1261.6681
1239.5413
1428.4551
1219.1226
1105.7438
1281.2844
1167.3952
1155.5316
1022.0486
1106.4824
980.90865
1008.9346
1045.6772
1013.8219
932.62414
857.23822
1065.1185
909.3
1262.2827
1345.4474
1183.6543
1259.7143
1017.0794
1504.2964
1453.4653
1245.1609
1218.9998
1256.1069
1087.2364
1010.2192
1315.4857
1198.6021
1259.5626
1204.5842
1480.2628
1206.947
1145.3295
1346.2616
1165.5348
1224.9205
1335.5385
1100.8323
1458.8927
1401.8757
1235.4905
1125.9526
1442.9507
1032.1754
1102.3309
1231.9649
1245.6379
1082.5183
1435.3677
1068.4366
1271.227
1254.3774
1377.0506
1300.4327
1269.5217
1289.3518
1130.0873
1170.1629
1440.0266
1338.2809
1192.3439
1380.0268
1090.3135
1204.1803
847.26924
989.16799
1122.0919
1029.9935
1242.1495
1213.248
1273.5268
1236.8593
1199.4181
1182.8908
1056.3811
1012.9966
1206.5571
1114.9835
1167.6803
1306.832
1313.6086
1599.1403
866.63091
1274.8566
1192.8061
1270.9458
1221.9484
1221.4946
1084.5227
1279.6076
1258.1231
1391.8563
1290.4435
1334.8258
1271.3838
1294.1751
1157.4185
1401.425
1400.928
1066.76
1345.8133
1324.7326
1245.4512
1553.6691
1525.0162
1550.926
1160.0929
1227.9144
1231.2347
1262.8272
1442.5073
1363.4542
1155.4924
1264.3631
1232.1118
1049.082
1400.6395
1350.6089
1557.3126
1169.4815
1306.6347
1270.3294
1424.3209
1176.3927
1156.0058
1317.5507
1227.5266
1237.0876
1308.6605
1084.6431
1367.2805
1005.7334
1489.9819
1064.8726
1165.3846
1073.4057
1337.3338
1164.843
1353.22
1114.5209
1176.0211
1471.2469
1245.4354
1448.997
1061.5087
1428.3446
1055.9387
1170.925
1336.1641
1589.45
1366.3839
1267.393
1245.1874
1137.4272
1347.3415
1172.357
1219.5533
1329.0365
1494.715
1244.7188
1272.306
1233.0951
1207.8474
1427.1899
1214.5076
1106.8351
1142.607
1217.2175
1431.2882
1157.187
1526.5977
1273.4854
1442.7815
1336.0712
1285.1445
1353.4726
1222.4382
1110.8267
1504.6455
1141.0424
1432.787
1416.1391
1275.465
1376.5614
1541.0198
1358.5581
1466.6968
1438.3477
1410.5536
1502.4114
1397.7461
1619.0205
1228.8521
1214.4814
1412.4753
1550.385
1344.3951
1224.8548
1056.9513
1061.9167
1407.8945
1221.2394
1018.2658
1135.354
1062.0281
1372.3667
1426.2739
1229.4381
1308.005
1216.2729
1214.6306
1061.3448
1283.3712
1301.7844
1226.5346
1093.8725
1023.2474
1317.6504
1093.6295
1066.8617
1277.4661
1216.599
1231.3799
1370.3139
1218.665
1157.4643
1005.4888
1279.8536
1292.8305
1188.2115
1261.6266
1216.3167
1294.0527
1184.4263
1195.8718
1433.9979
1094.8967
1186.436
1229.8606
891.81694
1410.2389
1252.9047
1380.4931
1336.5952
1203.6231
1204.1422
1417.3933
1288.0596
1150.4866
1040.905
1196.3212
1089.6326
1162.5194
1052.965
1164.5053
1558.1601
1039.4107
1229.3356
1258.4032
1239.1206
1284.0706
1070.7453
1146.2548
1200.7819
972.17856
1136.0281
1101.3093
1200.1838
968.43627
1127.4693
1008.73
1174.7706
908.76702
1137.2041
1116.09
1143.8892
1372.5103
1240.8168
1289.7414
1219.8111
1312.0968
983.44154
1217.2682
1162.3323
1079.0807
1084.7309
1015.1723
1108.0451
1251.0055
1152.246
1098.651
874.47016
998.21453
1137.4486
1114.7446
1180.0977
1137.6385
1120.7535
1057.3616
1101.7513
919.52432
1174.4515
1213.6755
1261.3046
1273.1137
1222.2312
1191.6534
1052.3668
1174.9484
1234.3058
1221.4549
1162.7615
1282.462
1308.1329
1154.7425
1338.408
989.32558
1122.4392
1083.6979
1073.5539
1123.9126
1186.7039
1275.7688
1014.1028
1202.6979
1165.6701
1058.1981
999.36864
824.27032
1309.987
1004.7835
956.55231
1048.7768
1139.795
977.59873
985.45545
1043.9226
1187.7334
1105.8515
1144.4029
1116.9057
1207.5135
936.96352
1432.7713
1207.1427
1010.8184
871.72854
1130.1845
1032.4514
1070.2436
1176.9402
1113.8877
914.21542
920.0043
1047.7665
973.01097
1215.8229
1291.643
1090.0998
1135.8839
1041.0505
1019.2882
1335.5893
1246.2301
1062.0199
1205.8583
838.86468
861.32401
1169.3801
1021.5591
1053.7371
1004.3437
925.3848
1065.9979
1150.35
1076.3076
1125.0471
1085.6836
964.61363
1003.7401
830.86521
1017.17
1188.6111
1031.6415
1176.3371
1325.5863
1130.9278
1098.457
1042.2503
1213.2302
1182.8509
1111.9311
1078.0586
1085.7558
1070.2298
1152.2361
1022.2998
1340.9613
1013.9548
1101.024
1117.2988
1113.9786
1178.0697
1260.4027
1213.5893
1440.6512
1186.4579
1193.466
1189.8085
1205.9797
1179.1079
1284.473
1279.8554
1284.9712
1564.3153
1123.2165
1519.5311
1331.4426
1461.8731
1306.5134
1316.1636
1191.6489
1272.2559
1077.4341
1214.0018
1313.1998
1432.8351
1376.433
1104.351
1186.5925
1067.3613
1209.1018
1044.1976
1269.333
1220.6214
1114.441
1299.2614
1443.7396
1375.686
1096.6376
1065.0884
1004.7577
1169.8165
1127.008
1259.4234
1126.8703
945.28174
1101.223
1148.0294
1229.9043
1458.3936
1146.2272
1114.2226
863.51294
745.96357
918.83382
1273.2411
1032.2159
1065.4989
1052.4427
1126.642
1000.4221
1061.9085
1410.6982
964.04848
790.44885
958.88824
1099.3891
1068.9019
975.92822
1166.8321
1076.4105
1282.8352
1099.1457
1056.1359
1326.2336
1393.8098
1066.3967
1040.1919
900.56619
791.45008
1433.2461
1255.2081
1300.5078
1273.7364
1362.2751
1436.7168
1080.7744
806.16349
996.14604
1114.6254
1430.7465
1508.1323
959.50227
1306.6727
1131.3644
1057.4942
1330.652
1475.896
1119.2021
1417.0872
1326.518
1156.2965
1141.7622
1034.3639
1094.2514
1281.3127
1131.7463
1655.2072
1419.3029
1399.3781
1075.1562
868.56721
1132.7609
1298.7826
1192.0363
1348.781
1193.4457
1269.7978
1382.1489
1047.1737
1181.3553
1348.5322
1543.4228
1286.4144
1291.1033
1410.5973
1415.1161
1329.3889
1252.5457
1111.2889
1199.3166
1373.1602
1228.1038
1465.3923
1323.2627
1366.665
1231.7161
917.18519
1196.6944
1189.0798
1291.9536
1037.0017
1308.1934
1284.7689
1107.1062
1273.4575
1205.946
1164.2406
1104.3682
1128.1703
1142.7913
1147.9444
1355.0863
1123.0089
1262.0961
1264.1472
1327.5398
1160.821
1176.5284
1261.218
1241.2693
1105.3108
1479.9467
1415.7318
1009.0534
1436.121
1363.4038
1532.7015
1262.1432
1079.3331
1131.1927
1355.3335
1546.4209
1438.3775
1463.1002
1421.8167
1190.567
1323.6961
1394.9428
1203.3078
1385.2338
1126.0947
1172.3355
1610.851
1611.6846
1502.2776
1435.6329
1211.553
1231.9493
1382.9551
1272.6597
1151.876
1162.946
1240.8635
1218.1085
1375.642
1299.5152
1329.2722
1453.4719
1265.2285
1168.1894
1265.9157
1286.0418
1373.7437
1221.216
1449.7793
1173.4567
1303.1527
1250.7697
1285.783
1369.4894
1278.036
1243.6763
962.39319
1005.3249
1093.8051
1108.2255
1179.7615
1130.9389
1136.3631
1065.8883
1257.0289
1468.295
1378.367
883.73387
983.33596
1408.3378
1532.3401
1415.459
1281.006
1158.4396
1049.515
1072.0225
1209.0817
1156.2691
1144.9032
1238.1769
1495.1151
1608.9003
1242.7249
1204.4081
1091.5681
1360.2099
1491.0281
1205.7258
1530.5585
1195.9305
1226.1426
1078.5085
1092.2197
1032.7285
1240.0406
1256.9339
1201.103
1196.0188
1242.4852
1435.2938
1321.0637
1282.9418
1238.1305
1251.0462
1180.272
1275.3306
1341.0215
1203.3903
1237.6086
1128.067
1184.4854
1186.9168
1228.7441
1211.0216
1194.0237
1031.2144
1172.5034
1179.7608
1287.8586
1285.9642
1119.3192
1136.2492
1318.5268
1275.7543
1184.794
1030.9819
1097.1453
1193.7917
1159.918
1045.1447
1323.3292
1169.0884
1363.4062
1349.0443
1499.5545
1476.4159
1300.0056
1278.3207
1233.9785
1368.977
1219.4132
1205.2576
1369.9018
1038.1893
1122.2258
1457.7574
1282.9484
1432.503
1041.4118
1161.729
1273.0482
1233.673
1210.5294
1337.1466
1320.2732
1123.1878
1596.5947
1280.3507
1180.0572
1071.1387
1187.9975
1424.6005
1139.9225
1048.906
1272.3078
1218.8898
1372.3275
1135.9382
1326.0092
1466.4933
1214.2464
1200.4575
1495.9815
1479.0797
1286.5418
1264.1538
1127.9043
1205.8353
1365.3196
1161.4183
1182.4309
1103.3374
1234.4787
1200.2227
1197.1521
1089.2266
1497.1133
1136.5935
1264.973
1173.3028
1516.5811
1226.906
1287.6266
1230.1384
1143.0459
1249.3583
1279.3986
1276.2132
1232.6847
1390.2805
1356.1835
1458.8187
1103.7782
1253.8481
1441.8056
1432.533
1149.8581
1365.786
1235.8627
1095.8695
1145.2576
1257.8544
1203.3912
1461.4578
1152.1053
1318.4114
1162.5971
1442.1392
1432.0515
1458.9523
1330.0396
1189.9124
1029.5885
1312.0422
1114.575
1329.453
1330.4705
1134.486
1080.9868
1105.8573
1067.978
1447.7032
1025.4053
1466.635
1327.9282
1430.0795
1333.1501
1131.8664
1177.7284
1353.0363
999.69148
1050.9622
937.26915
1258.4404
1101.7626
1297.9231
1208.6348
1264.386
1028.7747
1152.9063
1052.4981
972.66386
949.09079
1016.6253
985.84922
885.33259
918.30217
1039.939
1201.6712
1333.7543
1173.6319
1101.0864
1186.7293
1197.6396
1233.8503
1208.35
1086.5395
1136.8879
1060.7173
1143.3394
1063.6966
1069.412
1215.3174
1243.8559
1108.1518
1265.1123
1206.4298
1354.7809
1322.9458
1239.1828
1366.0879
1128.239
1347.2114
1270.9404
1273.9946
1331.845
1239.4129
1072.4018
1272.3295
993.90027
1171.0337
1168.8756
1024.9228
1220.1844
1065.0585
1035.0631
1129.0901
1120.7892
1050.8866
1217.5433
1202.4175
962.21788
929.42038
1163.553
1276.0415
833.92692
1060.8405
1159.2368
1091.2082
1069.8522
820.45508
873.90932
948.02792
1186.927
1140.9798
1391.1585
1356.8873
1326.2589
1098.3239
1032.3733
796.04182
1109.0113
1182.2712
1065.6848
1344.3467
1074.8962
954.14727
1139.7012
993.26992
1120.672
920.88546
1189.1214
1242.6317
1247.6847
1387.0598
1143.2465
1203.0221
1073.1305
1179.4975
1251.2599
1138.0498
975.10993
1092.0464
1264.6759
1095.3976
1347.4965
1248.4972
991.91648
1228.9257
1164.566
1186.9941
1146.9463
1032.2766
1305.0529
1228.0438
1260.2797
1245.6366
1304.2188
1282.7851
1235.8404
1163.3823
1066.6144
1099.0064
1164.1819
1102.8206
1149.5736
1232.2558
1326.6065
1305.9333
1566.5006
1203.7161
1218.7184
1076.5024
1266.7005
986.45468
1181.5859
1155.9996
1232.6421
1108.7468
1301.0395
1190.0037
900.78241
1056.0066
900.12564
1269.108
1554.7964
1390.2067
1154.4094
1219.6449
923.3432
975.49329
1152.3509
1435.5069
1352.1544
1054.6547
1275.2863
1057.2542
1060.2313
1183.1654
1096.8186
963.9877
1194.5219
1228.0548
1182.8491
1269.3097
1306.0669
1072.5569
1182.2721
1148.3031
1189.9491
1254.1245
1177.0668
1096.9206
980.01614
1041.167
1282.1048
1213.4384
1284.5778
1253.5056
1477.6728
1019.5553
1031.0131
843.4839
768.25853
840.3542
1089.6517
1077.9444
1209.062
1310.862
1232.65
1163.8041
1033.7663
1056.4274
1177.0837
1112.7925
1127.2567
1110.3144
1037.3497
988.75288
1087.6919
1079.8892
1443.4163
1051.119
1197.994
1195.7731
784.24293
1059.5069
1273.3033
1278.0464
972.3664
1211.1967
1279.2448
802.47314
1151.9162
1166.5969
979.1917
1176.0791
1301.516
1309.317
1239.1594
1248.3149
1166.0508
952.33292
1094.6656
1432.5926
1223.181
1123.1201
1204.4111
1096.5258
1241.6177
939.82469
948.0263
1150.0663
1070.8535
1446.0748
1465.5742
1288.2531
1311.6069
1060.7361
1195.7058
926.40717
1094.0052
1089.2635
1243.5486
1311.8846
1316.6526
1057.8429
1093.832
893.97639
1131.2944
1185.9281
986.62769
901.8147
1053.1215
1296.6199
1058.5778
1117.0086
1217.055
1084.2167
1167.5226
1071.4872
1096.1566
1246.1351
1330.763
1161.0458
1042.0915
1032.416
1104.913
1035.6117
880.52508
1146.9331
909.53486
1046.3071
1033.8489
1295.21
1129.448
999.64587
1020.1989
788.56525
1008.3974
964.12426
1032.3617
1014.6146
1121.8555
1191.8466
940.17962
859.07031
746.65266
816.7535
1082.8006
949.87294
927.91823
1075.1702
1143.5464
1003.3769
1002.4522
989.02469
927.20129
954.76781
968.75569
725.20676
1035.478
951.41598
939.77423
768.31181
911.18599
1034.5318
1068.6569
964.29891
911.51051
1010.3749
977.79326
1227.4539
943.99245
877.49877
1137.6861
1017.2636
1141.2103
1002.3129
1053.661
1085.9061
1063.9972
1094.5135
1004.1164
1241.0484
1169.5634
999.92553
907.93248
1061.6271
1135.2678
1046.0883
890.67476
1036.2504
1072.3605
771.63792
1067.9071
1134.459
938.97996
690.85161
841.39857
1252.5069
902.23861
967.05439
994.51186
983.1013
1029.788
1192.7952
1312.385
918.36903
959.8895
879.52746
645.24861
1035.0809
1005.9363
969.79839
1030.0808
881.82811
680.46302
719.56934
842.26661
1031.3735
1110.4272
1176.4548
1041.0111
935.34624
996.72
895.8369
1056.5906
878.65986
744.59005
798.53005
869.63587
860.06187
1002.5796
1135.9491
1057.3036
1079.4692
1127.4466
951.37837
1309.0669
1197.6572
1033.9604
1031.9798
806.74929
790.30826
773.50956
1078.4446
1106.5615
1080.1503
1267.8709
1125.7835
1029.0958
921.83101
767.23298
730.4175
1056.7292
1112.3621
1101.7225
872.66831
936.60267
1171.334
1168.3766
1173.348
969.01026
1005.5379
1208.1292
1326.7333
1102.4208
1111.3092
1145.2823
957.77325
1119.4979
1029.6467
1051.0822
1046.6086
1116.8993
841.16301
1003.8806
925.91571
1077.4868
1121.9267
907.82775
1260.2118
1146.7207
854.66622
1110.2185
844.26605
1225.3183
802.35626
1003.5875
962.30538
1062.6521
870.3486
1052.0656
1121.4197
1172.485
1254.7339
1072.7315
953.62397
1033.4844
855.68154
845.1584
1092.5653
1090.3107
1056.8774
940.52222
1109.1655
1068.3581
1029.2019
864.31958
735.09375
898.17034
1046.8661
1091.5682
1007.3809
1382.5128
1177.6088
1100.7281
1050.6567
1025.9168
1112.7646
1293.8438
1089.7469
990.25609
1076.0019
1291.3058
1266.7487
1309.9482
978.30159
1256.8898
1061.412
1010.6366
1053.9487
1052.2729
993.47951
1016.7584
1218.1072
1330.0952
1289.0609
1065.0494
1096.0362
1254.2283
831.67016
1029.4741
1217.142
880.75494
829.59569
935.61092
1044.2207
1003.0908
1099.4208
1437.9414
1611.1911
1095.5984
1313.1776
1196.342
1088.7167
1056.8901
1120.5739
1207.6527
1205.1969
1201.0455
1194.9227
1032.5352
1112.0372
1345.9581
1176.7477
1165.889
1192.506
1160.4793
1335.6212
1263.1973
952.36344
790.72159
990.34268
1050.7949
1054.8458
1082.0286
1061.981
1298.4688
1345.3992
1145.1834
1099.4343
939.82819
948.24074
1157.1625
1242.2414
1053.8856
1213.8886
1314.1822
1167.5163
1352.4752
1307.6319
1393.461
1154.0828
1011.3933
993.12603
1172.3731
1311.6318
1286.4401
1327.7366
1082.4662
1254.7097
1307.591
1131.3314
1298.5501
1564.46
1322.1996
1384.0263
1377.1988
1151.3325
1533.2923
1372.7077
1100.759
1034.985
925.47432
1087.5697
1208.8513
1180.8739
1056.7215
1165.6213
966.68528
961.39644
858.8626
1016.0864
1131.1995
960.13648
1216.7292
1132.4109
1126.1399
1235.4837
1124.5628
1005.6487
1333.5237
1371.202
995.10225
1192.4347
993.11296
1125.0466
1299.1084
1097.8492
1124.5038
917.75524
1139.0663
1444.0938
1216.0643
1306.5597
1144.8399
1136.0493
1670.9441
1177.1662
1241.0343
1105.8551
1114.0008
1147.2353
1450.0999
1243.8752
1301.2541
1402.9659
1276.3126
1167.4561
1081.7022
688.32302
911.35824
1254.9364
1335.7481
1204.1822
1271.4808
1005.4644
1109.426
1016.5134
1233.7021
1020.5537
985.19683
1310.329
1078.6182
1220.3922
1151.159
1111.6649
1319.9298
1216.5134
1080.2367
1189.1388
1241.3111
1316.3425
1070.3249
1295.6035
1333.2614
1093.4786
938.63407
892.55576
1113.6746
1101.5155
1096.4821
1400.4183
1156.1343
1293.3414
1068.3308
1062.4035
1255.7065
1289.236
990.00194
1344.7391
1316.9824
1260.1153
1129.2241
952.98948
979.97712
1227.5407
1228.0579
1265.8457
1139.7687
1076.3047
937.71725
965.71028
955.44402
1120.2853
1280.9505
1054.6217
978.60526
897.95953
1216.3092
1069.5955
1010.2996
1119.3314
1103.4943
1043.4739
993.17049
891.63606
1036.5817
1235.6658
1181.5651
1524.7798
1162.2026
1058.8579
1079.1909
1328.4742
1174.3171
1132.6893
999.13517
1237.1224
1147.2699
692.00971
1187.6384
1051.0583
1231.9635
1292.2221
974.3111
902.90766
979.70786
1106.6554
921.23945
876.00503
1124.7525
1217.1432
1033.7475
1163.8192
1031.918
888.14003
1313.0098
1074.5191
991.37346
986.37668
943.01986
1062.7801
994.8772
772.28201
1407.5496
1207.6357
1061.4262
1112.7803
998.78365
1145.5717
1434.2657
1528.6623
1301.0344
789.02605
1021.4742
1289.6766
1472.8527
1157.6421
1129.8486
1321.5301
986.88093
1298.2318
1189.7849
986.20907
1073.9749
1209.4126
1124.6509
949.68925
1052.8144
1079.9384
1068.6705
985.70497
1088.476
991.69633
1226.1664
808.74593
788.76014
996.68962
1288.0655
1238.6241
1098.9166
1268.2324
751.55747
1171.5574
1126.5245
1254.9443
1002.7234
1066.8431
1070.3811
1065.202
1260.8175
1413.5501
1194.2349
1247.5235
1398.0334
1104.4384
1083.818
1152.8034
1218.3255
1028.8144
1226.4206
1098.7299
1235.9959
1116.6372
1185.9932
994.31943
1298.6691
1244.4741
1158.5377
1192.2823
1191.6591
1174.3291
1343.698
1159.7124
1260.8613
1336.419
1070.5916
1310.469
1276.8021
1300.4406
1186.2014
1167.7305
1168.9862
1349.2175
1151.9855
1074.8158
1263.2684
1341.3821
1144.2539
1005.8998
1178.4607
1166.2931
1138.6745
1259.4779
1042.3852
1132.2092
1309.9789
1170.9141
1088.0363
1370.6479
1194.1533
963.05483
1288.5287
970.62507
938.39826
1092.9015
1081.9755
1202.8703
1130.4957
1089.6787
1205.0802
1004.2019
1168.4182
1336.4462
1245.279
1139.2151
1253.1622
1204.187
1154.9786
1249.7008
1149.3007
1239.139
1308.7194
1244.0183
1152.451
1161.5346
1382.6968
1356.7295
1521.4738
1232.0163
1257.1439
1102.1355
1165.9131
1135.2978
1155.3653
1232.9135
1023.5941
1429.1893
1216.9952
1324.1348
1306.7162
1490.5846
1236.4228
1370.5731
1526.1521
1299.8108
1361.1257
913.85559
1262.2298
1075.9464
1059.3578
1342.8125
1228.6629
1190.2146
1017.8413
1365.1934
1253.2288
1285.8399
1064.7056
1116.3595
1085.92
1307.6481
1291.6968
1282.002
1251.0736
1050.7145
1256.7643
1161.9104
996.11964
1138.1444
1210.6221
1162.4335
982.94855
1165.0348
790.54141
1203.7417
1224.0585
1356.8174
1366.5985
1515.1902
1251.413
1188.3812
1072.0318
1234.6585
1162.8916
1082.8082
1283.7306
993.76465
1160.4335
1088.1212
933.3149
1090.4242
1050.3188
1144.6893
1077.8886
1240.1879
1239.9178
1171.5894
1157.5725
1094.191
1100.84
1085.2049
1145.5363
1310.9396
1309.3586
954.72887
985.82742
1018.8601
905.29521
1186.9473
1221.978
1041.4984
1263.2167
1139.5345
1055.1208
1066.1041
1405.7085
1286.3659
1260.2839
1196.8632
1333.5053
979.09958
1075.7322
962.84039
1023.5373
1027.7074
1131.6044
1051.5198
1186.6073
1100.9011
1119.0062
1231.4408
1225.1707
1022.0083
1282.6463
1210.2472
1286.5504
1204.4246
1141.2748
1041.1147
1091.9945
1101.8218
964.4918
1114.8335
1055.9745
1095.5738
1008.2239
1387.3718
1029.8915
1475.9861
1239.6063
1366.1412
1324.9565
1165.3855
1227.6564
1318.1717
1191.0224
1117.7039
1246.589
1191.5236
1189.2979
908.79377
1269.4826
1323.2101
1118.488
993.45878
1157.8828
1210.0902
1090.5398
1210.3119
1150.0995
1143.6238
937.13988
1090.6744
1088.9534
1083.4027
1339.4218
949.25839
1192.5425
1343.4992
879.62884
910.89146
1068.7788
1137.4726
1000.1574
748.8141
878.83456
852.71635
1135.0315
1297.9518
1224.9246
1300.1918
1195.4082
994.09695
1097.034
1009.9498
1054.7141
1298.4172
1170.4329
1126.7537
1168.6637
1219.7264
1114.3264
1126.8603
1249.8864
1144.6036
1047.128
1026.2541
1392.5956
1055.3929
1313.3032
1195.1118
1174.7728
1277.1394
1376.243
1132.0405
998.89978
994.65412
1283.9982
1011.8322
1402.7085
1297.5867
1110.1142
1331.1779
1268.9286
1252.1948
1280.4256
1276.9012
1269.0026
1185.755
1285.2131
1063.3337
1271.8131
952.51359
1221.8344
1178.4473
1151.353
1317.0902
1166.2281
1155.8235
924.18945
903.17034
1110.2801
1256.3219
1278.0864
1391.2965
1250.7406
943.60443
1058.9352
1237.8004
1175.0681
1049.3255
1495.9312
1317.7411
1105.0348
1138.5715
1099.871
942.57407
1017.5406
876.41834
1267.7368
956.84456
841.41251
1078.4644
1130.8185
1419.5393
1254.7914
1031.8831
1213.035
1111.1333
1298.7562
1163.5987
1287.6909
1394.4708
1370.0197
1289.4871
1055.6266
1239.3871
1138.6661
1165.2218
1158.0317
1165.5735
813.51203
1082.9542
1126.5914
1017.6729
1112.9292
983.69662
1203.0526
1133.6852
1037.0567
1145.904
1299.2355
1105.0794
1373.2523
1053.8814
1143.7968
1178.2295
1326.4354
1158.3695
1230.2727
1081.374
895.5283
859.63863
1092.1585
1018.3466
1331.2447
1545.7718
1335.3199
910.24907
1206.8794
991.88573
1156.0162
1272.5856
1243.01
1232.0052
1195.0894
1186.5442
1101.1743
1274.9659
1177.3589
1249.6347
1337.9678
892.35084
928.03513
1211.3641
1260.69
1332.1196
1189.6302
1015.8409
1440.0468
1177.7156
1242.794
1297.029
996.09606
1224.0087
1203.1828
1301.3749
1187.2067
999.39227
1009.8211
1018.719
1242.8839
1296.5988
903.7934
992.64178
1014.3311
1309.726
1321.6907
1386.719
1235.5242
910.88051
1118.1172
1074.4973
946.2224
1152.4688
1296.824
1024.4789
984.0193
972.948
1009.8939
995.55252
1131.753
1212.6739
1164.7499
914.83722
1056.8178
924.84708
864.81891
1008.5998
991.80391
1093.06
1097.8678
1003.0789
844.05744
1178.775
1113.8384
1186.7479
826.86034
781.91754
1113.9015
1155.6765
1078.5133
958.01478
852.74299
818.07137
867.813
1088.6784
1059.9367
1130.1404
802.98833
855.61428
828.18046
984.32562
1059.0193
1010.6491
713.23592
827.99974
886.37404
916.04514
1179.9898
1167.8723
1030.7204
847.93644
1292.3856
826.30692
1118.1161
1112.0978
1122.2083
944.4538
839.26381
906.07039
937.31247
1100.6861
1445.1413
781.63868
872.84455
785.34516
1055.0033
845.62604
934.37008
1227.9389
822.09154
910.72723
1067.8593
917.52875
1210.8648
1032.6642
990.87537
985.35688
928.32965
949.64158
1032.8874
1002.4032
1053.1627
1220.0118
1142.8736
872.06347
916.78299
1115.9131
1040.1276
1113.8358
1115.0591
704.59369
951.72287
1061.3022
1111.5482
920.34312
1099.5415
1162.2517
1095.2259
962.0154
1095.6531
874.46613
1448.9241
986.94685
888.90543
1060.8587
723.77818
710.49651
932.74594
951.90271
880.32552
1194.947
1062.5601
1020.2235
1165.5785
1056.5386
1015.6316
1191.3182
998.70061
1052.1422
1086.0676
932.82336
1075.6601
1176.1129
1334.7095
1045.706
1132.3478
875.86178
1086.4163
1263.2446
1166.0435
1279.9644
1231.5117
975.88213
953.77212
926.06923
955.10898
868.29631
901.43244
1141.6246
922.54908
967.10076
1003.3029
1190.5499
1007.0542
1027.9361
1007.5216
1207.0341
1293.1958
1255.7806
957.77824
1332.9331
1006.2304
1063.3073
917.66588
883.74794
999.17346
1074.2797
1114.0844
1052.0978
897.3171
983.29088
965.59067
1074.0229
1320.7127
1293.8771
1150.964
1037.5967
1057.6527
949.41119
1128.5578
1271.0568
1193.5822
1141.5562
973.95322
1212.4442
1270.6562
850.60721
1042.6965
1203.9047
1082.4859
935.1559
788.05871
760.04457
947.23866
802.92771
1077.7927
1012.674
856.86119
1231.7911
901.32561
1123.3529
697.63687
1200.7696
1087.3039
1159.2856
726.72553
1037.2387
996.91983
1040.7187
1152.8354
1033.4488
985.00553
909.7775
1080.165
1119.619
1055.1134
1085.6096
948.74233
950.60634
1263.5092
977.9002
989.06771
818.77763
1055.5921
942.2119
1129.2399
1239.9956
872.45602
1216.1958
1232.9876
1145.6104
1006.3494
983.85369
774.7768
937.29871
1154.9039
1007.0306
1261.6293
988.60234
1205.1885
917.02453
1068.9194
962.23057
1031.49
1201.7135
940.51425
1147.9789
836.33518
975.29946
1005.5621
1023.5775
1263.1989
1139.5332
1277.7618
1057.5594
963.35438
911.92049
1047.2599
1190.3292
1077.0297
898.85623
1129.0822
1168.3249
1250.9667
946.30523
1051.2627
1016.9851
1145.1583
1316.5037
1070.9148
1044.4204
942.81991
955.47379
1141.5321
815.34696
1036.4841
1042.8317
1154.5635
1080.1312
987.36311
1287.1136
1122.4393
1038.3027
1176.3027
879.72435
927.31064
1162.0644
995.75779
1313.1382
1075.5354
919.85562
1145.1824
1304.9361
1270.8213
732.73641
991.24134
972.45769
1163.7032
1033.4395
1167.4849
1083.2047
1104.7255
783.48963
1257.2775
1249.4173
1228.7595
1166.5972
1019.162
1187.3867
1157.6195
1353.1697
1233.6048
1234.5629
1156.8084
1137.9991
847.06841
1024.948
1341.0057
990.72643
846.4089
946.42704
987.0164
888.56227
1202.1206
894.45099
1131.5662
689.79848
1182.9836
894.62534
1308.5215
1032.6807
890.94185
1042.2416
1141.7659
1198.2858
910.28459
1087.0568
1349.3789
888.84697
1049.3037
924.38537
794.3896
1022.657
1063.4421
1055.2556
849.39045
735.91655
993.45291
1057.1801
1260.1996
1136.1864
884.07471
913.08266
879.52831
911.24429
1014.6872
1383.5783
1374.9269
1083.6407
1198.5591
908.64537
971.90479
1056.8801
1055.6554
1177.2914
958.9546
1218.2424
950.26531
978.71445
1222.0605
1405.7238
876.48319
959.04102
1010.7088
892.72361
1151.8988
885.14776
1010.1923
1102.1663
885.76636
1278.1163
1237.2354
983.95052
1143.0091
1131.5678
1106.9171
946.35809
1066.4706
1101.1522
873.63536
1077.0129
767.63543
571.85732
858.21105
1039.5247
976.89772
1127.8159
1009.6357
995.64478
772.15449
1012.4873
1113.0094
1038.7543
1045.0077
895.03851
858.78556
973.71305
837.10562
861.28604
860.71914
862.05397
852.8417
860.69146
1165.0348
818.30612
1067.7648
1073.9228
879.65849
1038.0485
1145.2749
757.96771
861.22413
979.64108
1318.6036
1034.0368
1164.3653
851.09065
764.95771
795.68917
1098.7458
1165.3754
966.22122
909.08689
840.26124
1004.8376
774.64954
865.46236
583.70686
635.51293
927.35368
1180.6254
1095.9388
1182.406
981.59994
894.35258
766.39311
1081.7763
938.42736
1136.7147
862.52649
901.36827
793.32317
824.08114
845.36747
788.8649
1294.6403
897.51752
970.98538
1072.1119
732.58481
897.14753
962.7585
940.36376
921.91705
721.72789
1015.9565
906.61459
703.68555
954.81024
869.07323
947.63882
899.73435
632.45337
879.00368
917.36697
827.11259
901.02802
1097.7292
1126.4195
761.5566
1033.9936
695.00751
788.45864
774.46222
815.57241
960.68174
916.04963
881.22609
731.76129
877.51321
1159.1231
858.12623
869.22898
876.55266
944.85013
1002.176
1130.9687
921.87484
1002.1619
1080.9586
976.85635
915.22979
766.74654
797.47189
949.17829
1181.3585
1072.9939
1095.4082
1180.3995
780.364
854.10937
1023.9783
938.79183
1256.0589
971.45162
1048.3941
609.7388
1139.2721
1101.1828
1105.4386
1345.3994
1088.7125
925.92533
1037.3562
979.23084
1091.2795
1222.4467
1247.7815
1197.3636
1028.2728
1032.7812
1017.8
906.78754
938.09477
1108.3408
1178.6262
977.65953
1125.1399
929.96176
825.85132
869.25484
876.16564
816.28336
1216.0529
980.33701
1139.1356
1041.1665
915.10415
1017.2151
1013.3637
895.11065
876.49255
957.49828
1236.2066
962.91888
753.76038
879.224
1033.7146
1034.5906
1004.6015
959.47153
947.40305
1060.3252
1203.8276
822.03958
1065.1342
885.4978
870.86131
979.81952
814.90191
808.45481
1091.4005
694.64444
705.90309
946.4258
713.22008
844.45296
688.69255
902.02693
813.92916
778.25313
1073.4669
787.22456
973.81281
992.41114
1054.1812
919.00821
1041.4557
1110.2738
717.96395
1040.8981
1038.465
1087.0802
939.31825
1143.1214
816.80258
755.60205
929.74397
790.8854
834.01611
762.79535
797.90261
1122.5163
1005.2251
1031.0372
1038.3808
860.09098
835.14414
1108.0672
1046.0867
991.37921
904.91438
1049.5568
728.49057
836.41227
987.12285
957.60264
723.237
1039.8505
882.10946
1004.5113
744.36129
986.61292
777.63437
952.49493
1093.0172
1084.2962
1278.5662
921.53799
1052.1834
1183.4551
1158.752
1199.2621
989.45198
946.65538
948.06069
980.08649
805.78738
1066.3878
1322.8932
1400.9465
1148.5693
1001.671
758.46882
918.14904
753.97908
828.80279
876.27978
792.14053
866.84623
890.0506
862.8759
1154.4679
1143.7932
974.18438
1120.1692
1191.1333
1150.583
1053.1971
956.63476
1056.131
784.20056
812.13318
1243.4041
1024.2255
902.80224
922.5769
599.64964
878.75623
713.44483
1186.1972
1009.8677
903.63672
1150.4138
834.96582
975.02932
901.95817
1249.3069
1404.7192
1256.0338
1047.2444
769.9448
882.90078
1083.4324
901.9402
1404.3035
792.79851
637.65229
1106.835
642.33414
964.9034
840.28023
691.26111
714.66486
763.18168
1030.3455
1124.1699
955.03985
1131.7938
796.6671
956.93495
1047.3229
1016.9106
1106.1758
1101.8703
815.27755
1219.9778
741.74804
1266.5811
1103.7449
1134.0708
1145.0983
963.50466
950.76309
958.43538
1027.2774
1133.6382
934.82999
824.31525
886.68936
994.35442
1003.8804
1059.7404
963.91418
1251.9311
1022.1198
764.29133
959.39228
967.26551
1021.359
1081.6024
1009.6046
1080.6697
952.21898
1101.2276
1225.9909
1431.8804
1444.5569
1127.2014
1010.8823
812.0977
1134.9766
885.18667
812.63082
1223.482
1113.3473
992.66626
1292.8706
966.79176
920.28548
867.57542
1093.89
889.68318
891.44255
1093.0291
1005.5076
1230.3664
1042.5787
1057.7051
1073.4404
1048.0723
1021.7148
1221.2168
1012.5941
959.53527
1058.9664
819.44386
900.79497
1168.1062
1189.1031
1134.8861
1219.5946
959.72437
1079.5528
811.31435
1065.5553
709.57725
814.54647
715.6438
962.87591
864.56105
1192.3214
1205.4708
867.57907
1132.168
982.22015
1069.1084
728.9041
1041.1592
712.25635
910.43038
970.03905
860.27954
1271.8503
912.65041
1106.7805
980.34664
1002.0807
954.54278
942.34359
1099.8121
924.07834
705.2981
893.2851
857.83148
887.54402
846.24793
867.73278
853.2188
879.17282
1050.1175
905.69494
1038.0266
1068.3201
867.79197
1167.7024
1028.3175
975.00301
542.35081
788.70717
835.00179
1002.2052
1053.3909
886.54361
908.45944
640.74779
999.82864
810.77569
770.89401
733.43893
723.83623
867.02034
851.80587
928.0821
1067.2155
977.69977
1041.702
875.20669
806.55962
760.77587
749.37348
667.66635
866.78
978.02283
788.76016
864.43974
981.13351
839.38944
982.19967
967.56687
927.74138
859.14278
875.43083
946.03467
1050.5419
777.05614
976.73735
799.33265
509.45878
885.00815
760.98705
975.67709
1034.149
1005.2451
1056.62
725.69098
1013.2724
834.22166
1042.6748
975.3052
1057.0857
659.28556
969.2449
900.8739
905.74883
1112.2173
762.23183
997.39169
537.42901
1024.6157
899.16854
921.70569
1170.236
1109.4036
856.81104
1031.2057
826.99572
966.13985
804.62296
1100.4895
1004.0307
859.91449
930.82436
843.29521
849.37483
1017.9249
861.20796
666.75307
668.81797
719.37632
994.95853
600.20727
670.12209
995.06454
1073.4276
900.67425
703.1382
935.79392
676.40637
1020.2477
723.31664
897.44157
901.17377
1019.7984
872.55279
1188.7922
844.8578
1047.4868
1017.8727
1029.8559
737.36068
933.51066
1137.0163
954.62236
1095.7775
834.149
927.59077
690.99104
981.12235
819.46802
1089.9174
825.97324
1012.7256
984.41826
896.77981
635.37976
1032.5269
894.68526
863.12576
709.48442
1016.2
1058.8187
784.45726
662.37869
878.20921
1122.1571
968.78183
1006.0337
942.41521
1056.4661
1048.5381
938.12495
1030.5865
1010.7496
904.6643
875.5668
1198.1938
1118.3339
695.6167
780.99211
781.07364
854.20285
930.79224
914.06823
994.71525
1026.8835
974.91514
1142.5111
822.77478
971.48625
750.29065
1066.2681
1218.5508
961.26549
1058.7279
996.15858
988.45574
764.79721
826.46868
665.49335
815.07793
834.7091
709.04705
665.95254
800.15652
792.63955
964.9363
647.66833
715.86433
705.98079
844.38179
741.80663
1045.3901
1043.4474
867.14656
1080.3157
813.07175
712.98426
594.37654
953.91408
701.67709
1045.2429
954.79311
993.35123
895.24386
1132.4377
964.91375
667.31556
729.9988
832.64921
825.31704
938.70225
893.93336
907.09851
679.34522
714.40807
731.30176
1045.0587
1047.2344
822.24609
953.73888
807.57466
1005.454
1103.8102
893.61304
939.44091
1094.2152
910.89043
958.86822
846.00511
609.36843
925.72738
835.90907
972.73117
871.94908
634.51606
976.55398
1063.9658
773.05977
1122.531
962.66066
981.14223
855.08987
925.20913
1160.0966
1044.0225
994.22238
942.61243
683.00708
926.13435
910.79242
801.17164
807.5874
1053.1594
999.87235
940.30083
1074.188
797.18777
1002.1535
859.35746
1130.9742
1000.9674
931.32912
847.59551
775.6788
906.94143
913.18213
973.85283
876.04951
919.5555
967.16401
832.89767
827.64483
956.94182
826.16956
792.93539
802.70894
938.27754
1053.9951
888.9179
861.07715
711.46344
824.70139
970.2198
885.37096
1196.8667
770.66488
687.32896
823.97643
997.89872
780.85907
929.61516
1110.6558
900.16331
978.82355
782.02464
622.35982
629.59611
697.13624
853.44488
1031.1196
758.02152
722.45697
720.84523
1053.5807
1046.9615
846.44232
887.6612
1271.1356
1153.0246
963.13304
983.46929
727.73873
1080.1911
1203.5127
1252.4002
839.25783
1153.2166
832.59409
807.75787
940.68747
1110.839
1084.6289
1000.2372
1004.1783
1022.7597
847.91715
834.74864
814.09913
832.28506
659.728
804.08685
737.24506
925.05962
911.13117
955.19225
820.60659
1109.613
914.85193
854.74627
812.69367
893.20962
768.41791
824.05868
413.53605
1056.1502
959.55133
754.18192
855.78638
977.20289
922.37054
1117.424
825.13709
725.16285
843.74606
1062.3454
1038.3536
974.28814
791.59813
745.77755
1052.3893
636.54857
895.99021
760.82318
781.72904
871.51815
727.84037
1022.5311
1037.5181
1011.6372
796.427
916.52052
775.79341
707.09093
1016.1928
805.86582
877.63482
775.82586
593.76113
619.15627
753.76616
789.71321
688.77318
948.08814
1117.0104
808.58952
602.59337
703.83897
759.70813
768.37265
866.27758
765.43039
737.98629
843.30022
1108.0299
995.04474
666.14817
885.37853
819.72896
770.07148
863.27117
730.18544
952.43076
677.57638
671.34682
490.07438
852.88214
1048.9303
788.88615
1000.8604
820.76546
694.37295
642.32315
989.36264
761.00178
835.8979
818.12785
807.85077
480.33305
649.91353
931.33693
554.44898
823.09989
658.31908
624.85459
1211.6362
1174.3015
780.56823
784.14668
971.99584
757.29227
945.62777
825.70056
1043.7005
1052.1004
834.54261
956.22488
985.29042
978.54626
840.77769
792.64086
466.08373
703.85292
930.00267
666.68092
784.10068
933.58401
785.29773
514.80404
816.90297
822.59035
428.8923
660.72759
750.56547
623.84862
702.00392
767.36602
620.08295
521.96804
569.58486
484.64153
807.17513
686.82563
633.58892
777.93512
900.64301
712.51189
786.48273
861.80051
1155.0605
822.3763
824.83853
673.53029
828.76168
744.13391
840.75755
746.08737
731.26241
821.6692
820.28383
1027.0694
854.55624
963.19187
788.28527
820.59748
781.85673
832.78798
619.23209
776.70607
713.80063
660.96166
816.45271
705.97649
820.63092
801.04512
600.26782
799.27406
769.24464
727.37243
939.52809
943.67916
838.65168
909.20293
806.51875
592.77711
715.21966
533.99743
776.29705
596.75853
878.11227
875.04668
810.45625
688.0266
778.31914
977.45339
1036.0537
861.30188
872.80906
1005.381
934.72808
1069.1688
882.36175
549.37591
732.83213
667.2799
831.48786
873.7929
887.36892
1018.3484
1193.1371
1127.4395
1099.0352
901.23047
837.35809
1160.1745
803.17856
806.36908
852.2237
757.33493
896.97219
897.74606
792.409
720.81268
679.46386
598.47972
716.7564
764.95472
744.73152
1013.9308
1032.5771
925.71554
899.06475
803.64117
803.17598
843.94219
761.48899
854.18878
984.02179
977.86317
863.34947
1008.6528
614.68507
660.33509
884.17747
924.19765
912.4595
824.44015
817.67518
702.34706
828.58148
659.15201
870.28531
1016.0569
847.32152
1028.3329
1068.7995
1045.9156
950.70198
985.63817
668.65156
1045.0044
940.74269
955.29908
940.80051
916.94571
1137.1624
811.26192
1142.6319
848.27425
862.28394
904.36112
863.3416
726.81851
793.47635
627.4865
761.754
1018.2508
976.46899
1006.061
913.83907
1049.3994
708.5997
654.41645
822.88561
896.90856
1153.5267
892.35824
877.99339
950.46215
966.52638
972.81246
963.35402
902.8668
735.56149
702.67481
813.8802
965.18908
1133.0669
562.38172
856.74282
723.51404
568.3033
629.25943
910.97703
653.66167
700.29787
734.2603
864.01796
824.49364
843.66356
564.36914
634.35422
879.83559
615.23634
815.45425
803.05232
1025.295
801.35563
599.51718
612.76649
980.78502
784.83519
828.53722
1041.9333
691.01844
1025.2109
897.36387
779.08049
1075.8512
985.41835
769.46917
665.87726
993.24446
731.91853
922.3351
891.32
956.23645
858.87439
962.69258
790.50646
513.44607
962.275
941.79344
961.33551
866.21633
642.99122
769.67894
833.03678
1015.3277
871.43123
1064.0523
1005.851
792.18769
1056.5525
1075.9255
1130.7186
687.63459
958.67099
938.84704
876.33786
930.49988
1208.8653
999.41368
1062.7006
964.61997
921.88643
754.27171
975.83124
829.5924
693.85099
738.95264
877.73747
748.94347
941.51534
869.91725
1074.5158
1013.8839
956.90187
1029.8684
1139.3172
1129.3269
878.08075
1052.2916
945.98394
527.15861
676.50776
794.11345
902.43606
1161.5121
887.19861
797.11189
896.58462
997.85717
811.41505
995.02403
902.99149
942.68919
1013.4574
830.86187
619.575
528.46557
938.94085
903.50904
1035.4096
889.28528
930.40131
800.84523
672.98721
959.98118
977.30422
790.15893
891.91568
749.6731
716.10477
1012.3386
1066.1433
901.92406
704.06689
1022.2938
1080.7804
959.07138
936.25844
814.30115
687.97497
1003.4616
1175.8639
916.36713
943.97336
840.78228
800.17842
890.80656
959.44278
779.66464
810.17773
785.11361
928.09815
1054.2736
773.37662
875.11574
865.94598
767.41038
881.3128
835.36752
944.22426
773.01261
797.68953
867.06949
589.70743
779.11557
1016.2446
932.43833
985.61634
840.07034
833.63442
863.71191
791.77166
632.34261
1047.5273
817.30503
804.82123
787.72987
884.54573
880.24772
735.21685
708.89225
762.0953
935.89446
622.99051
574.1625
688.77212
845.78
945.98223
740.63361
929.13608
1006.36
688.9593
1097.3695
1098.6078
1059.9322
680.9038
750.07431
748.68224
665.83331
738.52348
815.87923
1025.6994
835.56226
901.32167
927.18982
795.58621
619.36987
641.6653
464.97254
601.64406
727.62649
856.58935
907.94601
847.7278
765.08939
835.33885
542.54438
761.5552
768.61502
720.3088
816.57707
686.98994
812.16248
625.817
650.02099
884.30345
733.3198
838.7601
639.53219
825.83897
842.28732
859.57798
906.2042
941.85967
894.73279
732.22062
909.48199
864.28105
1171.7674
641.8597
511.13315
759.32798
1007.4008
887.55679
792.1802
796.20173
1014.1672
853.69872
831.16739
898.07158
849.11365
869.69457
721.40436
837.88308
879.58409
795.38268
870.51254
815.57902
805.59407
961.3116
1051.3748
869.82939
946.14556
777.96503
774.23547
855.60376
1226.3386
922.01266
799.58587
912.95372
680.80409
611.86401
618.6089
777.61691
935.18189
1021.4867
732.88148
758.70252
865.37623
958.344
862.87348
1000.4379
923.28952
596.71666
678.05927
741.98125
725.32422
681.32602
909.14222
459.62595
680.36111
724.23395
591.48643
768.87394
807.02412
672.863
815.24473
717.13526
763.24886
795.99283
763.6068
987.48326
779.34584
895.21916
919.49536
848.56293
936.13613
930.45395
746.87826
795.46397
737.76288
830.21848
762.71023
963.42309
1026.2131
779.05704
828.52163
892.03318
924.0709
879.00389
872.56159
613.88454
728.22483
843.42621
621.44267
768.78608
1064.2141
681.68702
835.64092
706.69185
911.58442
1013.3768
909.5229
949.28682
785.02073
738.30052
846.15567
663.21689
895.61865
1041.8492
836.46756
684.5328
681.89358
954.08573
767.18224
993.20143
780.57369
780.48991
496.2086
693.14539
610.77587
1042.0971
824.03256
789.09791
1008.1668
753.68504
784.90646
569.18423
680.1576
864.84813
972.6646
720.03913
917.16675
775.52107
816.34584
1074.7578
647.33209
1010.7282
797.7185
971.39625
904.24506
710.91664
704.63531
913.72958
885.2588
892.22653
1120.2798
784.69365
748.76707
954.0934
789.4842
876.75984
661.70056
880.72638
922.74275
705.02371
989.81829
913.09214
655.54013
693.05185
822.01696
1025.0883
726.61823
780.72408
684.6619
598.0735
562.35314
671.74546
841.40706
824.941
798.75681
788.16309
870.37546
973.55933
888.74071
791.4283
813.00911
783.93266
777.22382
628.94458
929.79364
475.16627
621.955
746.48607
714.00663
875.52113
967.27202
755.78383
814.13757
960.90863
838.82821
1035.5453
828.9513
935.04756
688.62685
794.66828
764.58295
953.21646
706.60181
648.64464
969.13843
936.04701
743.44249
936.08992
646.7883
619.85112
751.4857
646.35501
756.69699
945.03237
1047.2544
945.80055
687.45687
816.05497
861.62104
818.1472
713.27235
703.32018
721.56763
564.93346
694.19636
607.02399
669.40523
703.83314
594.38682
838.97351
792.49865
729.5012
687.47414
584.6656
819.83039
750.4735
706.44652
955.87564
677.79883
752.8658
835.23252
667.39487
662.9946
877.32422
925.1283
675.34476
903.34912
806.7171
735.40014
535.09627
628.94478
1000.1629
898.41858
1170.0222
811.2355
706.74606
726.04924
1111.865
1183.191
1031.5061
967.48354
874.29636
638.67736
747.75465
836.25895
814.08494
780.58099
754.98417
769.13405
773.16382
550.42404
582.60314
691.07543
731.4232
899.28268
919.13176
774.4584
1023.0688
593.9923
913.03443
699.3941
703.93341
718.50134
1062.5414
723.71236
608.55374
602.98877
795.98035
830.52372
758.62779
604.90083
632.2431
493.34311
860.11335
1004.8479
1053.8605
597.1301
866.56137
1097.8895
729.97089
841.42501
552.45204
716.45198
863.60361
774.43223
882.02024
673.44915
628.36611
762.9027
483.89499
575.34214
519.41219
883.09318
711.71798
607.92664
540.78435
408.84377
820.71235
718.98831
610.72309
536.11054
518.14924
581.88439
612.09312
1128.1882
689.02003
601.54541
854.67068
797.50904
815.01695
561.22385
491.24992
812.89203
824.65341
972.98176
863.81943
732.09614
669.32051
722.98038
856.44007
844.53084
935.09588
1048.5651
671.50169
902.66302
786.01271
965.12658
1069.8895
872.91462
882.08801
874.3482
619.51991
769.60114
808.12448
1064.5035
645.68715
682.38765
922.90793
1036.3745
694.4858
619.0979
752.68973
724.84823
613.08008
631.49286
753.00858
808.35809
559.22975
609.67159
637.40644
637.9164
458.15108
870.55123
927.04381
911.88151
695.80254
497.93377
806.24029
664.7885
950.52674
855.01974
745.89791
970.20774
628.26509
738.45013
805.3292
822.37749
845.2907
1081.9435
908.46189
1106.7915
611.05976
771.97289
462.40572
731.46024
788.39947
814.39736
917.58892
917.68071
785.07696
973.66332
863.81782
858.25651
651.25316
895.19568
953.93502
792.58862
765.39414
906.64704
1075.8199
1103.0736
671.26984
764.89246
780.26833
708.42593
870.9576
834.34271
855.76092
677.52874
596.95446
680.11699
878.4573
911.35665
680.16781
676.30482
688.01012
560.2878
561.62664
654.43378
725.83912
518.18373
577.35397
802.03166
841.51638
669.67319
646.49829
761.47954
783.66434
664.24365
931.84505
629.87825
975.94058
784.38534
992.60772
702.51887
704.87887
858.91436
772.47984
751.81366
529.16656
924.69625
769.52117
769.91252
1060.7601
882.19267
746.73725
912.96282
883.79884
863.57866
881.43322
645.38508
651.85141
597.82636
858.416
1034.3888
852.53015
792.45978
751.01556
851.81145
758.87188
461.30449
872.07805
861.42462
949.32252
626.35124
718.18349
481.52754
606.65549
702.02028
877.94704
625.79579
708.72827
415.84436
411.52247
603.50839
459.4016
449.28944
762.80609
828.68354
781.32192
628.79711
668.68555
794.53921
552.53002
829.96375
793.2824
822.53386
1206.8762
872.51366
850.45883
792.7913
770.75451
836.96952
771.82973
798.72548
943.50485
904.1019
452.048
733.16148
750.82323
1039.4261
871.11197
672.3902
588.56029
593.55188
636.76111
799.90128
741.5663
546.41623
780.33756
789.24276
756.80664
796.35074
826.31553
723.45409
581.94611
602.81556
812.67441
866.02487
552.60677
749.15859
746.70971
962.59989
986.15179
718.65968
699.03501
588.26695
730.9757
719.85819
854.29132
665.02924
1104.5376
800.23676
797.73732
669.31936
816.31458
601.58187
876.20977
864.83799
886.69175
1006.654
780.55742
773.2452
982.40652
702.73332
889.31959
1117.5357
899.03691
712.19551
681.71506
670.93493
715.26554
594.23457
970.81425
823.4063
945.55524
732.27429
815.85691
648.53543
732.2904
663.70983
931.81451
672.69935
598.59425
735.60355
772.91025
823.03265
556.32176
586.17695
749.67533
966.0966
1155.1157
698.14452
930.79514
665.48361
929.87723
828.0201
499.9627
1001.7187
1005.3617
989.66326
889.80655
661.72441
697.77031
455.88509
641.62532
805.56719
621.55528
468.91364
579.27952
775.57092
791.79288
719.08469
822.54939
567.62596
829.1853
814.39438
542.44071
915.5389
736.62307
987.6886
948.0343
811.39064
660.62787
678.68698
764.53741
636.3145
865.78678
811.80425
748.67542
999.34669
921.29581
727.04427
1061.3325
1178.5945
359.63907
777.13278
591.22885
919.37056
695.39415
838.1375
810.26349
725.65203
540.99238
595.81094
653.11
710.52893
825.30144
854.41206
600.94626
910.36448
950.63726
880.05041
950.5298
834.40254
708.22273
870.59498
805.89812
745.69817
987.70374
1044.7594
893.21508
628.86961
572.53808
819.34639
594.62543
688.67575
794.30318
957.22571
773.71632
840.84011
734.21685
862.77184
943.13788
925.78315
957.57324
763.55785
909.76768
801.37032
1147.2679
941.86887
813.08202
613.00755
540.86195
873.66643
812.87213
907.92666
795.90422
1080.0898
804.39001
792.11592
875.8599
687.99665
633.9943
997.8037
832.43022
845.23144
534.47922
825.41991
929.4254
978.9469
829.19412
1141.6746
799.77517
795.37676
915.87647
674.73251
771.02406
906.84472
674.17095
669.09229
803.09422
976.14059
779.51147
918.29134
1000.7087
836.89993
1196.7771
945.06489
619.4535
820.73318
800.75325
647.7842
824.03115
1047.1022
903.17059
1134.1835
757.40639
697.87375
803.06405
988.52327
669.59686
643.84132
684.25342
537.49544
687.78921
908.18659
738.15706
687.68364
629.51159
795.04954
772.51438
816.26921
1113.358
1337.4488
692.77666
659.32097
693.44302
731.36067
868.4088
782.5228
923.39419
743.24782
834.39449
856.54315
699.72289
868.90101
776.4021
765.92015
732.16552
779.3375
594.21771
854.59193
884.82117
1032.4295
1195.6803
902.57778
942.43183
912.70816
804.18811
985.15192
896.36235
901.76636
895.92039
933.80753
863.60586
1154.5037
785.3095
722.04434
840.75229
784.01439
826.90924
1060.7531
806.11256
668.96892
553.83758
758.78898
949.49859
918.80062
1083.9011
1112.2688
1003.2978
889.50608
879.52291
927.59038
667.06801
764.17933
642.20663
683.16761
790.57478
475.05925
589.5536
789.34737
876.17961
963.75042
947.79471
998.36513
991.96222
760.26167
890.7791
825.8204
830.91254
885.11246
762.5015
1058.5829
626.38442
779.75016
838.63693
779.39398
551.46094
874.31545
691.54814
939.82305
730.35069
711.03905
509.36998
856.75422
1111.7999
788.29518
904.48349
655.30288
756.46213
782.47337
502.74905
680.65292
916.13597
620.26952
790.64363
727.44207
687.6148
892.85804
665.07547
763.42173
890.62395
629.90485
532.92466
559.84719
648.9035
815.39878
950.55195
915.43292
596.76863
876.87736
385.5477
637.42236
765.11127
828.17765
866.80813
621.38548
741.34579
783.76381
675.7891
533.11745
571.58282
471.03445
529.89924
920.28111
606.44991
650.30278
601.26225
909.98964
776.09492
646.13921
524.36623
725.95576
509.05137
786.63323
652.90906
631.02777
805.73363
841.41375
578.78405
732.80895
691.34339
765.92219
624.8285
677.21923
837.19794
885.12691
662.32831
478.16668
811.03196
777.13505
917.05337
695.10259
623.35623
823.15996
926.22454
720.4348
604.76134
884.6692
827.70974
713.14975
788.48549
732.822
855.81878
667.71889
974.02697
951.96781
879.35182
617.56763
693.75857
704.86068
686.87564
940.46949
696.88771
639.31723
553.10279
391.73571
629.99225
870.39829
835.79289
845.54564
830.51725
626.28166
750.89022
665.44622
774.52553
683.5074
831.07578
849.5489
845.8587
984.83315
881.58366
911.83662
785.68149
945.44316
827.60401
653.39405
620.58311
721.7572
588.31
607.04278
672.14293
951.21544
808.30618
816.77719
627.94807
814.96728
694.80807
837.01066
684.45371
789.50351
847.98904
631.28625
674.26129
677.81139
680.93734
793.78117
755.88057
761.07738
898.21609
972.84519
624.75628
907.49506
830.79418
1043.3738
1084.5512
897.54612
557.77386
739.28822
629.69258
720.63228
798.34561
880.14701
1158.1368
699.87511
750.04639
578.82489
849.80076
626.05055
853.07662
738.19536
967.95774
701.97032
889.91021
742.26653
620.97672
597.73894
797.27335
807.70119
759.48299
718.93637
572.77905
777.73536
754.53281
1102.4564
892.56985
505.63407
555.21957
404.04447
743.01464
935.64063
1009.0094
927.20511
760.60266
859.64225
747.57692
938.85146
601.05204
832.86395
658.65916
636.45417
776.97979
796.7679
871.3791
793.24985
842.18746
909.999
637.19566
641.22399
719.6447
892.00181
549.88671
1094.8896
855.79403
499.08111
600.30271
526.76324
553.50714
549.43366
756.61632
624.19348
576.34428
567.01132
655.76343
638.00539
791.14974
875.96472
762.34959
712.29657
511.69788
681.45804
695.9439
897.55637
739.91011
1035.6392
899.79874
802.10941
957.79755
736.56778
675.86174
848.5954
641.30087
828.68554
879.4212
928.91891
759.29664
903.42287
826.59015
580.37113
666.00875
672.03249
457.50262
602.54366
702.15958
839.45893
705.02732
717.95812
554.1006
579.37263
455.44995
827.29057
620.81785
582.73893
777.0347
703.95972
881.26347
927.79064
833.13745
877.94305
697.8766
529.40339
512.54828
649.43068
775.16768
555.22404
501.74402
539.80658
538.45972
830.86006
557.87331
689.27722
544.19518
478.12484
623.62932
638.64069
727.41029
568.2893
459.85541
754.16498
760.87183
990.73607
947.552
668.94948
870.8118
437.62975
582.55911
924.05297
692.29018
894.89859
854.25718
938.24338
713.34153
759.4843
737.78073
827.59689
616.8269
828.70488
494.27835
757.72101
1051.4806
729.66542
779.86338
736.85674
572.83458
654.62058
466.75886
646.1057
848.36999
922.34424
743.37731
659.38206
852.99507
698.64074
392.13933
500.32648
447.70058
364.24019
697.95269
657.54144
673.36065
847.28191
712.53263
707.60661
573.23926
612.48246
452.39361
447.40252
806.88692
627.69129
619.29331
774.42561
628.85409
867.11287
761.46389
613.43557
776.67585
681.60721
518.50374
678.68988
966.33133
847.1299
448.9181
496.56598
652.86401
587.80203
579.96191
863.93668
846.77411
711.59841
648.40172
518.19607
771.21834
729.79899
1017.6722
557.59146
749.335
850.23755
752.41176
568.43523
863.33172
774.55221
488.02868
594.6908
500.23313
746.6033
499.3834
516.88388
739.12158
683.15483
858.75935
661.66036
584.94639
436.25139
361.30751
591.14629
749.08313
875.71969
538.08561
738.02289
447.71079
898.54664
757.23479
973.03923
759.87922
602.37111
654.46792
301.03293
742.19386
333.70378
504.4849
949.13141
658.58758
680.9501
725.20829
460.94307
553.71876
638.91547
656.2952
769.66041
479.71285
336.00343
687.34145
778.90005
577.58203
484.71311
643.75993
926.34398
588.37328
474.57916
469.82897
554.01125
818.18588
675.35901
779.16813
697.19933
567.6492
435.16362
582.0859
338.03384
644.44532
636.07407
718.05293
740.58734
748.98159
681.43913
780.56616
650.4168
719.78529
726.9866
568.7852
716.97077
584.26522
540.64456
489.97219
685.87285
918.64859
570.27992
376.75763
702.75146
705.35491
363.85954
859.98123
745.39219
959.07331
533.19002
582.84425
588.21542
496.80809
411.46171
645.09921
692.79514
733.48164
256.63274
721.4849
609.49086
780.23618
743.59286
633.66703
767.74395
665.59522
679.22479
709.89031
540.94672
637.95815
423.32353
605.07657
554.88724
466.00949
631.33817
633.51298
676.90006
465.91693
482.91003
542.64955
690.67507
932.44629
684.9
456.97491
538.27574
658.35593
695.57776
668.3213
616.79471
718.58414
797.11064
716.69472
534.76906
560.98714
644.0375
622.5897
866.53289
627.85429
992.49584
729.5299
662.21232
854.88669
677.5704
735.46294
599.22935
662.81549
611.89555
686.79823
717.51177
472.2237
630.57908
679.36637
600.69152
698.6346
784.47514
907.32469
765.26389
770.22915
667.06364
745.94109
760.24274
631.34968
575.09171
560.95455
504.88208
511.59622
770.899
845.26051
758.30377
765.48285
839.71269
342.45771
560.43347
687.43149
513.45681
518.99167
527.25456
711.15142
614.90803
531.61834
403.65794
540.31216
841.716
620.76128
628.00851
755.33663
740.37063
668.3393
850.6401
661.01429
580.00784
623.84457
661.84988
758.2228
584.09948
593.43514
493.8986
601.87019
646.77272
605.3559
668.01865
840.56873
538.4637
656.2536
668.898
516.37072
745.39744
459.44966
639.18237
461.33336
471.32924
545.24434
690.12092
724.16168
788.01671
875.29488
769.26977
577.39418
779.02305
820.92861
835.70371
583.32741
391.78156
544.94315
797.69783
619.91099
1000.8623
725.11478
633.56439
426.62477
705.01805
669.78562
737.7303
977.03901
719.37376
604.35432
692.1956
627.60339
699.48285
1016.5231
692.40546
1051.5883
723.97755
375.18239
704.96507
574.64174
697.74111
390.32281
565.83821
694.20513
833.61125
862.68642
615.64118
847.32838
971.50063
582.60514
482.44339
504.09329
737.93714
496.13824
627.72905
666.31592
752.14154
782.95027
892.11415
700.88242
790.53022
633.0143
747.3069
735.85704
1007.7462
1215.2963
784.73476
903.52241
436.46416
535.06069
682.83769
674.96335
613.54057
741.89588
736.82888
624.81148
683.34009
474.8805
560.2664
345.8607
552.98121
586.49137
677.35757
504.62716
384.47545
534.70193
615.20514
777.4787
650.69736
839.39027
837.62961
774.37013
361.9962
634.43907
530.79498
639.20959
845.82911
754.46142
688.21569
351.00773
595.98257
641.91349
712.38884
689.7172
632.7242
697.76504
599.31165
606.9343
501.97183
826.03015
978.43409
659.29406
754.70462
694.10555
794.87245
976.14019
827.43444
688.77659
779.85181
828.7624
658.0091
798.86221
854.95275
774.80191
883.56621
746.51024
766.17247
516.18558
681.31874
700.03433
717.62302
914.82098
648.11657
837.30414
470.49883
695.32871
831.91807
1013.4375
660.71477
670.55458
492.99097
459.63365
693.10682
760.037
604.75098
632.50079
461.68354
623.5368
715.80788
489.11631
570.32805
324.71683
679.49517
364.80251
612.24981
899.58068
714.53491
609.93251
663.88139
469.56645
789.18407
593.14907
677.27838
674.48507
501.41101
686.2682
572.85014
454.12704
466.56966
658.61277
760.80738
377.40731
629.57335
650.04639
742.51709
712.40722
649.17024
895.97831
648.1994
717.84273
602.62549
431.13347
487.12761
685.29569
634.72413
815.43908
782.09037
707.68458
727.48024
632.69109
502.8359
644.56685
816.71279
655.40315
750.25794
734.06013
771.67898
857.87713
704.42979
695.6779
669.71843
547.62015
649.3924
602.34566
774.92372
952.77468
568.32201
692.79483
575.59687
464.81706
438.33207
794.14276
431.38584
637.07156
466.34975
947.54288
613.75082
638.55827
722.2224
734.9098
491.79943
512.66997
638.52523
745.4162
635.21169
690.31845
599.15192
662.95789
733.63266
629.51326
464.25293
523.26178
710.70552
560.48385
395.24377
587.42378
494.81196
740.5809
647.84456
704.40098
702.41134
595.93647
520.7209
312.60081
306.92544
283.93969
176.21151
449.21324
524.55606
696.55104
781.10297
623.93034
836.55749
499.67144
368.32008
470.40951
713.58148
719.38902
557.89574
701.92273
667.22498
486.782
412.06789
824.0738
703.97091
603.76262
760.12906
382.42477
653.15006
749.68934
607.53988
807.85679
869.33808
1144.6394
624.10694
710.40032
691.66774
354.21354
520.5612
676.36611
851.62066
744.5325
1031.8986
906.07451
865.58915
797.95852
725.22546
693.18009
975.42877
854.6669
835.02838
859.76261
598.01598
794.88623
591.76461
836.89127
652.90332
443.10343
689.36474
636.67797
667.53788
731.24053
800.39554
691.51126
566.59137
543.42063
561.55725
627.27577
790.4191
650.3158
635.65162
785.56053
725.70841
678.00869
545.96494
620.3885
773.04556
584.05847
596.42326
780.42045
769.84119
484.61253
758.36179
500.29905
804.40939
789.53427
697.16044
889.27986
634.83639
656.45203
539.13198
921.3694
756.33636
626.19311
949.6485
806.67247
742.15064
772.41803
733.8373
710.8974
620.77605
787.36458
768.71289
617.03822
541.60243
863.3942
735.26468
778.83098
795.9031
616.08611
484.0517
533.48657
853.62638
653.16329
418.29011
433.29756
494.5995
513.91363
662.63752
752.28745
637.23247
999.5671
883.14121
737.73356
209.96263
435.36108
703.22029
685.58286
753.9069
639.34742
761.3787
680.04773
642.5741
680.88567
653.59221
602.95042
833.56217
741.09818
665.42162
521.80983
902.43606
546.27859
541.76017
858.11267
547.95213
839.93314
880.92238
1114.8905
744.1575
663.29828
860.15941
783.3419
897.50477
870.28263
952.0654
885.84617
558.22758
540.93988
643.04729
524.31297
608.59515
586.30345
656.6887
689.61112
714.2206
563.69651
605.32959
783.00436
772.68179
1051.1858
904.19644
349.83945
709.91619
673.721
723.73785
721.55785
592.95928
506.26998
413.11497
775.30443
904.65883
778.95393
792.41771
692.62085
801.49863
866.47606
705.8126
988.93949
867.24113
696.28693
811.48459
972.59422
685.72243
770.75693
670.88778
622.20728
872.00882
718.35049
670.36373
700.89873
553.92262
651.56164
713.44374
616.27976
1174.2363
296.2108
473.07942
382.96799
662.91557
799.11264
709.25826
922.16342
720.49817
888.68212
705.11996
589.83508
756.26207
698.34977
720.50089
826.70051
693.28396
870.91035
946.89842
476.39324
665.24344
496.56237
980.67902
763.29765
648.83188
1023.1214
595.58251
722.88438
491.15831
589.02317
568.41483
540.5552
554.8449
752.92774
819.69234
471.48969
533.08982
542.56114
620.20387
658.89167
466.21974
491.13514
339.34356
749.30039
642.27624
749.53625
531.50934
775.11787
597.75103
846.12782
527.51646
747.97001
724.4058
543.63889
642.92732
211.06431
605.6669
840.84871
831.92436
553.95667
725.46607
712.66262
574.09261
943.04435
704.71736
735.92971
634.20219
606.37821
770.75617
837.97454
855.62974
782.80259
741.56796
734.91869
979.60514
1017.8506
978.71907
1042.6791
602.03005
793.25418
635.09765
674.70499
706.34901
963.41083
1127.3946
708.77538
807.72152
700.15622
891.02847
650.70854
556.30857
695.98901
631.66155
675.30106
1021.8093
929.38706
1013.0861
878.73441
829.52864
649.07592
769.64055
621.78558
764.41323
804.60836
966.32123
930.13357
970.94978
867.8809
624.9121
883.88028
835.89365
632.44732
408.22658
608.17636
744.06262
449.63818
762.74954
924.76371
955.53688
787.20319
854.05534
629.1172
826.84719
864.59169
757.54387
587.93224
717.95816
832.55778
730.37785
871.65297
615.70046
780.08443
931.25614
629.11901
874.65153
693.35237
789.04562
711.20317
484.31078
625.14886
592.35376
819.10273
655.93383
715.68822
916.35137
858.13626
687.78344
512.19158
635.52382
808.40845
778.90663
1029.7938
855.04136
593.77324
549.09289
747.74586
692.0949
650.88083
758.1573
694.76446
616.48614
884.97013
598.28116
777.96465
770.72412
699.32611
679.4636
685.76094
905.91457
396.19478
644.98647
579.57736
713.35946
506.62696
571.04009
673.71823
758.61222
689.33833
549.40634
822.88726
768.16874
739.63376
671.45447
780.38844
701.40097
640.19426
908.57388
807.80535
949.41306
699.41605
559.42088
854.92715
697.74558
738.73881
502.2137
596.4394
514.16259
995.91869
840.10233
593.71336
576.40126
850.07889
854.96618
354.35479
661.29696
751.19364
530.17999
769.50645
763.1169
732.86964
878.77887
721.1088
604.42001
730.14868
637.31365
530.65786
727.83117
560.26139
708.14325
715.58169
845.70357
908.96607
885.26978
679.03869
378.03566
462.00683
738.02458
670.04356
613.78481
448.60332
846.26269
514.41213
678.47141
872.37112
638.70881
634.00297
588.9193
518.69694
623.23946
661.61223
654.2186
499.84205
630.00855
621.74836
611.5704
993.71772
631.02289
885.44682
894.96001
666.73374
653.75294
745.45217
619.4356
735.17708
715.22475
897.21451
615.77952
625.65926
711.34101
804.81433
905.83004
708.96597
841.33588
760.63411
716.89592
860.94808
591.14215
505.30628
498.44891
494.13895
906.51468
818.03029
847.86029
642.33863
766.71884
710.2578
846.55244
568.36996
784.6975
975.43559
834.01466
684.94037
622.02659
643.64818
647.49864
729.67221
884.0274
1115.8876
734.56082
598.17744
426.20693
653.39181
836.15154
745.01423
740.26611
595.6867
608.7055
584.97927
820.40707
596.09999
428.07964
694.44197
673.69023
555.34677
481.91681
484.76033
846.56769
853.98568
644.95579
434.76561
583.1685
572.54701
827.65427
754.53496
643.94664
889.36284
681.01125
616.40418
484.24236
781.14537
626.64156
471.98801
773.77162
841.99941
703.76624
850.54489
705.19542
609.44161
703.6432
706.47276
958.65629
634.07837
846.5835
957.95647
1180.3766
736.17227
557.82601
773.80404
919.80876
873.56541
865.95818
1108.6303
770.15883
870.28447
920.59737
832.74648
859.71476
960.58925
846.12274
701.46957
778.49551
626.52766
960.03404
926.96966
827.8894
1010.1491
894.35782
848.12643
1091.4266
732.08825
651.18931
934.11517
832.4261
707.90953
656.84932
828.68093
932.44835
698.52319
647.82213
855.49723
604.16993
785.93409
737.06611
560.03976
535.19563
783.36046
551.24893
882.78495
813.8406
799.90953
750.04004
645.71611
655.46776
878.97296
569.62202
336.94243
706.5516
822.79423
899.06395
1003.3133
1176.974
690.06255
810.81818
792.18707
764.22178
652.17956
859.54462
985.73714
864.86721
689.23102
719.76473
525.25162
575.14563
939.89421
789.56697
832.57369
642.9996
517.32066
776.58389
743.76738
617.90325
409.07222
615.34588
460.68603
654.35885
751.99632
779.39821
725.35162
671.90528
581.73568
775.15936
627.21648
769.36345
763.7313
1023.2556
635.09168
541.97005
716.11325
495.11711
828.73762
682.57798
607.82153
738.31514
674.04347
704.17746
845.72285
750.35538
704.48079
802.29465
650.44231
688.11912
799.35589
826.15069
820.69094
672.02833
725.24746
663.19968
538.07827
521.32854
739.71136
440.92308
614.25019
665.39547
649.44359
662.11109
591.07943
484.502
661.87872
740.96506
778.68567
1082.1481
977.44483
655.15847
905.58769
963.95038
575.02577
627.60214
387.3345
749.29211
780.47491
580.22767
436.19321
536.64996
619.20918
898.09006
792.22118
965.7478
784.29828
652.37053
582.01148
767.48816
552.32575
519.25891
581.86482
441.21694
560.46958
676.66041
681.68813
908.31898
902.30108
743.11346
828.48597
730.29842
985.10548
845.44118
579.74497
663.37116
601.80837
569.04319
924.89009
708.68489
741.98066
651.97526
714.59977
818.34308
390.62979
734.72833
697.63036
788.41517
851.34205
664.2846
751.73043
755.21138
706.18506
506.64423
475.23208
730.18444
804.68268
775.25949
857.84631
663.73741
840.64715
678.30785
884.39484
670.95575
654.46649
906.11621
956.04941
984.69886
886.25766
861.59344
489.80008
966.96194
704.97994
646.92886
692.84979
682.68145
857.43065
881.24008
627.55936
651.94444
911.29589
799.43423
786.61467
673.62517
699.68817
656.86784
809.07289
663.74328
762.52637
589.86647
563.63003
700.83628
628.524
847.6944
984.84585
1045.1297
648.33763
629.28791
710.66737
770.68072
584.98282
535.30117
840.00142
753.2984
647.25884
724.47459
802.59481
473.68128
840.15267
690.88646
715.18379
621.24951
508.12537
722.21131
666.882
512.83683
716.14936
562.21936
627.24917
852.01844
813.28521
675.37797
545.20302
531.8503
572.01739
676.09046
693.80015
818.0718
819.89281
860.97513
447.96693
630.52918
654.24323
761.92509
708.09194
841.39466
877.14483
719.27666
841.58939
1024.7808
767.35415
795.25824
743.70698
408.35138
776.49691
798.64771
723.62696
605.88023
746.88893
584.67658
720.57163
600.47784
640.66881
882.53359
840.01842
986.46851
902.52824
670.86452
566.58515
866.84395
799.85947
893.99425
1033.2272
829.51638
532.12109
560.0022
627.50636
755.65773
787.78998
702.85407
623.15496
444.887
667.37107
845.62315
922.71716
715.60961
813.89811
683.84663
895.19601
514.8143
810.20416
534.36416
604.38099
846.05422
678.65359
831.71762
814.16268
704.66833
643.73828
533.23595
736.53061
590.20428
567.52203
763.41382
771.28745
466.64971
448.0728
369.94626
693.04117
996.03666
732.20773
776.14083
737.29387
799.75942
499.36452
797.57561
502.40067
813.4907
673.55235
574.60958
904.71998
700.56109
663.94658
437.62829
784.96507
640.26773
736.11719
580.35097
582.51639
614.50789
244.73426
619.38974
1045.9064
734.09251
504.12741
492.71412
589.8807
471.8837
691.46318
555.54461
604.73888
548.05305
641.53368
562.34256
649.64596
671.40437
770.01875
341.17313
467.20311
632.26851
752.67078
799.39528
732.90813
903.38404
520.56077
424.2618
639.70523
546.53251
512.33255
224.78612
636.74895
653.30021
421.6486
978.35761
648.7141
664.85074
863.63079
646.26604
606.98834
628.49248
458.112
352.82689
631.99653
612.86211
390.54563
630.00979
282.01709
388.48523
416.04827
501.95601
663.24995
750.48021
761.19484
752.5777
553.93708
764.8213
451.16341
852.07135
601.83003
618.02465
648.68515
658.66675
463.96499
486.80275
643.89242
627.56824
690.29233
613.60419
748.15335
597.42761
528.06256
624.35448
810.03406
661.64182
567.55913
628.40763
671.57972
772.76817
471.3684
311.10104
594.12928
668.62141
780.08738
589.79161
707.14823
582.39078
611.04428
408.69007
627.09084
604.3365
295.78747
586.07334
443.02476
577.30983
531.5704
570.52617
710.76033
580.40389
501.99469
457.56087
385.77162
774.93851
849.4702
659.80907
560.94359
505.14311
277.60375
480.67677
790.5148
719.95418
513.79106
625.10103
582.77518
758.11698
488.33539
673.72088
678.99651
708.59462
725.30438
755.3413
424.90043
465.32172
537.51101
704.57586
612.46725
502.72858
559.25087
722.18284
636.64637
628.95629
752.04862
447.81581
741.35341
484.89198
655.61913
700.95211
699.78407
603.50537
708.56495
584.23384
494.50586
395.53913
670.01379
641.60525
844.86505
942.16212
912.82457
993.88495
762.74551
841.68042
868.54232
763.47139
842.10079
545.85667
944.78839
669.82563
760.89027
945.95363
1000.9259
600.43406
416.02192
746.53337
816.59037
656.45235
458.02834
305.57884
748.355
799.93511
542.97074
835.49312
924.93099
796.21329
499.17471
381.0217
609.76609
739.91669
805.41874
834.19912
472.46418
552.53896
388.33956
733.69083
687.29023
787.25431
618.10239
567.92864
693.86054
626.56623
755.59632
605.61401
729.89372
586.65709
281.05443
464.11613
758.97935
863.72995
612.56464
800.62638
444.86494
597.87635
477.29747
1063.9404
539.62868
579.33487
612.00666
609.46428
616.90596
754.15496
960.36872
709.64138
858.45143
687.5573
679.79645
498.11138
621.49475
553.86383
812.22955
838.34771
765.50395
807.77389
666.821
678.36972
456.04379
466.21188
678.62185
584.81362
667.4052
655.57023
604.1201
764.31299
563.83303
817.50361
850.98607
985.09004
1013.8423
268.16269
476.0186
427.32469
688.94207
879.39471
592.27397
786.95123
749.30199
539.59704
540.56414
697.33992
522.41739
677.44017
619.98119
742.93533
663.75523
535.09679
525.71834
676.134
711.59812
677.58947
549.66374
416.52294
571.39907
631.10559
668.27065
658.77689
703.81932
725.03017
754.14128
700.12138
810.07742
516.63615
880.84308
509.68356
653.23531
640.55738
682.65119
623.34673
607.39254
736.96948
717.58549
711.4275
606.5771
708.44947
877.53486
1124.1957
691.00613
679.16448
572.69582
1006.5234
923.96977
683.48408
703.19749
555.71549
945.32051
513.1586
864.42131
844.63565
731.27881
826.54162
713.46166
739.87138
807.5482
718.71189
658.76081
723.74475
709.21353
671.66797
788.2959
785.80919
543.64928
703.02494
539.53562
695.92309
531.23724
537.31117
493.3484
689.96547
627.40461
474.95022
660.78015
657.2706
657.46224
530.92735
843.82053
803.67134
467.32189
724.44065
546.78619
622.27266
470.74156
631.7622
633.71211
626.09876
389.54344
632.11099
807.18129
463.96337
698.14078
765.23591
789.95037
558.21017
828.13466
545.44651
476.21925
615.03791
575.42882
561.28104
574.7612
816.51432
754.26558
674.33326
739.15637
528.13939
819.7566
449.668
539.95527
478.40401
791.41959
655.94764
829.87898
600.93428
774.74791
518.69827
760.36402
925.77415
772.21079
919.19415
629.89849
633.72859
838.00532
778.48524
517.52427
669.47832
707.94841
682.96607
841.6409
622.50614
656.78944
570.8155
473.25472
763.92712
574.2295
531.7456
507.94548
428.87778
441.75172
625.35738
492.45235
319.24781
380.3721
552.99943
651.19897
712.53647
663.25056
654.43792
751.83654
583.07121
763.73023
584.38069
646.99201
533.48478
358.46124
654.38731
824.86593
676.63338
700.37104
587.22463
644.66848
767.81464
773.64546
721.60988
815.9149
520.05303
575.6712
578.30866
511.38339
606.24579
716.09978
720.06979
858.59854
718.80476
890.40839
804.10471
863.06855
744.78372
762.81499
644.66526
565.57011
638.68442
670.24083
748.91959
790.78402
707.68371
654.36395
573.02617
511.17422
595.23772
731.98197
498.80849
626.07746
717.73529
589.65578
669.84798
660.32761
690.55249
442.34807
616.49702
642.47979
520.41445
520.34747
598.33245
763.19462
765.32063
646.12811
505.81186
804.47229
526.42575
652.91844
353.46177
794.31516
824.12645
742.16981
694.11474
650.04951
684.47404
587.2763
598.38685
389.93583
553.49977
528.50078
700.37093
834.50612
600.79168
447.79391
554.45966
527.14987
556.2721
786.9428
681.97193
579.10538
728.80504
481.30145
737.565
937.50269
798.04003
633.83199
575.2339
655.99486
532.16052
425.61711
783.50683
392.21475
522.11177
555.24763
396.68838
573.95115
448.92744
519.28313
586.95643
590.05389
569.34745
734.43136
788.48829
465.80065
599.88224
834.08154
765.35508
416.40282
278.60741
639.76216
567.55284
619.38693
618.93361
634.93487
562.05038
504.71776
373.50468
933.35145
971.45034
671.04719
717.73636
427.47217
640.1706
448.42767
824.15299
740.08033
648.64143
798.97636
709.77355
455.90727
759.78915
705.74717
654.83471
457.99146
744.64768
569.83836
548.99881
519.47029
452.10206
674.84166
912.29238
658.37371
587.1356
522.53099
600.17145
651.44858
550.32816
615.2251
482.73439
686.24762
664.43661
675.35384
667.88899
757.56228
428.19717
480.42387
385.74686
667.18052
541.74617
728.9315
547.09375
584.51496
454.87594
546.12803
482.78113
649.48135
575.8014
916.3632
572.72971
534.64577
488.24174
674.17276
552.36101
543.86506
562.89636
703.09981
548.21963
480.25405
638.18104
728.45864
569.7506
520.27061
416.46589
768.60473
435.84001
817.04273
744.91827
489.14589
516.4329
782.39945
702.60744
750.27883
789.11753
397.0087
475.28955
540.28016
976.55437
619.47176
367.44392
655.04425
813.08848
681.58019
704.3718
648.04746
758.88339
794.70434
645.19545
697.34365
939.66937
681.19181
528.73409
521.0361
503.08253
628.33899
736.28979
636.20037
504.88361
765.79311
724.44432
928.04796
832.23033
565.85472
472.27482
572.55752
640.47792
834.14332
601.29892
674.27965
697.69943
622.55074
843.69271
709.94196
741.2646
697.20545
838.16292
701.17347
670.1659
653.78284
870.08881
281.51743
581.98864
461.48097
439.55541
306.67221
657.70124
793.38536
775.76421
521.0829
651.74418
559.24598
622.02255
539.41205
632.68096
542.83601
794.7805
573.13059
718.26041
726.75374
518.46175
590.09857
768.65008
1000.1952
819.86258
637.02225
733.74569
609.66409
691.00387
446.98198
731.68181
682.33424
445.1746
553.00891
585.87011
510.01056
760.95259
836.52072
943.59857
935.4916
779.53512
785.47154
752.1603
740.72641
652.96543
590.40473
552.4174
704.54207
660.14856
411.40648
416.81735
477.61302
603.7886
647.93995
574.44735
564.52101
815.96449
934.62721
637.05266
524.04558
408.90155
632.37672
504.13473
658.51497
858.29298
960.53555
1081.4752
664.61979
510.86071
463.49699
722.4471
750.67305
596.75577
616.44877
339.42764
354.32525
391.74082
663.36669
637.58145
653.95825
536.97915
573.3181
534.53877
788.17633
755.33716
590.94874
592.72747
542.0862
556.81407
272.69998
672.77847
857.52043
897.47463
613.56817
506.94622
610.56941
774.11556
679.28408
742.68609
578.70447
690.99901
293.8636
525.16147
661.64139
380.78992
406.71777
565.16312
654.17614
886.18699
686.71358
588.56835
732.35575
589.94797
560.77681
703.24615
771.92853
566.93448
838.58241
700.23543
720.57399
366.75437
721.81579
611.41322
772.25813
623.45311
572.32881
748.495
728.21638
552.37465
377.11281
479.4149
671.23799
579.63188
727.46837
407.68563
453.93063
622.93767
391.86887
488.87583
606.51459
750.51045
703.06793
710.96413
711.68409
638.69061
594.8826
564.59291
705.22912
746.231
671.48307
603.913
697.16834
899.68346
677.71164
661.55524
496.36257
560.62904
414.79899
526.07186
688.22527
513.8783
771.25444
762.50589
925.29211
741.85015
738.25888
583.04733
698.93935
807.87463
502.73348
655.65722
693.96283
695.70338
805.96746
638.62786
564.37087
470.21465
283.77613
409.26305
507.16855
628.5019
629.70473
520.2603
318.44784
680.21803
683.15773
467.02538
572.80813
813.95888
589.33467
584.51972
671.43216
427.90974
659.3379
410.53367
642.25632
741.02101
632.14225
437.13234
568.46785
817.6096
586.71249
529.93734
764.09913
589.41285
610.78872
471.45395
390.41283
491.11173
718.05331
762.71624
784.23984
714.10145
813.68494
363.36878
457.42341
825.00395
757.10721
645.68938
659.23652
733.34262
420.3251
490.35933
512.68201
670.96248
613.33315
555.45225
830.90293
846.26619
750.29071
434.71657
481.06261
714.04614
639.51102
930.81999
753.5168
799.38363
493.39234
587.03755
346.89389
435.03987
512.48956
605.91766
547.88458
547.84398
801.16158
517.7403
407.8298
755.61244
843.86481
723.38381
691.98062
680.99206
776.51395
601.22405
710.21659
812.34749
679.0519
682.86857
713.42101
636.96296
648.90033
759.44885
595.23521
319.79154
687.9275
729.69859
478.1835
626.16133
865.32471
759.43224
877.79775
682.55359
751.95145
536.53389
451.06724
511.73321
564.74367
549.68401
691.8791
497.95152
502.67413
555.59411
639.16964
735.584
656.56403
472.23677
1003.3909
621.86894
750.95699
875.46624
649.03432
762.54215
652.30075
517.95705
845.19575
633.02832
731.17794
777.29378
914.9575
694.15185
524.63969
516.4607
626.86872
521.46248
490.61264
587.73233
496.12837
408.06435
606.16976
513.05989
775.55597
659.76706
588.57317
575.03796
531.33459
506.49879
751.66128
635.11277
782.51005
649.41905
725.80825
609.32608
584.71969
443.71854
439.62274
941.99465
613.20972
1015.4608
775.54369
723.1878
575.59454
760.8808
733.34233
814.21257
400.83517
682.50779
734.88309
667.52439
752.51157
767.21427
858.57789
474.26214
536.71141
523.37135
890.16299
637.0504
726.46089
752.98365
423.32576
613.65485
508.60725
811.18505
915.51673
749.42031
656.96988
699.36229
712.77911
717.64752
513.30656
889.43205
559.56101
232.64851
475.42138
453.20497
483.4764
724.52964
662.53228
513.42491
510.98889
432.82611
655.5428
592.54827
441.08914
427.15556
754.80595
573.53408
675.10694
670.78446
710.30781
656.49722
564.21306
539.49237
632.16208
821.66812
883.7943
918.01798
617.09221
337.88784
409.10089
708.01264
382.41601
734.68734
543.07288
501.97328
470.41342
371.16259
672.74728
663.882
891.54278
725.73311
624.24986
364.88685
395.6782
337.45993
800.27951
703.67859
459.9465
554.79691
519.94221
723.082
725.66442
477.69569
662.90952
593.28288
769.6694
672.09047
807.81463
630.65357
898.69316
608.62441
868.22645
608.23063
693.35952
233.33693
711.63007
661.63442
896.75478
600.10374
814.50632
947.88367
924.93243
637.36672
685.04315
726.1623
684.44272
780.87176
689.61652
451.80617
688.50493
658.07711
734.29914
417.88909
559.3129
524.54723
463.14664
743.64717
716.51119
756.13504
780.65955
407.23138
802.46622
491.64749
265.00838
887.26952
629.10466
653.50074
850.7714
793.57275
637.55571
493.55652
798.02106
929.41746
884.72414
728.82234
923.18527
860.69604
784.34502
539.33454
637.06003
652.8012
662.55699
746.70164
742.64591
882.05979
742.4468
680.50386
727.67656
702.54571
391.71727
502.57109
483.83431
406.25438
773.61332
641.55669
517.47559
660.77565
682.02858
640.60291
694.81631
1022.405
494.18523
684.78005
464.11797
662.00029
743.4073
850.28754
664.07535
575.48639
534.20354
495.52749
661.42257
740.09596
618.81525
714.29409
809.1206
708.59656
381.74123
416.26854
285.45134
539.41173
744.37558
711.46023
651.2254
479.18449
394.80604
590.55205
736.77402
552.38607
788.36872
653.8527
691.31479
872.54698
687.99661
551.65545
335.18051
767.67179
627.67924
674.49344
588.99739
461.48713
477.0822
883.67586
657.58394
890.62409
902.40652
1167.7268
873.70836
530.50054
447.50969
829.0243
806.53854
539.6192
624.80111
625.27755
829.28948
486.18887
755.65297
878.33082
757.96966
801.45796
744.1299
614.31204
477.53054
459.84552
830.62328
616.03313
590.71791
872.21686
529.22083
711.80111
725.97654
503.21341
601.61259
623.50147
760.03049
755.59736
727.18822
728.30575
596.65307
735.465
597.59313
729.05453
393.96138
533.663
856.99451
674.01687
467.84781
716.83545
844.16914
940.3018
775.51551
754.32478
536.50383
927.01326
868.10198
980.78214
603.10224
578.94432
547.06566
682.5697
1073.9921
661.91139
613.15837
685.82612
794.82593
757.66432
1064.5088
809.84313
645.51801
750.85292
645.85029
539.50445
396.62874
654.07747
863.07213
662.71944
505.77563
393.40628
683.45515
731.12216
676.63682
549.04367
556.77691
773.46615
779.03723
610.53055
776.24665
571.3571
783.1813
865.31495
826.20369
716.57102
577.06232
545.54389
803.82301
700.24293
458.64943
755.11556
593.43967
588.97476
773.79869
648.65999
807.91519
525.6667
770.14385
780.43447
524.96313
708.17965
828.04934
521.67732
595.83462
735.89895
736.30648
921.07756
840.41209
706.00856
508.41016
458.48809
688.35509
817.0396
557.73855
880.96958
662.49591
562.48628
687.46238
795.77323
602.18581
867.70353
1018.2323
720.26733
583.53884
775.90923
562.66901
537.0832
822.37531
957.37545
884.58975
927.61271
767.12603
772.0997
788.15062
760.62789
767.64765
920.27984
941.5595
817.04351
925.66016
606.37578
440.72712
684.98268
637.79148
782.46252
782.18016
821.24614
724.66128
784.55692
926.09242
749.80957
561.78831
758.82997
394.21923
569.59449
676.14839
737.34643
653.05323
694.38774
1009.9078
820.85363
633.08389
422.50838
473.27772
575.61896
642.41405
762.66724
1065.4775
760.11097
621.63168
795.31509
829.77422
558.59221
639.8013
821.19557
821.67934
671.51133
525.67178
721.06661
683.82819
403.50043
437.00007
390.29447
597.15828
495.6428
625.96936
393.9041
925.2791
313.96659
532.88417
486.3082
668.30193
897.23168
728.61895
920.85854
1193.6989
737.5702
660.1414
579.03405
577.16332
518.76911
600.35108
793.40529
808.70315
829.66482
709.35869
492.10053
708.29386
482.70859
754.2128
741.72143
592.93402
334.34047
504.69039
627.52388
581.98432
729.20288
900.16392
608.7033
750.60653
887.15074
803.44057
972.2473
805.06061
892.64167
637.39545
887.53947
494.4792
723.22917
719.45349
454.9816
492.69845
817.12108
510.58504
654.07421
561.57691
618.0852
570.19175
795.57637
596.43055
313.80646
639.29127
824.47357
822.72683
798.67981
1022.9309
405.32332
730.78787
558.73366
833.84972
875.38263
591.78016
507.07997
650.87173
339.5334
889.01493
475.72492
578.99979
670.16688
593.92393
710.94094
727.42988
528.69152
747.14514
573.85854
713.81286
441.87437
676.16232
681.09819
538.19981
597.24139
391.14359
677.90511
614.59671
495.00653
905.56454
416.79772
539.82234
461.37747
645.55807
736.04477
404.22687
751.82064
566.79197
469.86186
687.01838
635.8461
629.17263
523.3981
634.1885
491.36867
793.95118
589.33219
507.3656
595.90492
660.5152
695.16819
729.76905
794.794
852.04472
506.55692
736.10922
504.51728
451.03902
484.26647
758.01607
759.861
370.84884
423.32893
587.50406
847.82253
584.72066
628.44844
356.48095
494.70641
657.98605
937.43786
595.89303
602.06546
414.7727
605.56862
339.79686
640.63493
699.8481
769.11634
762.29948
531.00504
605.04699
567.65792
459.1947
628.53651
635.41338
551.88811
646.84136
708.69931
598.9495
789.47158
742.40915
335.10011
519.93253
609.09996
546.32854
563.90785
715.15112
456.31196
636.7474
404.17501
623.16346
576.58131
550.85245
586.61304
762.86787
831.78297
537.76084
372.45548
577.04452
465.78147
732.73178
662.10519
662.9885
557.18792
417.08153
683.17448
632.25644
594.23604
503.9029
602.74364
671.47648
706.35659
743.66992
603.14731
720.17953
502.85422
583.30886
743.32343
597.11382
591.07895
931.13849
948.95496
838.06752
716.00271
516.33684
425.16072
739.19689
965.5692
622.21216
894.82161
807.24939
531.25853
536.182
746.56025
696.68507
855.76797
759.18774
684.05633
635.74186
693.89576
786.30239
803.71701
746.29033
633.0819
609.06556
626.18604
1050.5831
546.50671
484.18119
956.39769
777.85413
437.41395
935.00702
842.2166
618.73466
722.17107
530.72909
595.56391
490.54647
681.41765
631.02331
597.48413
582.02992
438.88477
670.65213
583.80837
546.63625
718.07345
751.00456
380.26426
698.53319
773.43441
772.42365
732.99935
741.6312
689.57857
922.54026
589.80646
478.64296
653.37528
775.27765
784.54821
753.01314
741.95981
830.44919
530.04888
611.80395
677.86951
406.83823
801.72545
973.14248
799.49853
714.08426
608.61019
550.7834
472.44609
530.45444
405.75975
445.2339
440.94366
527.93825
594.1307
876.85391
624.40241
759.02421
937.29764
672.33746
851.80409
902.72867
788.59987
755.19718
683.04455
774.70375
739.25715
702.85252
1011.429
845.50442
821.3986
451.42777
792.29358
764.73643
699.54329
724.71729
595.52584
639.40529
490.10998
460.003
690.5851
521.99006
562.8173
868.15632
755.44661
475.67345
924.57245
614.89222
636.36598
715.8073
705.6073
653.75859
345.48859
463.87788
421.52931
620.43486
846.11965
814.43383
708.26164
681.86498
620.38497
806.80386
835.80564
926.79069
574.41832
671.21659
872.448
779.29248
635.75699
638.03642
670.8619
1011.8666
855.13351
480.81003
528.63369
641.59376
905.36319
972.23918
924.75713
452.33619
643.60257
758.03891
612.34539
595.28788
851.87873
888.67974
716.16416
450.48137
859.05546
664.49665
542.69111
870.48897
588.35983
536.96889
560.40413
618.09859
772.30205
591.15513
569.97304
565.62913
557.01836
387.69626
666.32066
856.26823
691.65344
689.96919
511.1385
551.37255
866.47652
557.34705
644.68488
681.25822
589.13261
749.94085
538.67599
322.01453
763.04718
536.99035
521.82691
389.54072
758.10366
692.19561
517.57883
520.19592
