575.18319
1049.5905
1170.9499
1764.1244
1623.9472
1560.2604
1232.4559
1252.0792
1066.0538
1327.1471
1345.7796
1419.3652
1367.3797
1470.1151
1522.3526
1363.9635
1378.4298
1223.2387
1476.3957
1409.7644
1277.169
1574.0663
1520.9713
1564.6184
1399.8167
1303.2581
1235.3032
1416.1499
1500.2503
1408.5414
1559.8975
1464.4818
1278.0462
1188.1179
1081.1992
1186.4371
1459.876
1591.0191
1246.9553
1144.1816
1355.7953
1387.8595
1252.5462
1456.2946
1595.1523
1455.3907
1334.7074
1250.9162
1307.2982
1633.4074
1605.6665
1303.2523
1363.5499
1338.5793
1278.1824
1426.1547
1304.0778
1482.6763
1352.6078
1282.9206
1327.6658
1444.8034
1179.9299
1484.0572
1423.1821
1128.9485
1247.5113
1165.9417
1334.0148
1242.5877
1391.2687
1114.6319
1295.9476
1031.5825
1477.5124
1110.8303
1311.8911
1437.0334
1460.8501
1084.7723
1264.4858
1269.1655
1339.7822
1537.2071
1319.4826
1417.265
1297.4626
1305.5209
1480.9824
1705.4248
1292.5909
1438.136
1626.4627
1425.6753
1462.2053
1574.6304
1352.3688
1378.6835
1200.6777
1459.9958
1229.4124
1332.1774
1382.009
1397.7962
1165.7638
1252.4043
1629.9925
1409.2872
1532.6865
1205.1579
1112.3463
972.47419
1214.9063
1252.8005
1212.2632
1247.0224
1408.0157
1337.7829
1622.0516
1522.191
1366.0323
1341.255
1367.9545
1472.1485
1353.5892
1093.6417
1452.9938
1065.6708
1253.5243
1033.6206
1570.0199
1240.0119
1596.9156
1466.5382
1437.0524
1212.9052
1342.8239
1266.1304
1207.8923
1406.243
1105.6145
1267.498
1506.3731
1425.8277
1183.8074
1383.476
1438.2815
1139.398
1229.4052
1155.5206
1213.7055
1305.1777
1301.4392
1367.0084
1265.0465
1350.5522
1340.2255
1362.2875
1354.6483
1288.4011
1216.6291
1288.0754
1466.927
1299.7018
1357.9837
1367.2065
1600.7562
1340.0225
1590.1067
1343.7445
1136.698
1249.5077
1136.3348
1175.6551
1197.1625
1292.6963
1321.7776
1402.4496
1267.6148
1408.2319
1186.7616
1413.7456
1366.9451
1374.3386
1117.1084
1285.1965
1124.6036
1273.7453
1395.2912
1363.4017
1516.1802
1146.2391
1500.1779
1261.9486
1293.7992
1430.9896
1605.2777
1329.1366
1213.8545
1154.7681
1260.2395
950.67181
1291.1171
1365.4944
1468.1691
1196.7178
1190.622
1549.9604
1276.6255
1473.2761
1513.4148
1329.7426
1266.1519
1376.4192
1269.4882
1346.6124
1276.2039
1091.0741
979.94608
1078.5263
998.1628
1274.0746
1163.8995
1144.0755
1130.2507
1162.9247
1194.7372
1212.8255
1236.725
979.64775
915.35534
1102.2137
1255.5987
1110.2416
1065.4144
1152.4055
978.64868
1353.0735
1031.9619
1238.9012
1179.4337
1098.2504
1252.2868
766.71101
914.71118
1028.4334
1081.0442
1067.0278
1158.6811
1266.0447
897.82746
1225.3723
1489.4309
1072.2533
936.73578
1070.0519
1187.5049
1263.8687
1147.4246
1414.8775
1107.7586
1062.5917
910.72406
1136.4931
1039.4533
1435.1012
1329.4781
1389.5493
1098.1937
1544.9473
1237.6141
1181.2434
1134.5562
1051.3142
1259.1305
1411.9994
1715.7306
1432.4432
1231.0781
1342.2291
1378.3914
1382.7975
1233.1806
1286.4258
1360.5944
1338.148
1222.4458
1047.9203
1468.4615
1218.3641
1222.8346
1069.3639
1099.7973
1238.9503
1210.8759
1393.7737
1385.7431
1056.1334
991.76333
1172.9617
1386.3707
1391.6344
1221.8213
1092.4959
1228.9563
1355.5455
1423.3733
1267.3826
1504.6126
1335.3044
1023.5858
1261.3888
1152.6931
1480.771
1147.2513
1238.607
1254.4637
1421.9341
1265.6011
1245.3725
1419.7921
1201.6826
1153.8033
1308.5553
1196.476
1381.9459
1061.5482
1094.786
1021.1633
941.76253
1082.9204
1276.2048
1132.244
1168.4557
1140.1142
1093.1427
1375.4853
1183.3445
1237.7146
1157.8279
1171.704
1158.8213
1021.6853
1088.5149
813.15366
940.35396
1236.8237
1178.2064
927.47388
1233.1746
1002.6333
1064.1074
1450.5391
1174.5274
1039.7154
1048.7571
1008.7644
968.15563
1195.3767
1029.7518
1121.1993
1145.9056
795.2561
905.63227
1110.687
1025.7003
1281.0503
1232.2637
1094.5895
1317.7276
1124.3419
1158.6399
1181.5774
1208.1908
1175.4081
1191.8096
1162.5658
1054.8541
1295.8921
1153.9194
1103.2506
1043.9716
1115.189
1182.2574
1372.0311
1271.1194
1489.6191
1238.2418
1096.2484
1332.3443
1085.3163
1217.2389
1428.9903
1380.9377
1272.547
1411.0852
1271.9527
1016.984
1229.3243
989.71793
1383.1598
1386.0337
1146.0058
1201.6114
1119.5916
1317.5246
1610.201
1222.8799
1176.6981
1149.4835
1347.7694
1186.9382
1392.2487
1252.9738
859.13051
1144.076
1397.04
1083.87
1549.9368
1235.0959
815.48444
952.46414
1239.369
1086.0279
1274.7499
977.78953
1370.268
1441.8117
1387.9201
1099.1831
983.25017
1072.7781
1056.4234
996.51357
938.36591
1245.9232
1152.3147
1223.3184
1248.5034
1165.1836
1106.9435
1143.7182
1172.9811
1040.4314
1222.4961
1431.8823
1274.0545
1387.6167
1296.8237
1041.3266
1082.3901
1045.7794
1094.8367
1380.1995
1172.2159
1392.2472
1146.0551
1439.2782
1317.3079
1047.9067
1259.7332
1295.0756
1346.7396
1370.7057
1330.7919
1225.5452
1279.8464
1256.0979
1138.0538
1427.1655
1275.479
1479.4677
1091.4676
1201.9909
1037.9553
1260.1274
987.18011
1024.3889
1139.6026
1158.5569
1540.2762
1447.128
1154.7431
855.81359
829.02438
868.04438
1021.0295
1205.7822
1013.2799
1153.8182
1055.4065
942.88476
1338.5956
1320.9768
1383.3334
1301.0345
1369.8618
1057.0277
1094.7701
1048.4249
1341.0029
1100.2925
1083.0303
1302.6681
1325.179
1408.2956
1251.5302
1245.236
1087.2212
976.53777
936.48263
950.72497
940.02751
1156.5618
1376.3303
1275.6617
826.83312
834.46332
1127.6162
792.97436
991.55878
1015.7291
1123.1232
947.0897
965.06433
1118.5283
1001.1756
1111.3446
941.59922
1076.9476
1255.6743
1251.3231
1259.1498
1308.7275
983.96184
1073.0861
1206.0297
1272.8524
1282.2883
1122.8026
1207.8744
1178.054
1127.4449
925.87678
1146.9927
1215.5324
864.98085
870.29433
1001.4331
1007.4928
764.96229
842.97824
620.93962
802.04244
921.66398
882.62419
651.08185
993.19595
756.6491
949.90725
773.22659
914.22981
994.29024
870.05893
1115.71
937.49962
942.11582
896.56204
1185.0578
944.97819
1360.948
936.44182
1084.7928
1052.6816
890.78052
1042.9371
1135.9002
937.54011
888.25467
684.42337
745.64498
1061.9351
1135.1173
1093.0584
1040.7474
1092.149
757.88083
935.85118
944.1968
1077.7586
855.28709
1016.6027
1119.6677
1230.0393
1219.7988
1113.214
1257.7312
988.28052
1169.4589
1239.8953
1131.3663
1165.9477
1102.9662
994.15398
872.95848
1078.1386
1109.5662
1102.4601
1295.8446
1246.1311
1119.7473
1113.7237
1009.4199
870.19328
1005.5978
1359.8558
1129.3325
1216.8866
955.24729
1107.6619
913.65929
889.0922
1072.5239
1053.2713
1128.3496
1115.7062
1209.5549
901.08711
1093.6138
947.78659
815.78838
921.34187
931.70943
1041.7033
1116.6261
937.34523
875.99467
1046.2569
1046.5483
1076.5256
1446.9435
1107.4493
1077.8618
955.64612
996.33865
1047.7242
1143.116
1165.7178
1199.2294
990.33196
1075.5393
1131.0092
1191.8368
1106.9285
1138.7289
689.74556
698.4516
817.7605
977.98321
877.77635
1009.4104
988.93672
1147.6994
903.56336
707.30555
1104.6668
1069.3857
969.3493
1141.808
999.84534
973.24498
956.17901
981.20553
965.4941
885.50277
1156.8871
1193.3189
1193.2435
1067.5825
1083.2761
931.37594
1242.0055
1174.4182
1206.2399
958.30845
929.44243
1150.8828
1486.0736
1356.2958
1050.275
1058.04
1070.227
1278.6151
1085.8969
1198.0173
987.65284
728.12936
1187.5612
1190.5076
825.337
1075.904
1137.3543
1054.9273
1071.3034
1019.4377
1231.4347
1001.4438
861.118
900.29917
1267.8765
1284.4332
1169.9016
1237.3951
1392.4139
1368.5374
1190.5567
828.48938
707.55324
734.99153
1107.9761
1242.8012
898.52515
1127.158
1051.4993
1182.4287
1027.7604
1045.8759
1000.7319
965.57798
1047.6982
916.93183
916.89735
895.55198
1146.6812
990.67491
1037.0039
1107.1221
1044.9288
970.29238
901.29514
942.77346
1004.9868
1236.862
1247.1895
1163.4352
800.88332
1004.656
1084.3197
1091.4776
1233.6666
1329.2122
1201.3054
750.83921
909.74309
910.1244
1012.2104
916.75574
1071.1682
1043.2408
1073.0185
932.19361
833.87056
824.52945
717.40648
1204.7216
940.70687
955.79539
828.4434
795.68888
1092.2896
1369.3429
1480.4572
1279.4378
1174.4007
1175.6782
1262.6026
1013.1372
1226.5596
1220.894
1133.0632
1106.0884
1124.5667
1199.0091
1001.1024
889.49703
997.29372
1051.9791
1148.0533
1294.7707
919.51753
1152.521
926.93099
1191.5029
999.01131
1160.0663
1170.0708
906.64362
881.49239
799.69179
1220.6419
993.2463
1046.1834
914.56464
1062.525
1268.2049
1061.7175
895.73083
992.18348
1231.861
993.2098
1036.715
1419.2941
1019.4854
1206.9307
874.88914
963.77899
903.32533
761.11161
964.81147
1369.7804
1019.3685
1324.1303
1271.9641
1020.8489
1521.7479
1006.7946
1163.0467
1111.2914
1033.663
1430.6975
912.53038
1168.7589
855.48768
1060.7291
1104.9134
879.74378
1206.4323
1005.909
1076.3834
1111.4307
1080.6725
1224.9009
1169.6586
1117.7184
1063.2587
1174.4153
1100.0132
813.35124
900.25724
1187.6118
1139.0046
1253.6525
1287.0204
1001.5419
1224.1402
1147.8064
1148.4858
990.19361
812.53632
917.43522
922.12398
912.60978
971.37293
1030.1114
744.98248
725.04408
781.62531
885.47396
737.95874
895.33287
925.69123
815.88652
798.20838
832.5098
997.19432
925.25327
836.31619
960.61081
788.66195
706.5957
913.32854
799.66166
1004.055
737.28115
1016.6329
913.61156
756.65769
830.28181
1125.5003
624.31737
541.42777
617.26761
659.65565
791.85364
470.65252
470.31001
293.53593
394.18921
626.54994
832.05391
622.54955
717.22513
562.87999
450.1546
280.16674
706.55656
762.57653
703.46077
648.77694
816.88341
538.31708
632.58915
465.35036
588.86015
880.14974
683.37571
952.65542
475.43163
820.01515
892.50055
775.08312
850.67219
682.78014
817.40821
433.31894
554.52943
724.81117
750.00391
933.97267
711.5522
541.71883
683.20766
548.46856
571.53599
685.26784
624.49023
510.13425
565.5854
587.79308
690.30374
552.34275
459.0431
628.67763
536.29169
638.86398
757.52234
506.83186
526.69607
416.36065
669.63985
578.95402
550.95061
864.74101
813.0156
455.2216
317.46461
526.49352
528.56557
573.88732
662.44563
589.99945
628.57685
742.05309
647.98271
391.88089
682.95933
666.43828
601.61131
347.44711
659.57918
580.81385
721.68662
707.1247
593.91374
695.41059
661.72595
596.2817
765.7115
589.06062
572.51283
618.56486
667.37264
687.05195
592.50967
740.20973
498.20299
616.80556
809.31108
889.71772
527.1159
699.48559
725.74563
642.08113
564.47044
608.41247
607.53427
852.01797
831.96843
589.13993
425.36573
301.41359
404.45631
495.94681
741.83858
597.56989
381.64867
755.72153
665.53863
762.86745
700.11973
891.61269
745.26939
498.18398
297.25128
221.96423
449.25597
632.92308
780.79587
524.18641
683.28357
485.89129
940.00921
554.95649
386.48484
764.39491
898.03228
951.07974
971.75551
708.72606
874.70647
687.29853
778.53148
667.52862
636.62563
466.56027
721.52666
576.81814
660.06583
562.51662
676.79856
658.07635
674.17438
530.32955
482.37013
493.65798
635.52369
614.56594
702.57214
443.31655
569.42677
756.65881
844.18887
655.68324
782.40537
717.4943
597.77046
452.83893
581.05666
623.86812
678.95396
297.37237
388.79646
239.3264
908.40759
494.31693
867.69251
666.5538
477.82702
327.80204
370.98793
476.30793
593.87884
667.98534
501.99914
420.75254
690.20114
652.70536
484.14562
819.61705
734.68228
387.50122
580.96343
298.28079
267.27952
633.82263
718.38559
604.80439
498.23065
436.57424
789.29101
553.39248
268.59584
401.80683
473.45067
662.40871
469.96781
426.98347
602.66687
634.10433
459.04782
594.56603
677.1595
546.79707
649.87971
423.13779
721.00685
481.5068
590.64374
400.44594
422.20078
511.54454
527.21462
434.99976
500.91986
486.37005
612.40455
233.70692
564.56517
573.67387
667.06113
822.22977
636.32004
627.53855
532.61849
430.22576
583.83699
648.62238
401.28135
680.07898
370.49608
453.07776
612.86578
440.60264
479.24107
400.32502
427.91979
587.48968
495.63254
532.32248
506.54889
475.508
359.02463
514.15219
459.15674
766.99882
733.2151
821.35348
649.65691
561.91902
461.37922
444.48888
800.04828
498.74156
438.50125
568.70176
579.30753
477.99571
324.10555
325.8986
358.42293
516.7363
441.49113
197.89617
542.38025
533.04369
598.62184
564.97565
402.47573
364.57736
566.88473
619.70731
697.61703
679.76719
449.31065
620.94451
460.63321
397.22904
495.75879
383.79069
565.66295
516.65634
519.94257
357.98723
448.56513
321.97573
609.72529
24.816601
456.26617
566.39702
487.89489
340.58031
260.27718
327.78835
537.19361
467.31791
538.48486
633.55751
687.4738
447.3895
360.49916
438.40969
350.1159
435.8754
671.43687
523.33916
407.50236
274.68478
180.20395
459.71081
317.8531
508.29444
413.64803
568.95725
766.36445
710.66706
515.11427
353.42467
290.60548
572.98168
363.92746
565.65828
675.58694
364.06668
482.88794
209.56482
273.66881
660.79771
578.55236
643.15199
629.23892
389.9933
332.1208
480.55808
640.36332
569.35966
729.31268
662.16941
591.32988
452.47264
693.5312
726.04003
554.47527
712.24014
315.43427
577.31299
594.06721
291.96856
472.37878
628.53306
421.12838
728.63834
464.44781
395.38057
200.5708
447.48996
495.12677
541.56784
435.75785
442.14849
273.04693
385.50506
288.21239
395.48538
432.82971
353.73399
266.81182
423.33539
634.69261
234.97459
258.27968
399.14713
503.43836
524.77506
426.8272
583.59556
540.78845
647.47796
680.81675
321.58686
525.16837
171.37173
388.36271
281.1372
447.62005
657.21803
436.37709
345.69781
444.80587
366.76394
504.81585
369.27929
340.0868
472.0334
323.45069
368.38313
231.86277
181.59257
310.18933
278.24241
354.42638
302.44697
487.19688
433.93583
462.22546
385.44487
659.65273
486.20062
376.12859
393.83063
371.75713
325.26747
424.20554
338.21506
572.35494
443.7869
577.97568
485.87433
468.27919
308.43491
449.43382
511.59852
452.69219
349.91825
487.18042
479.76081
316.15866
525.52544
532.33213
698.86955
440.35541
180.01291
503.94079
445.99852
456.65666
248.15434
466.53835
242.70444
381.21246
173.84806
433.69781
445.75962
412.02045
344.82765
563.2875
338.23327
246.28766
169.41782
395.51128
374.86706
104.22172
356.80333
450.81112
548.01801
756.95097
279.35652
324.18444
508.12706
566.27935
572.62352
431.27436
307.71021
295.9007
778.46774
465.04291
280.94253
598.15272
601.65405
507.85165
223.6669
541.44567
551.27845
356.4605
403.10617
632.98142
264.42037
503.68881
594.90013
231.49307
415.7287
384.86622
414.8576
379.2836
473.09445
440.28642
278.50189
262.24632
271.69207
391.02221
468.84922
703.94812
362.70198
328.58059
275.01687
250.34776
505.72734
410.88656
316.73665
119.11168
154.39925
39.231069
175.14006
272.80888
485.26667
431.21361
517.74213
375.54193
487.31449
321.30352
532.32216
330.83815
302.66177
527.64899
375.58635
559.93211
576.90392
587.05466
578.16997
558.13804
395.35497
520.84125
349.69492
202.02539
526.91221
285.26545
286.58293
562.70449
493.56421
466.65362
248.43401
251.36577
267.6743
312.54258
509.60085
239.33777
363.47456
488.28007
317.59462
419.36109
356.38922
571.43792
478.0434
735.40563
326.51559
618.9366
411.40992
287.18832
482.42566
581.17955
444.07575
657.1709
473.26429
404.08848
266.10956
565.92812
321.02799
599.21487
517.41276
441.06823
347.36144
356.82969
215.42719
200.10701
272.00724
34.096994
6.6559917
218.22428
636.99009
330.68742
438.69324
313.27572
213.00054
540.87155
534.80207
194.96139
496.50705
471.88679
373.56584
686.33485
572.10223
238.22445
499.47779
266.82833
398.1539
703.36519
421.13899
437.28147
367.30557
411.23102
330.14334
202.8742
566.7216
400.90277
324.35246
464.38052
414.93195
275.39604
411.56346
391.30377
573.79825
781.98455
341.33665
228.13694
359.62805
219.70507
232.16405
244.83047
304.1699
274.86312
580.2553
214.41651
487.85239
432.52033
341.0799
482.30495
252.61624
371.09811
463.06358
328.23105
365.49183
495.826
353.38303
408.69334
45.384066
138.62785
-4.4270711
58.810257
43.296245
382.52102
390.54078
198.88641
188.13926
514.13571
569.8485
649.86179
537.58645
490.52673
442.10504
617.91655
474.52684
663.65661
417.57979
427.54478
432.69752
411.02507
265.39957
631.21069
277.08846
467.78491
249.91216
283.32107
472.65869
584.03743
700.07325
374.56587
571.10796
295.21591
257.37473
100.91106
350.09779
343.35383
447.41059
317.75537
659.96245
108.05625
331.1063
319.67813
282.28039
363.09324
484.82695
538.34271
173.31358
501.3241
460.52629
97.719776
379.63367
230.6209
278.94607
272.00405
166.39423
31.657069
270.96115
306.55622
95.503519
178.46026
438.86599
233.31783
302.24983
279.41299
32.963266
75.998895
342.49448
305.97282
622.25473
547.85954
390.3049
301.97848
627.27857
494.0289
556.43175
286.5633
275.46586
243.40226
309.26119
214.16118
447.24974
475.3742
534.56543
559.75951
739.43959
375.13258
302.42907
150.23837
360.91139
675.13629
527.71884
330.27443
77.379914
202.55774
239.72257
164.68908
396.47548
311.41516
288.93574
412.74899
386.60224
117.61577
599.89757
532.75034
307.2486
293.58898
212.08828
75.709881
387.4058
405.16266
357.47234
189.1928
469.49672
454.35165
516.55093
119.66161
446.46526
260.13099
361.09173
416.43952
282.07938
365.48687
522.54845
285.53738
497.09431
328.70054
113.3654
274.51352
359.20853
584.30127
636.30352
372.6963
202.93518
276.33986
406.83515
418.13127
466.29323
354.88467
326.56484
328.59012
746.50893
294.48098
344.38675
220.73949
199.69041
238.01714
368.96391
545.80469
228.90525
460.47442
594.6222
260.98029
418.14479
559.2275
294.93846
499.89859
295.90296
277.11682
437.98801
510.65841
261.90043
324.00422
468.95485
368.20515
247.86264
319.85289
211.36395
317.16
308.25196
371.0763
142.01749
471.81384
387.80823
199.87225
551.63761
402.09122
622.64678
403.01228
271.28177
214.83534
465.23279
478.44977
376.31269
393.79804
389.96796
280.42217
390.97218
224.92071
186.47841
221.20276
228.65634
182.9631
447.78436
593.95977
270.197
258.76851
195.21626
362.84579
89.60599
333.32005
336.37301
493.19863
442.49159
498.85488
436.33278
401.45364
421.08757
488.67345
341.26136
428.99076
471.21015
252.9483
434.68655
422.61385
435.12231
565.19142
513.36784
151.97735
453.91816
351.11824
256.70483
303.85653
336.84943
304.09648
93.896785
668.19415
475.47889
175.93328
312.34432
256.60437
420.84597
248.88585
369.4236
531.04578
254.28628
682.6437
308.81718
446.71653
461.80424
219.6045
276.38449
545.8071
643.27383
632.05886
345.43816
492.92225
393.53744
273.23408
481.20877
419.27202
318.8345
309.78713
583.41485
186.51095
301.79447
292.75007
407.43001
271.95805
412.17664
277.52697
140.73351
322.08382
251.73646
202.81548
405.74652
290.79267
268.81025
484.74251
579.59213
523.19351
334.69359
260.71854
627.24054
344.87205
270.35334
398.12145
286.46461
425.20505
483.7619
393.75302
471.3134
370.06535
483.47239
401.13294
270.44351
491.4484
587.06674
445.53764
310.39903
439.20364
365.59963
298.81799
665.28871
661.74134
603.85793
464.29136
329.41441
398.25473
556.55545
591.32844
623.43507
635.43124
533.15751
273.15224
462.6564
464.15454
293.65341
306.7012
70.187632
342.82948
334.40468
110.85156
418.08097
223.05182
407.01736
329.183
271.60461
414.5617
394.48753
161.47872
481.00785
591.21036
190.41289
286.37692
256.71607
337.05396
335.50852
632.25725
177.19861
260.46237
121.21867
346.3675
240.82342
260.42069
588.0173
523.36031
171.40399
501.82037
302.00685
345.8591
323.55421
443.0276
421.85422
341.15447
297.58674
200.87925
295.01623
240.94901
632.62452
475.65034
501.6477
338.53086
233.67879
406.56578
616.21672
575.28724
583.094
509.1324
352.65061
309.63751
391.97108
446.19889
474.17635
646.96259
582.31992
562.05342
264.4212
159.33904
270.19862
334.91005
181.93527
299.58384
528.92826
571.77984
525.99853
484.55938
541.63109
497.18487
295.65225
183.56718
55.228114
274.39519
372.19444
489.12614
272.82851
356.01958
330.43346
379.05771
435.23435
53.506509
356.48444
365.54772
322.52467
483.09888
396.04948
387.84568
249.80137
209.49038
312.77755
481.13548
475.01055
508.52208
381.66178
163.51769
366.20405
457.64021
188.6868
314.72741
337.40907
82.397785
402.35445
395.62968
223.01578
295.60682
395.85416
186.89792
133.97005
216.79303
265.27908
256.74068
493.2489
285.44313
475.04865
488.34686
323.41574
112.01549
263.92538
261.31288
414.26575
501.4396
764.47572
301.72023
597.05495
271.8424
297.04923
288.23818
348.96688
618.22131
475.83818
214.3836
487.33447
201.03684
475.27034
419.94343
590.52261
544.92724
543.38542
277.62277
102.76668
311.44997
351.07081
225.06283
521.25027
368.87708
368.11777
302.96828
541.79504
423.59841
466.24159
378.80575
132.9874
101.70894
371.54266
342.99978
259.57037
328.74936
176.08134
260.32117
272.39616
240.777
501.21944
459.9565
385.81171
395.39926
428.78127
441.75697
613.45306
387.60922
240.04336
120.5011
110.58894
431.17817
411.27821
495.51919
582.65979
331.21583
209.15549
347.0084
475.19101
268.99715
218.84948
444.9323
314.88081
412.35244
520.52589
234.80247
245.37578
500.55382
411.54143
300.03607
385.73317
407.33031
301.93342
477.88523
605.57032
420.6356
520.08874
327.05469
304.20334
377.13196
287.50805
286.5298
204.8972
324.41971
784.64901
572.23046
786.81262
443.94206
247.14472
494.01268
358.72755
353.15838
508.31893
614.03352
591.77473
421.52564
92.359758
464.76914
504.37875
185.43798
150.06419
463.37195
373.28706
434.31541
422.35544
408.82391
610.17554
536.55298
488.73817
362.21997
319.142
644.3326
556.76265
425.35044
219.53678
195.8929
263.12397
477.59255
423.35993
496.78659
367.9507
522.53618
494.38126
204.80314
249.40543
477.42639
475.82481
569.10025
303.21405
407.96053
560.07381
244.05227
278.00041
362.24301
294.92089
332.98659
470.14034
352.06111
244.80944
158.76828
395.47491
428.95355
363.28869
584.76013
498.39457
224.88984
188.11395
325.15602
243.63151
240.92629
273.31901
270.29634
253.07234
280.57575
392.16829
155.39529
404.1343
398.11922
537.56213
515.98299
243.08436
354.63222
123.17438
291.53474
354.85067
136.0832
236.65363
212.57059
228.34921
278.79146
365.52876
557.02779
430.12985
158.09856
262.12124
533.8116
388.16477
364.83033
512.47477
371.62087
206.40987
212.51001
347.99111
276.33206
521.79304
377.57064
303.6678
566.66636
317.04925
306.06109
142.2247
291.06069
377.15991
491.46445
294.29726
189.72263
296.49145
256.45034
416.66127
445.82524
404.02262
417.91705
712.34995
527.81222
472.38461
309.58911
405.7723
486.19141
222.45126
422.50483
125.48805
187.43677
256.14725
280.6974
570.39198
441.49728
482.1661
234.16689
273.20214
379.59942
418.76894
212.68517
496.96506
367.53412
414.35385
524.98394
236.03508
494.51323
415.3168
397.66978
473.91532
501.61348
493.8914
560.95605
546.43182
564.67712
357.17786
409.73866
459.7219
346.20541
451.10742
526.12603
538.2194
225.38205
153.2847
500.0729
452.62058
286.17338
365.70646
162.79055
296.624
240.10984
491.35649
533.72163
542.85105
472.55241
466.5309
88.023227
260.44294
164.70545
144.94268
256.25104
226.16961
369.64578
557.27204
537.70374
528.40808
75.577217
-116.31864
183.01969
104.67406
630.27427
208.82928
420.90959
482.66247
252.57674
251.06992
95.701907
341.73729
491.65115
524.69818
316.27317
166.73092
140.04038
165.03928
323.4938
364.24308
113.52331
120.27586
572.80893
410.9923
430.3237
308.70024
272.46401
435.61511
256.65635
511.99752
315.46986
554.89972
359.45232
279.2712
284.98382
290.13372
429.81598
254.36255
564.43313
572.05254
471.63684
302.60077
283.05415
362.50439
218.2545
189.36248
284.56417
305.2552
286.77781
189.43863
336.10233
333.66071
255.25285
288.5288
302.96814
508.44822
180.94575
509.26043
573.67977
390.58171
354.98378
356.17019
404.13398
486.10194
487.43593
547.30945
381.79581
314.53644
526.68835
320.32862
229.91211
160.79228
550.87061
420.32784
430.59371
286.71595
33.215488
198.96912
-82.820085
308.91032
160.35315
303.68182
442.70999
288.21111
285.88218
325.48704
234.83333
319.06888
396.60766
363.41457
495.21603
407.76477
517.21978
473.71367
247.24606
286.74056
358.13948
612.44261
464.22726
400.51648
271.72489
461.88066
326.27381
675.83382
636.24006
486.20661
511.56137
285.70703
380.49606
387.33824
259.02712
175.78413
390.32934
266.42096
-6.5296061
330.90863
342.92792
280.59385
287.91738
552.15501
175.37958
264.34036
161.49741
81.570576
351.01375
470.32587
405.54682
484.80809
146.90765
261.76898
456.59719
545.61657
376.11784
380.13904
338.81175
355.24617
258.59197
284.6866
363.56628
302.65085
375.71537
287.69195
305.79668
93.99491
386.4993
862.24412
406.42127
168.26591
210.14161
440.99332
363.82136
133.4506
288.38806
357.34427
304.72235
339.79101
345.90016
374.35708
493.01088
534.45371
386.14067
101.7686
219.80314
324.68463
285.419
306.63956
378.23758
278.27139
257.10077
208.82208
607.70072
458.58566
376.84165
481.76595
460.86235
451.46106
247.07894
400.61472
785.35574
478.17666
522.74693
228.84203
418.06826
458.33035
394.38999
458.13671
344.80515
328.39818
591.50607
489.62812
384.96599
281.24212
218.08903
468.22637
574.99042
716.43111
483.35152
137.46197
349.9049
242.17921
248.30461
482.12386
446.17283
274.50141
728.20465
345.22789
584.18419
326.26896
461.65186
426.50597
518.75588
440.16925
451.82742
590.3713
558.84801
661.65886
751.12316
459.13504
604.64377
320.699
271.46378
329.39972
474.31617
584.86588
325.96285
319.48274
477.59557
533.17475
564.67855
365.69029
385.72675
460.11501
419.73667
537.03945
407.12886
45.843737
188.78344
441.79151
214.45223
463.11021
443.88958
543.50517
474.0786
222.77806
536.20814
355.26218
465.61183
236.95381
397.52954
250.55353
348.27017
186.37168
473.75305
652.74979
601.37523
309.46702
345.42219
478.39713
234.85329
292.37538
480.65884
203.68271
69.516924
444.17644
305.56755
187.25559
251.41038
176.0588
171.3046
124.29595
254.60076
629.95936
372.3582
547.45445
268.71587
378.62109
421.16945
345.15363
375.46028
530.67507
275.19246
131.4971
478.98304
647.55671
632.14991
459.73778
172.15041
233.59192
131.29226
225.66837
392.48375
406.0791
253.62583
246.33315
249.23317
388.6705
214.60351
650.29376
387.73108
322.92535
573.39218
253.05471
273.43205
387.87351
426.00746
658.63636
433.00537
171.04937
148.27689
169.92709
575.13015
275.75613
409.42367
241.29994
558.82559
483.17524
490.42351
512.23278
262.73614
405.33913
156.83397
322.90433
593.66563
288.44471
278.56041
265.1778
112.88043
661.17281
601.08877
281.44957
577.84017
353.474
369.9163
332.59983
462.31854
443.5376
291.30639
444.14579
92.140351
299.61117
227.32535
306.40704
181.73971
218.82298
384.39343
597.0237
221.52626
611.70281
397.66423
262.31357
622.70059
359.78259
514.83126
249.55573
96.026498
332.20004
465.12168
403.49392
256.01972
238.87862
358.35658
407.01705
395.57395
338.43598
514.14966
476.14062
506.00431
486.19569
340.22919
327.16699
346.62497
321.43916
395.44551
317.45766
169.84853
437.10419
415.89647
442.45822
650.1397
255.66873
343.61691
335.12511
-22.584346
310.21685
116.04355
347.30484
386.21789
271.46891
421.6978
378.15768
389.8844
319.22119
416.78747
567.27517
284.60898
496.77688
391.32378
368.73541
462.25292
331.17876
288.21419
245.87234
477.06507
564.56244
625.56652
483.36413
187.293
248.59993
391.78949
282.86873
205.02716
580.56186
444.52375
69.82568
89.061215
408.12768
-40.425961
389.6349
146.05299
141.11741
90.460757
380.2749
180.98125
274.23347
73.017707
415.50818
341.46504
505.08478
321.67885
274.51607
330.86172
383.87186
281.25745
308.61739
331.60988
283.05265
229.22003
500.87703
304.08902
288.32401
400.1164
420.87154
344.98771
419.63259
489.69838
497.74475
418.40975
790.84603
677.47162
725.69076
514.00319
576.09794
499.66143
359.93994
499.2403
278.19249
518.18734
499.21831
328.21721
444.72928
326.84717
333.05851
665.32138
725.37894
556.57229
583.26787
405.19352
437.66066
272.43561
452.96153
540.13376
415.57831
281.81062
630.4513
456.37941
382.74566
399.74475
468.08545
340.90436
474.56947
202.02257
327.32046
278.85932
232.66386
531.23371
314.90999
506.19528
506.54801
381.33992
262.01274
199.15339
377.73442
227.1219
227.87999
251.71097
485.92278
429.32898
677.47344
595.48242
405.05432
270.10914
222.07917
445.97128
383.50419
430.30912
418.53068
592.18983
449.27852
504.14596
290.88167
459.35677
368.46071
475.16475
508.43501
426.92838
526.16468
534.83566
159.66461
529.96623
300.10905
161.2863
497.2672
616.91942
484.26338
436.29864
52.373285
396.22865
341.99394
121.97206
311.80066
436.96517
176.28398
257.87983
337.17366
314.14259
440.10938
237.36846
433.37521
399.91707
223.791
192.73334
573.56604
113.21215
312.21938
407.64145
338.49991
405.55897
526.52395
516.82866
173.50794
453.33316
286.42983
272.58309
338.14178
185.711
67.626191
615.23687
66.953596
467.37258
542.94933
199.09461
595.72294
545.42979
145.72989
487.69472
147.6906
436.87802
342.75468
674.89595
301.15441
394.39226
455.21152
252.7306
514.68854
599.99405
468.02494
450.56985
632.12955
603.42987
369.38873
385.8603
722.93722
494.53187
632.06266
170.5458
394.97084
385.23081
507.09901
284.68982
428.14754
549.24904
350.04506
360.48243
273.17848
557.81682
546.92639
283.34316
272.85018
515.26575
481.65203
577.07489
346.77912
469.76046
320.85711
304.58962
531.5341
668.48297
467.7005
112.89356
380.69231
294.75277
379.55774
676.33755
543.1565
331.03758
449.30607
221.23303
83.784524
236.41235
431.99278
537.34482
619.65067
491.78046
478.75283
398.68098
354.84557
214.46852
300.73359
232.06299
254.95005
409.71792
194.57024
445.09714
385.96684
761.69057
419.63326
404.03347
480.57426
356.2736
374.36244
325.70409
572.08351
611.10158
307.97117
121.80315
105.66712
342.55306
298.7998
363.24012
226.28028
233.59778
309.29304
485.73864
131.95557
199.55538
342.15501
563.04442
413.29235
262.25118
704.14983
349.57825
303.59961
17.231811
357.79842
514.59275
425.23397
288.11764
266.56898
282.3828
294.0263
176.53935
639.8862
288.66779
319.00355
492.62683
309.17628
459.01383
481.05159
396.89667
431.1823
483.23842
462.0499
487.71259
505.49326
291.70929
351.9825
355.09796
241.26561
553.50102
313.57473
471.00098
526.30792
549.92402
566.97432
282.51869
285.08561
416.12809
255.39442
346.67394
597.59305
235.72965
100.92845
369.10167
277.87652
425.86342
603.24963
470.9147
487.29041
641.63394
682.31715
794.89301
450.77381
354.54614
247.04485
404.10015
530.13543
634.62996
515.11044
562.57964
650.02444
469.79062
328.73842
268.40081
435.09617
369.8652
568.55655
565.47082
389.69743
452.79658
222.73027
271.91671
222.11116
341.31844
120.83347
234.71947
304.4072
564.91223
408.26
328.69535
272.95645
507.90837
354.2424
301.8168
706.38338
576.25509
650.14218
363.20624
574.24796
288.19189
414.90565
351.76817
367.79917
587.40531
522.95493
637.0316
160.01155
463.60626
277.30374
382.84048
373.49459
199.38653
335.48613
247.89131
414.55764
349.00396
118.49967
256.17836
520.96893
361.05666
401.10323
360.31994
410.29848
413.22082
374.25362
109.93391
433.07494
577.11878
571.04995
224.86075
283.77182
262.58173
309.66085
387.82182
665.49585
323.6437
129.09118
525.94274
372.4993
451.81972
108.78391
377.22372
590.28494
388.72459
100.12575
77.480268
300.35696
254.75616
435.49559
135.66147
203.09846
381.78272
277.37418
331.79634
435.73884
521.39296
497.14953
348.65696
179.1699
415.66735
456.51084
229.77311
98.601918
81.081993
301.50432
407.99882
387.02938
559.79796
436.93746
292.88543
444.31099
154.23555
388.33939
271.6483
443.33866
406.34625
196.57038
314.66272
583.49789
672.58199
421.97906
165.9825
137.15276
547.87723
348.78236
567.81962
410.20128
256.88421
449.51139
290.72641
271.87943
523.86388
379.32958
212.92235
448.44453
160.63267
506.27777
415.06961
370.42998
386.25501
211.33704
120.12717
524.36448
302.62694
388.48967
272.89217
588.19745
707.0394
136.88738
306.11396
496.10894
438.64482
181.62921
439.27011
467.93951
474.07222
380.4832
583.11859
596.91534
415.53231
324.55125
131.49261
359.63956
420.23443
554.63216
250.73609
418.39716
391.04737
521.66966
351.0964
587.17546
621.7179
323.32087
246.91744
429.14772
565.5445
517.99524
144.32482
366.65138
636.27982
564.93912
496.06554
387.8601
470.12838
587.80823
497.1666
291.61316
334.42541
464.78981
588.33747
575.35408
418.42814
355.86926
305.55768
209.96027
420.31812
737.16465
370.32971
685.43189
432.54047
298.61382
128.48758
443.63206
446.01521
548.43552
543.4463
443.44334
275.77274
395.57262
513.5014
539.8374
524.02161
291.46947
396.82339
41.671574
395.43153
249.31857
219.45836
347.56265
251.13575
318.8584
245.04658
447.86923
243.56202
324.74706
250.12263
233.99591
99.721175
143.4123
234.0857
269.73861
550.87537
450.95026
234.14172
-27.160162
350.0395
385.96279
296.179
498.28528
275.64699
339.81406
250.88106
182.99742
206.43212
464.52345
786.26431
520.09525
415.97622
325.02648
317.22293
399.75529
393.66455
577.50003
582.8301
401.37208
312.0093
535.41027
425.00131
400.69622
142.61734
409.41158
212.69675
364.99928
446.65776
547.6366
293.87736
382.90687
347.35477
455.67251
433.89895
513.0564
516.03632
653.34881
495.86352
215.52152
401.64504
325.13982
389.90664
321.85682
405.69115
247.89186
259.05615
103.64687
243.97446
437.77777
259.12987
447.22588
419.45738
169.683
417.57477
659.22004
274.20331
591.50405
474.00075
297.46757
298.24417
439.55883
510.09161
256.5515
349.79189
681.80531
464.83903
465.11752
312.302
569.4651
382.38897
240.86244
313.49845
359.84582
443.546
297.21272
479.25415
367.10088
578.12526
338.69826
370.35959
607.50918
644.04009
425.69505
563.24257
462.22392
489.95588
584.78172
242.29104
155.6625
688.69211
683.22884
684.88115
552.26687
517.70447
700.56549
296.92139
263.8171
319.58197
335.5496
588.22513
629.75968
322.93403
203.85195
436.47075
528.84888
598.28001
266.87825
298.19871
492.40327
341.52046
465.51869
426.18499
575.41482
248.53502
212.18245
275.97254
379.12556
369.19345
430.04079
412.696
294.13334
636.66492
596.34444
671.87554
409.18356
281.79482
116.48885
245.07752
709.24927
370.93157
476.83222
421.20645
355.91621
604.19389
278.79689
352.74442
389.06072
242.96736
318.60422
459.60259
553.78904
425.194
569.21148
-5.9704998
293.92187
253.42191
392.61269
411.327
512.38122
794.0165
318.44354
210.00015
499.36998
359.75177
450.84929
347.3201
178.10332
406.23043
438.78729
250.41666
474.4982
556.91285
632.40524
656.80895
474.43793
520.90529
431.09724
345.41452
195.56676
436.6723
430.50924
368.32977
415.51918
386.44333
103.73816
441.34121
695.19972
470.02673
539.75806
498.15081
249.67962
307.90398
437.59566
258.89448
321.92226
540.72519
232.32998
231.60212
365.92428
385.44759
567.87899
424.56358
288.97135
340.11525
413.16058
432.96558
408.79738
419.451
628.22784
478.8456
497.20705
447.73989
542.2908
477.73185
246.28821
592.82717
302.69227
389.73027
521.23538
401.96103
313.58992
233.8489
323.09748
322.49684
381.52725
648.99709
250.414
215.3153
311.02551
235.16254
395.52266
282.39133
249.9077
297.16366
880.63777
331.87334
568.10284
203.75045
266.02422
143.08693
405.3341
477.36974
447.794
318.9907
473.95333
299.83652
623.11127
615.95927
295.5164
145.64737
343.27444
411.49495
659.38157
488.08286
251.22851
638.81989
213.3368
211.66652
322.20891
160.04079
331.27302
657.08125
361.82442
305.31183
321.05249
492.74059
686.68754
739.13993
507.68222
442.58978
485.53194
274.20152
79.617524
422.88121
373.61993
-46.300785
108.80996
565.36231
320.87336
376.23924
495.12486
581.94659
651.99714
505.5445
643.60881
177.46683
377.73288
541.20873
193.80485
199.68802
593.52877
272.96559
548.9376
457.22061
331.6288
191.46035
265.24189
414.75431
709.44456
675.74554
486.49331
431.15629
73.917127
150.22148
529.52053
425.35717
228.11061
619.23513
151.84261
248.44646
314.96833
383.10508
489.49095
451.28283
544.17325
323.00095
466.54426
620.93871
575.6102
881.59725
572.07973
196.4685
223.69671
651.51757
395.15703
230.84313
453.82416
468.51393
415.1227
262.98207
431.99246
331.70238
364.05278
277.21853
364.97453
359.80158
106.97247
428.08698
377.06267
211.57687
570.56209
390.71504
307.70172
419.67
453.31768
564.17575
523.86291
46.597892
274.22354
372.36607
317.81476
379.16724
351.06976
713.51055
475.71951
405.88052
544.89997
309.30347
278.32176
83.660407
235.45881
602.16554
423.31104
156.43387
403.81613
252.36335
-4.5475297
291.42519
218.41485
402.82411
386.18533
813.43573
334.56317
594.46339
528.48532
277.82805
255.30541
411.20899
395.73382
339.59314
341.07529
230.80622
279.42762
238.26835
110.33248
356.05541
241.7713
457.69727
489.7384
381.80496
156.71934
407.62521
479.94017
417.39992
446.8915
400.25179
432.37448
323.00684
317.01829
480.8188
244.00026
314.07548
90.246726
349.33262
452.52969
718.70095
237.36883
167.35132
603.70449
368.00297
424.24391
656.02964
720.31928
402.89184
370.46109
184.37448
422.486
494.77859
350.01884
322.29641
433.33887
359.57392
370.78795
305.91311
235.97677
189.33624
107.50855
85.860875
405.31802
691.18595
561.18134
454.167
451.38244
533.15638
545.76143
666.8065
549.94801
329.21281
421.49291
432.43227
533.72274
321.29374
611.04073
376.6246
466.7558
92.814284
350.65473
383.49331
563.05069
369.75063
453.66052
397.63852
420.25185
224.52289
293.04905
569.96757
308.6682
87.522494
348.07916
62.364575
148.16515
107.95579
127.58356
123.65863
306.40759
237.7267
262.56882
235.27341
240.37213
469.34204
387.73349
320.17041
289.9985
313.51273
154.9439
477.55361
426.22759
392.31324
139.61253
238.70691
461.75182
448.0762
24.231561
289.37413
114.27343
195.87831
351.75584
312.70994
433.05067
347.1957
447.7245
494.85173
279.40658
155.26628
244.11467
587.73351
439.2759
156.35036
340.64942
307.66221
283.16159
470.5269
536.66485
203.31014
377.20679
283.21091
146.64186
140.1451
384.06133
247.46012
324.53703
281.10406
31.416583
396.14518
343.97301
360.06736
357.29633
574.11758
574.10772
479.42387
275.86799
360.51535
353.00037
197.94535
368.28
246.17002
335.13152
173.64303
317.98552
160.835
144.27962
320.29246
135.01175
237.5707
340.22963
268.8181
596.25655
290.24544
469.32349
353.04708
125.65713
333.13718
637.87273
382.1424
346.49405
361.54037
149.39476
296.85968
468.56222
559.43978
667.32151
375.60865
299.19269
510.96406
461.48737
391.15057
438.64304
311.92123
322.77326
579.07874
373.49176
361.61052
495.60366
550.38578
471.40619
304.60718
359.88983
175.46711
245.09979
113.12252
427.93015
525.98613
149.79926
120.81286
219.45758
128.41853
-118.5759
347.51949
100.50391
321.37636
315.68886
288.98065
377.23544
575.95959
421.96464
420.96662
355.66999
166.22435
47.992375
225.30762
314.78462
445.61172
414.56654
550.81212
335.81354
373.23962
325.96966
484.31242
215.08041
402.07718
427.04915
553.47715
404.92341
267.97314
372.92342
568.54637
105.23234
493.8937
490.8854
434.82473
275.15838
259.68227
471.32587
308.52446
341.25575
574.57779
504.02912
403.46689
262.65746
316.06391
491.82291
254.41338
206.19571
176.8005
660.51461
415.42084
697.8841
670.58766
143.85598
416.42685
482.80726
522.27104
459.86028
437.61207
368.10015
388.76445
355.70008
356.05708
203.74207
401.95995
152.40232
193.81133
583.61987
667.32806
337.78241
238.33795
215.8687
359.06337
604.85448
555.28043
364.02786
450.91634
153.72815
247.88015
30.650177
277.42454
258.12256
327.57039
314.03155
304.27023
425.27212
270.66407
294.30233
479.70934
313.93551
346.31591
333.27569
578.31622
642.92653
383.47408
406.58752
272.57484
474.01426
455.53209
474.85513
232.38819
324.71042
368.99392
373.0044
272.9262
357.1813
67.516279
475.75392
494.04123
397.0722
283.37778
323.06638
343.59057
339.03028
420.88641
517.20973
459.61882
390.58771
540.13059
549.14859
221.59756
511.31496
595.38027
507.61233
600.9314
470.19877
407.82212
361.55357
347.3587
399.55703
289.0069
318.39358
217.32837
178.69493
509.06527
361.30501
275.94579
233.7269
-20.397103
491.24232
135.10585
239.23035
82.47952
253.04449
55.581434
230.36479
672.19506
478.45221
490.06448
164.59933
329.42642
324.13081
130.3394
310.59968
489.11885
499.35251
242.03585
272.45344
324.32857
487.12806
546.26867
564.43608
156.87074
515.91457
369.42735
563.04213
440.83685
430.55774
642.79147
305.53429
367.78815
190.98835
346.46207
394.46299
658.82142
311.43825
351.5115
294.25167
565.08053
358.81085
353.79585
34.366146
106.1446
170.02783
162.55206
339.80337
333.32709
391.26433
404.72151
321.84452
342.28553
533.95778
316.80084
601.19811
81.095192
196.19893
258.89991
243.09809
610.70662
525.47888
296.55381
38.133598
164.48499
280.72302
110.2113
564.88852
349.89616
449.68979
279.51739
482.1199
182.91339
270.65367
393.42252
-17.302013
86.394687
193.24223
250.55967
316.84943
491.05907
339.50438
466.44227
199.82653
350.62783
262.48788
427.7334
173.76949
224.34678
314.14188
269.37638
396.13945
239.00493
318.9
235.01641
330.03496
253.48143
464.96548
647.19371
846.33153
600.70793
395.27511
386.04242
580.7812
518.40998
422.17136
510.62812
601.47549
320.98672
316.72252
253.85536
657.23764
496.18916
467.26828
332.49267
533.58331
183.81748
335.25795
662.49375
435.10871
434.01647
125.76041
449.46939
382.86553
358.49988
460.00272
479.94399
310.79653
280.43169
318.41211
381.78999
453.43429
478.60749
281.84755
138.27002
531.00338
164.83492
308.53782
304.20836
545.07889
434.04266
197.71953
120.78884
221.60361
82.032292
165.81959
137.0837
446.74998
441.98443
490.69415
446.40665
510.23479
62.190558
329.432
345.77563
295.27757
256.54909
484.02353
252.64896
256.42187
628.68416
615.03674
446.54485
494.0398
371.98085
293.50868
205.47971
230.46741
428.30275
602.09039
372.17696
317.93783
323.49991
429.15856
409.65089
398.38869
349.14902
342.04186
306.57709
198.81535
465.36947
453.03113
773.29262
530.63434
272.82845
352.08135
354.99341
631.95928
485.57162
373.27313
417.47662
409.11025
345.67031
386.40458
494.09991
280.70394
-19.216991
189.40411
367.76747
168.91997
350.03862
114.7046
205.76458
338.97347
272.78965
424.84182
290.25851
192.7859
40.393082
414.09811
523.9741
484.95978
388.11299
256.86159
58.990091
336.81659
223.40211
388.37141
456.86927
450.00301
445.84373
300.48674
324.95903
333.50814
583.91009
297.00259
438.97982
310.26968
157.49289
499.00133
454.03769
409.1981
347.98832
219.27964
268.45346
294.38928
306.7335
45.675514
139.21816
390.05122
245.24395
432.93307
408.97985
415.92706
263.52471
139.05057
529.29832
461.20858
212.47411
96.302933
180.25311
365.99236
530.68337
353.83922
185.92085
261.16501
368.1667
284.66607
417.10956
402.50883
421.09502
203.92928
554.28522
537.81204
555.95671
443.31138
241.86563
197.82397
512.31191
185.04103
234.50759
457.78645
498.09234
209.24956
292.08509
393.61177
80.383698
182.72849
432.9436
506.07017
487.8638
510.81035
398.71754
471.45121
473.39758
209.05134
259.54295
292.86347
516.66187
631.09826
549.50261
592.0014
441.81585
418.43044
184.26264
326.00099
450.93824
382.21062
252.57663
435.11412
335.36307
430.29603
495.08757
350.26916
493.75956
525.83341
308.92918
212.52659
231.06604
36.129049
134.65847
517.38667
432.23966
187.79783
290.44627
305.3571
375.38428
317.89721
-65.039633
437.41749
121.94213
471.60402
190.83395
386.49984
360.96729
229.82437
361.68379
404.26958
195.50556
230.25709
561.57801
464.03623
617.36814
547.65576
232.21493
309.91793
243.92882
459.04052
445.05975
271.93398
134.73612
199.74778
365.82566
174.79749
492.56456
342.46028
229.61658
295.98872
441.12529
306.71236
287.43376
156.34231
193.10602
517.17183
596.0467
379.66347
495.78681
55.383214
425.34147
396.16103
479.2845
324.9527
355.17719
538.74688
211.64672
411.96827
574.47419
491.34575
353.33296
398.64352
413.46922
508.31011
122.35678
733.68354
241.22114
131.37539
390.70457
247.67935
275.43342
407.69863
365.53198
638.03555
173.18305
394.45262
420.78735
376.87799
326.28044
294.73359
242.78447
133.54936
192.91347
391.0811
269.23354
268.0246
217.60517
196.36491
146.93002
178.79561
357.77213
313.62097
381.4437
325.68951
628.41576
427.95073
380.15348
455.83165
381.16506
422.98793
275.2018
210.16418
120.10826
388.71282
552.38846
659.81621
603.87477
517.74358
190.60234
231.72723
188.14548
504.73794
473.58847
463.13028
438.18846
-16.533054
550.006
424.34566
358.14687
540.51077
192.38616
248.87803
148.87697
627.07365
206.9236
357.06091
356.50581
352.783
270.83227
303.3925
43.86942
381.05265
250.51668
272.89261
501.49028
138.69895
145.98115
430.45268
223.59811
504.99846
229.89749
503.70258
369.79977
357.62629
206.55012
307.97352
310.92051
240.84361
271.93814
597.20901
379.26394
230.60202
295.18897
126.71448
111.74195
376.80733
157.31124
390.60098
459.64072
37.236368
208.45123
277.0076
221.24441
155.51976
159.62106
395.32237
312.32299
-210.75214
358.47326
87.897778
-36.966229
300.79633
391.15776
175.32335
302.23476
102.21121
225.00909
330.45544
342.21085
403.95864
485.99791
330.77781
222.87699
459.21336
341.09427
535.99343
570.72485
371.02911
420.88433
221.73421
467.64953
410.57509
380.85415
95.63229
335.46083
486.37994
255.49103
416.36536
376.19421
356.45905
542.92869
695.84647
705.46879
315.05531
399.91152
309.2102
199.92756
142.11957
525.7699
297.0903
320.1984
149.08222
181.3581
251.28874
267.40002
467.21971
304.64895
661.98355
647.12141
202.01777
334.04329
238.51084
356.99567
380.59938
315.02985
253.40649
508.6215
313.10814
453.9161
527.37156
389.49395
153.32165
308.4561
384.30783
292.38923
-58.988398
30.25725
75.957009
332.06913
128.50339
386.37874
490.04781
481.69742
438.87894
413.3514
420.79292
470.70556
423.0804
686.41769
600.00953
435.5859
315.77137
291.71672
363.93358
483.35205
546.15294
527.66834
297.70737
346.50894
258.55373
192.01483
602.00552
591.55285
450.52373
262.27329
454.43735
489.77472
512.22807
394.7742
115.60902
448.05494
363.4063
431.43371
279.09802
137.10485
561.93938
376.43685
358.4847
361.96987
570.36969
452.8322
193.47261
375.34794
564.42133
310.47118
246.97575
245.00079
547.70872
444.8183
544.60059
234.05196
356.68781
387.90484
321.66635
305.92423
447.21934
529.18532
234.60523
281.82007
241.16127
218.84975
393.33269
340.13213
183.23198
247.98963
393.81144
258.70851
447.99251
214.58046
454.80861
273.7384
412.20804
412.02703
186.08645
492.84141
351.4069
381.72313
246.2567
164.24446
380.27395
164.8907
217.31374
502.52059
388.92426
329.42856
87.146787
327.3688
339.73781
502.84775
174.71962
175.34548
527.91787
416.3527
365.60456
190.17534
375.22214
373.23755
340.77278
232.44031
194.99661
549.68008
138.20192
130.11386
449.01718
565.08515
598.21795
469.08185
299.71256
297.8269
170.6831
480.85999
337.60801
324.30776
351.60358
465.61008
162.67886
327.02556
293.51875
277.34586
627.94385
546.46011
200.44333
362.75405
289.50506
333.62079
442.61246
67.250868
145.9618
582.45862
723.51564
308.90954
157.69109
403.46662
375.87244
412.92495
564.39702
341.81506
208.91866
660.93868
339.30506
535.49145
529.75865
587.59659
600.16147
418.69115
304.05151
401.6301
433.30393
508.81369
608.65913
347.30625
131.16829
355.15792
301.75481
430.58825
392.45629
456.78024
63.985081
209.86286
388.19364
354.69996
106.75599
511.95404
220.86668
449.76367
288.85185
595.08916
398.99795
635.96796
317.56369
421.87114
436.36899
764.52781
404.40114
288.1099
39.851857
657.84848
256.12248
352.26091
327.51061
407.75869
-26.591106
380.29934
355.65782
236.41203
225.9604
360.49984
207.69776
62.545896
43.808218
409.04106
200.22401
429.07946
248.43698
272.94226
380.3041
506.41257
379.44256
373.46058
209.99474
559.03453
579.47005
371.2461
385.762
531.12527
57.607028
276.08087
306.3843
215.22953
268.72681
150.95147
185.96113
299.91195
341.46571
514.82375
435.97161
164.88617
845.457
657.19079
558.46902
414.04476
381.66588
203.10514
445.95598
259.46437
413.43088
287.32899
261.4806
506.10749
506.55066
388.16835
353.63161
353.92965
268.05218
420.79023
209.38521
102.16812
197.27263
249.76358
416.80378
697
526.14944
208.25674
348.72858
456.96965
512.10667
523.01226
406.46604
572.37527
426.65932
328.56505
466.95071
368.59624
524.80551
534.56597
369.65258
383.73649
205.32072
379.97438
626.85245
526.67686
-96.51715
18.453663
171.44957
181.79749
381.61932
544.79441
370.65695
208.48062
354.40078
270.05965
474.67053
444.9915
233.88894
272.5059
358.11683
486.41837
856.27135
343.66665
236.00162
235.03514
326.68703
542.13062
535.19782
545.34249
281.68592
384.47744
179.88283
266.36103
701.84471
410.68797
468.61726
310.99891
393.96732
245.79963
573.06134
515.72955
536.30652
444.1063
80.196051
144.4087
244.8922
358.44853
316.47747
443.09623
280.95828
90.389406
400.97569
340.63359
368.22252
488.38221
218.56681
270.89991
320.46318
541.27436
502.5657
405.49598
525.8472
682.6294
539.26094
322.76462
309.47824
285.56813
72.001132
566.08887
285.19361
136.43581
406.89992
579.03526
158.94676
201.04886
405.25986
550.87958
277.26902
-44.286683
390.31587
463.58561
516.99551
554.40331
340.68049
684.78057
343.27332
209.16707
186.91235
538.51886
446.87532
628.24686
614.70612
514.33465
254.65004
608.60144
180.60905
529.84994
399.48356
302.33698
420.11484
190.29591
244.26602
532.1311
459.20967
308.10533
650.35122
451.75184
322.17962
154.23873
415.92616
93.737075
291.98724
453.13243
278.04167
464.51189
494.16311
307.78572
433.91693
134.44592
431.6794
533.01962
357.70102
329.46469
318.07859
624.45092
547.3747
428.63582
560.84961
444.50172
539.26203
373.98611
318.71913
542.55249
459.29925
643.62695
547.36601
364.95951
-39.173398
347.10585
548.80401
296.55033
324.02847
413.05307
443.6261
567.34798
471.47308
400.79515
458.7569
505.90535
437.75141
466.94539
478.23563
571.59494
467.92989
377.15657
495.23296
621.37617
467.69869
364.8784
518.24229
559.17364
464.14748
507.22461
196.14166
292.8008
188.55761
104.95999
127.53514
195.70575
700.86145
462.76536
219.78503
229.16025
233.30862
509.20311
423.47984
119.56254
234.42276
255.74058
516.07409
167.36561
40.077209
355.72419
202.69218
268.26343
426.43223
215.919
259.79237
270.48176
292.97007
185.53981
29.926039
174.75893
274.94586
111.27992
343.50052
312.46924
289.23511
312.51707
347.55514
429.9665
282.1218
265.91873
244.09992
496.65666
92.367781
275.20555
348.85508
390.77756
223.41354
293.27801
241.83048
167.90967
177.77979
379.10447
430.14976
323.19917
440.42949
489.04335
418.70319
372.18532
513.54962
164.34442
279.3729
653.97589
164.2619
203.28642
286.81885
406.49615
380.08094
419.35936
463.87933
606.52577
314.97841
214.28717
322.43265
366.21287
438.30329
401.63706
234.23586
283.82897
213.18493
141.04022
469.06185
502.80795
421.7687
619.12387
360.65467
638.17396
585.17164
435.28956
579.49618
579.55449
412.8594
720.25312
411.23215
323.91013
370.50236
431.84145
428.34555
502.58922
599.2009
103.31135
438.00148
286.16282
89.065014
327.85278
393.3171
446.61116
415.62897
205.3685
423.20295
267.4862
250.53507
107.69293
245.47479
346.97181
365.06123
207.11104
206.46506
348.07883
392.26131
561.25322
479.23716
357.54507
74.387567
342.76384
457.53499
393.59027
220.6748
303.49345
155.86933
202.8141
592.9205
291.01456
198.53135
451.7297
374.73171
523.82504
461.02439
590.87818
620.13008
534.47697
533.81444
243.22068
163.58239
258.57183
299.1599
300.10779
299.72097
409.26016
140.46099
244.4479
194.42769
631.66047
632.1381
331.99245
293.14994
197.70829
282.16778
490.88624
365.71848
477.31837
738.88524
350.35656
385.84259
296.75481
-86.05241
377.19533
278.11397
236.00349
367.54463
303.4782
313.16798
267.34475
271.80074
316.36657
579.6822
590.63238
272.84235
201.0129
485.20597
516.82889
289.2705
332.17725
582.30661
573.88447
625.47816
525.04585
489.75725
395.94459
496.53365
778.39537
515.1935
337.96975
247.62555
151.89691
352.33119
268.72633
263.04033
278.10198
371.82315
353.42638
219.30473
459.74928
483.64857
434.53602
384.97522
521.97659
235.76612
337.81375
265.07321
460.15849
589.77191
290.18919
216.87741
131.2781
493.28243
630.76482
208.89605
509.62959
50.753719
586.88678
362.64891
498.49332
468.58007
228.78962
257.60912
391.00222
315.53631
307.64277
349.31649
316.60947
253.23079
387.59609
563.18187
487.42877
334.65428
414.48956
179.74679
331.38095
525.86519
697.55077
568.99296
449.33813
212.17465
95.407057
333.58684
397.5481
718.70468
435.40518
386.52159
164.4393
497.534
116.10437
91.740125
290.785
81.621683
74.456211
338.9179
178.54387
414.16288
481.7721
329.71729
436.07605
376.42608
319.2714
50.143121
133.9298
410.27104
524.7987
644.67013
245.10019
360.61041
377.63795
396.23951
436.45187
363.75417
204.92545
192.34091
313.19474
168.4538
3.3982313
175.80609
373.47228
232.21504
384.75578
71.435603
284.33575
219.68481
366.23924
57.720162
335.1305
541.33527
334.44913
193.14627
224.94784
338.7438
223.09815
453.2564
201.49745
177.50551
393.67632
453.59532
487.85145
313.22611
528.51378
433.8821
330.14934
227.51761
154.91522
330.44397
441.35656
403.98439
459.7973
608.49971
530.09189
498.97643
530.90393
384.61365
299.66042
715.50086
367.70033
360.61422
405.56922
275.60482
359.44061
599.18084
536.18146
385.05371
466.39553
214.56097
536.74308
550.30538
381.41941
481.33903
262.84833
366.74134
260.54449
401.62819
523.48353
272.87195
203.83598
23.046121
249.03254
485.55493
376.98525
586.9207
454.20186
438.7406
490.90619
346.48091
391.33318
474.24144
333.87195
522.37919
472.72329
301.49583
244.75576
559.25752
452.13997
382.08868
247.35812
206.4714
556.1314
473.29553
297.94837
395.45692
334.54276
253.89786
546.23046
488.44991
443.88226
525.60041
341.89654
239.61446
449.83601
328.1904
270.75167
275.90127
481.70997
455.90196
131.88227
582.72258
467.01441
186.83248
195.57589
20.260744
549.96732
524.5206
309.84408
385.91542
355.58854
252.43666
303.73653
381.93046
580.61911
503.86965
452.63922
468.99689
366.88075
202.62861
421.99901
201.87366
72.95785
309.9534
248.32955
-70.932559
96.501504
268.69276
310.77942
272.76625
273.15282
119.39528
222.57239
564.64267
280.09188
487.62574
371.45614
503.41668
446.47268
173.90127
212.44321
398.66082
263.1684
265.9838
95.914069
393.00484
224.23739
163.39285
64.088524
122.74926
183.91719
447.02141
394.13907
208.91781
146.55287
271.05289
550.14627
434.1064
461.97776
583.84685
215.39654
574.3754
308.57935
197.25665
310.07399
529.25695
191.94262
285.18181
234.93795
421.03397
592.94208
-12.653664
363.36476
178.36692
77.394525
98.641833
117.65832
176.17571
262.75643
415.80263
102.62959
91.613654
350.42887
425.59713
225.50247
285.37377
155.77533
385.3685
364.6164
360.94221
396.69912
165.43468
404.80579
200.8078
234.49418
548.86045
378.5198
433.41208
242.5731
135.88313
148.22305
455.11851
250.17065
244.03692
97.445662
367.24173
239.51485
630.50514
424.17166
85.278619
325.0694
510.71451
565.76209
291.2014
130.20225
317.2134
304.17064
190.64812
309.5189
337.88728
113.72393
91.123741
411.54785
266.72216
-93.406221
373.24084
109.60782
370.2697
-127.38554
213.22373
298.73556
236.10906
258.63253
244.08516
299.91731
-13.257475
339.55449
169.95754
5.5052773
343.43481
93.993124
211.28386
99.517445
325.53014
257.16822
547.51335
336.41245
508.05773
371.70091
368.34255
507.36633
338.67314
391.08413
151.84875
219.30593
500.72995
261.23717
152.1309
567.58662
291.63099
150.41746
323.92647
105.06355
326.01177
329.899
414.55882
503.59992
229.24712
231.2623
281.00295
288.34199
326.99363
403.74885
331.26888
393.83818
254.18817
359.28405
525.83123
312.06977
388.14749
423.17453
57.455538
315.13764
331.39095
329.88633
278.24205
394.43091
344.04767
327.85662
677.57147
422.13193
394.80928
113.27688
235.71332
468.01168
348.15458
563.30127
677.57291
306.46038
615.77476
462.33666
185.93771
436.76363
465.22888
196.34421
489.44332
502.09908
426.33034
323.91883
178.30091
430.7813
188.42103
364.1923
327.74525
183.58228
221.3265
511.98554
418.42289
606.22185
432.22631
527.65851
352.11699
486.06437
243.74651
307.84024
252.74817
389.66037
273.88292
543.33394
412.79512
439.4192
424.11887
289.9776
397.10507
306.52945
362.483
343.10332
439.6695
485.02957
672.78282
589.78518
330.83369
479.71648
369.45114
427.11598
387.14895
337.74173
293.89053
348.37785
497.47292
369.98639
211.61373
270.43279
210.91707
148.44359
103.28125
336.27921
479.71016
160.03368
306.92156
336.77254
269.6734
188.13991
321.84771
360.26303
305.73127
247.07086
320.61018
477.41325
162.96217
350.44322
523.1122
421.8196
138.63461
8.06513
484.52811
254.45484
603.99423
325.13202
263.40252
405.54457
285.01113
352.31296
539.55013
372.32884
437.80551
255.33499
367.97351
230.97417
203.01136
364.71451
309.60355
675.90193
313.61181
553.36532
562.16883
435.48973
502.95328
326.52718
333.35588
266.30436
315.41636
431.12643
517.40965
405.89933
93.301862
193.28182
158.14882
299.26181
284.56119
377.06271
306.36745
471.66933
582.08434
455.44207
417.47948
461.83428
188.70698
311.1209
436.8384
276.74145
477.84216
470.53423
367.95484
389.61598
323.53824
264.24095
207.57496
286.00387
279.18649
245.87256
436.7282
449.14507
561.38391
189.68174
419.46597
223.92901
443.54178
419.04243
316.92063
287.3776
309.93132
430.16951
232.25708
404.55868
350.66584
225.93558
399.16078
433.38312
472.14344
388.46049
345.3091
360.07006
216.59193
544.27279
286.20189
305.05408
223.71023
426.58714
293.28172
447.99204
326.824
312.32629
432.55322
449.39833
507.68409
541.08326
400.37796
307.3973
525.08153
427.86517
483.26703
64.234647
405.14028
236.66228
432.30339
204.21965
457.85681
323.71475
381.25282
309.58429
501.00645
474.4754
376.8968
211.72192
409.32762
363.79457
189.08327
107.26563
445.11046
442.61276
468.85294
377.70117
119.19082
167.06916
317.12623
450.71189
365.6026
523.01687
269.98821
190.23644
411.96708
509.5758
332.31843
320.51218
601.44264
398.68234
222.38719
262.69462
244.0319
546.75728
600.06721
179.7203
229.57493
267.56999
241.38663
343.09227
182.43139
302.8682
443.2475
280.28923
279.0007
337.06975
283.31228
96.714429
390.39914
545.26559
439.86936
226.42014
560.01328
461.47968
301.52377
9.8885183
263.41468
184.75684
374.76254
424.49253
259.04481
109.93071
281.02093
224.07029
437.66969
427.95175
459.25498
383.28914
245.82539
95.530583
208.14094
103.92568
520.70789
355.03909
634.89368
583.38993
337.80862
601.85405
432.10463
554.97895
544.90133
290.81902
327.06033
396.0162
331.57951
257.6432
398.09262
214.70035
409.36066
325.58216
194.42088
357.40062
80.428279
150.20666
467.63089
491.89697
224.42425
245.39249
191.3436
418.16256
374.49258
484.65866
284.61189
340.66871
383.68227
468.6786
498.41775
445.28693
548.90886
350.84135
264.96667
371.3228
280.14281
603.27682
555.78835
424.56156
376.15032
328.30384
325.3952
600.35606
575.18793
569.74937
505.09344
315.44818
446.63137
295.36582
408.50954
502.00814
446.35315
648.92181
395.23898
372.9327
463.37355
285.88921
300.1973
459.75348
234.67752
372.17569
370.69591
345.04596
360.87952
360.51286
132.20692
388.09576
160.8435
344.39163
292.85972
476.45476
444.30563
254.07903
201.84874
597.75591
354.36484
532.66631
330.67416
238.63928
206.88236
401.85283
1.1823652
437.19321
182.84923
160.41149
272.09332
304.89689
265.67978
388.28202
339.25306
227.43589
326.7329
351.422
61.202937
424.60416
409.89687
319.90493
326.7559
215.1662
295.48652
414.95701
85.550517
261.71251
439.67305
483.62756
578.38288
356.52161
118.90741
276.36859
251.01473
299.16223
512.04544
530.49325
242.63698
438.52875
263.04088
369.60174
228.51297
580.30253
340.95358
.050403216
119.09075
414.64785
99.707131
525.7194
306.33988
302.50915
67.967595
291.64114
164.08957
601.17924
470.54943
216.65206
184.91251
515.2426
405.73054
462.86209
390.41826
404.13193
604.81217
292.74703
337.45302
500.38501
378.85765
473.00305
373.56061
562.25368
130.86603
159.22622
268.48057
285.42136
97.585047
352.97286
176.43598
252.56381
274.88561
264.10491
353.59168
267.16548
260.99007
471.44526
211.49054
302.64852
416.10554
111.31554
91.897932
538.12425
447.37462
444.99784
457.4939
388.93099
285.23775
429.3599
221.48588
216.82279
308.68791
476.63
608.89951
366.94563
513.01874
402.56471
480.44682
219.90977
310.26553
344.53706
606.23817
669.29862
305.91305
332.93102
426.37221
482.75342
217.2221
408.91465
176.12254
272.23208
336.2925
299.56285
384.85074
168.53172
230.38518
514.22315
219.4108
551.71391
276.09255
227.35976
186.90119
349.57979
446.1417
132.32807
219.74004
298.88751
464.25725
398.22669
709.44723
313.73437
247.50232
275.07793
342.90571
176.21156
-39.722643
136.86506
351.89493
241.82679
117.80073
171.66291
313.45114
328.58775
191.54356
409.05116
291.03241
542.47326
224.05048
233.0031
420.9028
146.01164
460.29484
407.71542
422.92248
576.54569
214.28569
498.47857
498.0588
718.90253
413.71583
522.91255
577.63017
457.20547
490.26484
190.75734
141.1099
291.81208
197.54231
235.5832
114.2011
586.27012
321.80988
344.90731
314.19215
451.53266
-30.057206
276.98103
436.07614
356.98074
233.24985
668.95977
424.18309
301.94533
144.81813
282.64114
324.41841
315.78609
548.59725
589.52079
497.50242
202.16026
56.169637
319.58647
426.68707
378.88205
458.70895
345.91128
308.58081
559.66982
321.69371
142.97411
177.6984
300.55892
410.61891
486.55344
272.2793
341.6961
186.66452
627.54823
483.53406
349.28708
527.22035
350.19429
148.18447
559.4615
534.7087
462.50861
333.93128
434.31249
497.93514
631.10572
581.88828
213.94635
251.77871
205.77685
387.9954
240.90923
199.27074
456.96074
705.52696
682.77517
359.44549
402.13944
383.30758
623.69643
589.37467
509.97704
378.50334
365.73277
466.23364
659.77216
292.30581
502.74948
398.97728
349.10533
324.35752
376.99627
348.44227
168.15389
279.49114
683.68722
553.38575
510.17185
713.23052
518.27695
313.81892
418.47388
403.19517
390.39102
318.40697
371.53095
459.85913
495.89628
781.83218
279.37596
174.60934
251.27601
285.61713
291.74355
649.0991
424.56449
364.2877
435.97128
488.20642
506.37051
350.96143
322.79752
279.26517
452.80212
298.50282
367.02999
153.14824
225.60992
232.03757
327.06405
229.68621
522.67319
395.19498
355.54999
264.47937
486.29491
477.93879
323.39212
249.0613
115.82271
263.38116
391.91664
248.32339
596.11872
481.61638
483.4589
181.92942
396.07791
492.1462
441.07879
506.61723
559.83016
619.06659
399.26346
390.19549
324.53251
436.04673
253.88509
604.79425
410.00377
409.09303
439.58444
402.44823
297.42158
102.66304
300.2521
244.43867
339.35602
365.39448
450.13081
603.3497
521.89662
225.63837
228.47024
572.54095
523.26527
290.47365
475.80081
294.89667
457.33504
653.04739
412.02012
488.37197
363.94236
327.02189
372.94896
656.4967
756.74042
462.6059
514.6836
228.18164
308.37098
13.374309
351.1441
450.11991
327.90652
369.71646
308.16508
121.01
347.65988
368.9274
385.50029
398.39169
371.89238
249.63422
331.1693
596.05133
359.88677
302.10676
291.17982
205.29667
129.83032
210.32262
96.615333
173.23362
378.80601
330.99507
58.71982
544.56101
568.16506
283.25774
159.47407
202.76043
143.73968
34.34497
224.02774
377.95731
307.00683
502.08143
353.00083
86.237456
322.46846
356.4692
475.79901
455.9088
273.75933
389.03248
189.45413
578.43258
558.36656
523.99378
281.66638
40.596585
382.3154
192.36886
330.76279
348.13594
526.64045
189.14897
447.64422
474.15787
313.16066
364.47963
227.57983
365.2098
556.95521
347.79846
608.78145
638.27626
417.90947
600.31835
380.1328
128.09358
242.79693
226.31232
643.91728
645.8756
207.10613
246.68915
599.9943
208.09411
161.93465
517.17821
413.73038
398.16851
327.49574
371.15604
268.59386
547.7102
526.37099
674.21868
523.72411
371.73445
177.6717
213.84163
354.20476
367.20308
233.70764
263.83337
386.73631
152.61806
325.26474
392.13601
463.54326
507.95659
292.6257
306.75139
241.0455
382.08907
288.47743
341.56466
258.70597
256.77398
150.8936
327.39607
154.0997
502.93727
328.65055
162.50499
104.35456
346.58674
239.24007
506.23438
490.14382
211.95001
437.7606
511.23299
285.17618
278.97614
76.440765
450.31041
474.18221
454.61193
333.95284
45.061797
151.81114
495.5813
625.69782
69.050384
29.514445
150.48918
414.02409
416.24744
653.73494
381.36673
545.93529
329.6468
302.27467
440.82108
370.46843
444.9936
262.84736
367.21245
218.41778
445.90268
608.0494
320.145
165.7869
460.29476
358.76103
252.78611
219.48853
202.49479
244.48605
411.28724
548.54261
598.31886
511.16366
444.97579
436.56184
559.8533
488.0849
517.44609
406.36638
688.49969
133.47188
123.78763
-193.67642
233.0883
439.30034
337.87228
226.55967
467.35984
527.12762
458.56199
619.56806
795.97347
568.14224
656.1992
581.01547
518.74113
325.408
475.44485
175.02862
243.99956
573.98655
491.16179
365.11946
549.4456
609.99753
396.12822
466.24626
386.55851
369.08586
360.9695
393.88371
330.48073
147.71411
392.79128
524.04547
274.65259
514.09136
322.46472
100.47387
379.84567
607.1727
449.1395
504.38901
304.65688
165.55358
275.10386
191.45402
444.26605
548.03717
460.90847
340.86673
193.10829
214.8409
310.15977
339.13501
504.1778
231.58862
544.57172
375.24665
375.60866
563.43299
248.56853
438.58577
206.00573
307.70711
483.94042
238.57066
414.05074
268.99914
263.0309
294.03338
315.7751
336.00009
489.44882
246.73824
323.85725
583.84428
377.0809
449.98475
317.17126
256.79821
401.70563
618.1128
557.0629
636.52489
350.79408
480.60083
285.20075
317.57911
311.79483
258.55909
152.77586
313.26964
171.95456
248.68955
504.1649
647.47244
385.43945
266.33839
395.10903
407.74961
470.90961
478.97563
144.88896
184.61695
415.43414
469.47331
395.4561
441.70725
427.8007
497.44088
568.50956
548.89365
608.06095
643.22424
625.03637
238.03048
232.03407
444.13629
18.482666
351.28448
194.03233
239.61811
562.92254
448.95858
360.28017
357.89054
612.34527
251.05684
321.5576
415.96055
309.93048
333.37589
388.66432
345.3229
335.41038
475.02914
492.16298
429.62089
594.13445
438.09686
539.88553
318.305
575.61033
74.216126
190.42269
387.19903
515.17877
473.58386
129.33325
549.44494
374.47423
191.52636
233.28582
432.49465
434.59217
359.48014
430.53563
504.97315
132.494
284.55557
308.35589
212.97541
706.40353
232.56288
299.5967
315.71873
268.98917
77.646087
198.8246
164.60299
573.53088
388.233
214.82702
405.62957
129.67584
284.02029
297.4439
293.13667
353.99057
370.23425
381.54267
218.56065
104.20592
85.702175
333.40469
317.09781
297.22295
448.06415
51.712142
322.81435
286.52199
204.24892
448.33435
472.02058
390.55644
698.91547
444.63399
347.25923
543.55885
308.10184
468.50096
243.47817
347.67514
411.06036
337.35525
484.76686
326.96394
243.1303
357.96072
-13.505493
294.23262
529.26197
425.91528
239.38464
160.61491
169.93162
362.22234
365.87474
470.90023
497.87019
477.68626
388.98143
203.72338
198.65316
372.27034
331.6939
275.32534
311.55783
338.13882
376.36489
328.60288
296.24602
317.18959
222.8207
439.59292
258.61902
385.75264
244.86026
281.7554
205.32192
318.35601
325.07194
342.38405
505.67969
503.93765
501.83927
225.67017
227.3629
199.36535
522.39355
486.14685
396.61457
385.44594
238.05491
479.3178
652.52399
323.91
7.0810753
297.0862
217.47934
378.2183
292.88524
280.1333
232.72678
139.91525
477.11221
145.84393
248.16805
430.82637
391.36143
389.66567
341.6125
114.72149
435.60147
19.097356
315.49023
545.98377
363.78239
359.02514
193.99991
130.11165
124.90766
289.03486
431.2453
274.81295
335.56292
569.61283
502.85619
578.30579
481.61311
300.64237
142.08462
283.08851
470.46584
590.91617
571.66131
561.01181
242.12465
51.962097
300.92093
492.27201
225.10886
365.02698
427.69687
120.62349
328.54403
276.83949
566.6629
396.5702
477.59265
550.94911
345.38371
112.77602
456.35669
478.9
425.40331
590.7526
466.93314
492.64933
318.47976
313.86241
335.63902
417.05532
438.20308
444.5196
279.45393
574.35084
477.95586
330.83102
292.84574
264.50077
378.87693
398.25595
432.28582
360.50529
372.15592
349.62193
106.00842
439.54642
497.36076
339.00409
351.06398
382.59421
230.15122
326.19424
402.91202
75.93196
360.05191
391.06317
420.51282
555.12747
475.551
408.25691
320.29742
320.21753
217.95468
579.75441
609.92456
348.64713
527.11086
368.63718
228.22814
298.79193
66.793727
462.74478
364.99107
-65.124324
302.24719
235.76891
176.12783
165.45
163.1686
177.06173
362.46505
99.237246
255.07694
259.65862
348.31394
442.94461
524.41961
446.01863
174.91314
356.61479
252.52677
409.49725
262.44752
287.56555
287.12517
147.29556
424.32983
264.64793
480.99234
542.36608
386.67754
403.64951
396.06803
505.1537
680.05399
684.84
258.53588
308.90304
536.28888
433.15873
348.53002
400.49737
274.7696
464.12128
57.952643
495.65612
236.68655
418.60643
128.45265
161.09751
424.33254
425.62744
338.34294
421.56282
473.9892
421.33076
413.27274
219.94087
358.34859
403.08071
339.61041
379.18856
388.3238
271.99219
286.88218
476.11351
528.80589
339.14256
229.46775
186.67132
-241.73219
411.47379
371.6646
522.5814
372.41414
157.22736
-157.01896
-28.337142
150.92543
456.8538
243.93867
182.73047
285.63197
0.97697681
43.372918
41.988012
-99.157455
211.69255
377.60006
255.84006
430.05907
265.82524
139.68104
275.99301
61.457418
258.28667
-130.53456
167.60982
138.36251
142.86272
286.49972
227.67839
350.24269
219.3171
273.06337
-56.109036
548.13968
511.31867
408.42595
516.11375
328.11159
401.63956
536.55229
404.76804
183.53515
119.12152
411.5392
413.50263
262.57083
145.72685
160.85128
264.73199
113.15466
291.40369
339.3665
582.70294
511.36018
742.80711
331.82391
207.82564
355.38876
517.43528
250.79542
296.58046
361.97806
398.88552
290.76965
-42.202175
334.01919
438.45385
244.2
331.65751
332.26847
435.69785
272.53021
435.94196
431.10394
365.5215
310.40245
279.35475
502.15779
634.90952
653.69358
521.08172
533.66853
207.97371
426.08822
316.48486
651.13811
281.9541
244.09567
304.42756
501.34234
330.26835
472.23816
291.76535
408.91238
173.34008
128.20128
342.45563
248.01118
391.26063
498.00219
429.32557
34.086224
224.33786
524.15004
365.95307
413.87262
323.61234
302.03382
-47.457937
193.83525
365.88423
510.05366
425.5614
282.93916
318.06501
312.67426
361.52902
422.5945
515.35502
573.67723
249.69246
289.47678
384.33427
294.19178
346.12174
606.04417
518.67019
393.27496
363.66283
417.64067
593.93233
609.76871
296.20584
694.30798
481.49548
228.40007
242.60254
318.08886
264.20828
429.43088
190.39098
234.24627
173.71396
183.66286
273.24061
103.97862
341.7216
314.8728
234.70922
394.75845
237.33034
128.4575
312.4876
317.17663
100.5021
-130.17259
365.39809
334.3259
342.0478
247.40928
220.69881
262.2925
429.61303
395.64776
381.43825
199.60819
22.940835
342.31609
258.19649
140.55117
53.297785
120.96916
209.90998
110.14399
291.44745
187.57261
300.68274
467.05879
480.57676
218.41609
408.58416
332.35651
550.10459
189.66146
576.69693
478.24061
313.68802
424.77003
165.31493
363.3012
434.94706
129.08184
-23.801263
326.67352
451.79444
544.71422
208.37897
139.1978
222.14412
362.01805
111.45706
343.86953
613.69911
490.70889
433.38091
222.03069
147.72144
246.00202
400.02249
518.60705
615.82599
411.73176
216.45081
369.7528
504.13695
270.49543
382.22457
254.27591
410.24045
208.34203
195.79907
348.54327
413.4209
330.83495
450.46498
697.74739
344.32825
433.29624
477.96488
540.64908
726.13905
410.44857
348.76528
500.41937
328.16658
296.99303
199.37298
387.22636
220.05137
320.76095
451.90484
181.41535
427.77567
297.19736
383.60571
443.92566
245.45702
606.61918
294.06442
79.545263
41.665102
403.00135
247.29195
502.0651
166.50973
370.44039
17.162362
199.74054
216.1579
297.117
467.53154
383.17196
131.94152
434.62411
335.32502
407.06975
313.97328
262.72905
320.62952
308.54503
519.79431
556.39942
169.9968
385.55023
261.46768
559.08843
395.05237
527.67706
253.04358
426.47498
406.3795
451.05131
180.46071
402.28612
410.82469
377.80713
531.56575
323.66016
117.58208
437.39146
320.4809
201.97381
30.08174
205.68295
412.77289
485.25955
229.1906
415.36831
725.00878
381.65333
463.75163
480.63685
577.37432
322.24815
262.88388
428.31532
319.43362
107.30267
147.89384
384.62742
380.63042
119.11683
279.50577
200.69299
372.28966
167.85283
304.58243
359.1862
539.34311
398.37304
533.141
309.57859
331.23138
466.83801
608.78551
348.16475
261.92531
358.76194
323.168
374.21531
401.72445
288.34791
326.11042
358.27827
232.76562
337.19968
383.87999
451.48261
383.36595
568.06401
308.33829
296.67887
212.56647
414.26326
653.49304
342.38796
504.12967
333.02565
458.31775
298.802
481.71572
255.00626
241.88754
303.11255
256.15462
436.50533
367.85516
301.57498
269.01578
320.90576
354.30114
538.70584
405.08852
211.00967
338.97932
315.70015
319.94224
431.11103
275.91807
324.35244
555.21379
413.62974
276.63831
259.77745
319.18839
453.3311
371.10308
247.87511
626.69064
405.78315
356.42446
339.17387
455.86882
457.52125
370.74294
413.33192
575.41557
662.81277
200.05292
245.40493
407.55184
488.07306
327.96202
377.87328
348.47792
485.95141
607.349
512.60166
581.7612
319.437
418.60283
303.10426
374.78311
477.68146
435.16248
367.64328
472.23317
536.83573
526.21417
482.43115
466.97147
466.45915
543.49911
488.41746
445.72823
420.92533
508.80059
221.21754
258.4525
205.36419
201.2362
407.50588
541.342
358.21213
546.59544
65.90201
199.68732
197.09625
233.12278
447.60123
217.01766
437.92588
491.15859
309.69775
295.54936
286.20922
151.7702
-0.7886838
251.25822
593.63645
650.40499
406.60814
430.42399
277.47517
272.45191
367.01057
456.5884
450.86163
504.33128
94.701432
3.5157336
232.39066
229.7065
150.62621
419.46453
328.19066
450.92579
573.78873
575.63398
751.86233
617.24359
241.74514
104.59237
262.10329
248.89566
426.94268
466.18782
114.72276
389.79139
154.46511
467.39725
667.82573
198.49212
384.03421
234.93942
371.55419
390.65554
491.88851
263.02532
326.83833
220.75165
421.16926
281.26705
221.96042
377.62968
635.18898
584.82787
382.50305
457.50477
308.98768
316.03636
315.16749
358.96152
606.21691
423.13326
243.38745
267.48785
321.1149
484.08647
337.83706
427.38258
336.58305
246.3161
395.09501
544.47228
791.63137
453.21326
441.41968
690.39425
406.38053
312.17312
295.07599
234.79234
27.228049
238.27878
130.99244
74.962252
12.539441
351.60739
149.79175
402.32337
313.97122
380.11988
571.71231
97.245633
428.29665
360.58302
334.24027
382.44922
287.76045
272.68382
417.27614
314.8257
413.56504
529.68175
471.93475
455.75628
490.69177
344.44709
504.79774
522.78697
128.56594
261.6056
294.80699
284.65991
340.71707
266.47342
266.08284
477.03854
267.64904
94.107812
263.37008
135.88474
277.51596
197.56524
333.29989
533.41992
381.99451
326.03866
356.09434
406.37062
377.22225
394.341
373.19034
446.95306
569.35697
239.48382
618.61013
289.54115
671.10046
469.14356
504.31
447.0314
306.52816
361.5746
170.05384
462.95207
479.14897
272.27944
536.34869
385.04196
388.64455
287.49535
370.94868
275.12388
378.75135
230.59584
342.42503
385.08621
324.22517
314.94815
290.55752
478.12023
204.39431
290.29171
313.56415
435.70272
382.02932
507.08839
520.25882
263.20786
327.70537
473.2942
459.20073
517.41605
150.64649
477.82012
389.61935
443.69897
301.42627
194.47841
304.86362
445.8384
250.4611
209.47494
422.71077
381.43383
54.186043
436.9273
101.34065
533.7259
234.21125
472.39749
222.2464
203.0143
558.14348
378.01616
386.36482
498.29649
562.56011
540.2908
301.68969
232.3273
427.69913
412.46027
155.41731
320.79764
273.8005
468.39757
308.13143
263.46976
317.18092
418.35096
647.93398
351.84436
451.58467
9.9656577
465.31459
291.24646
279.88265
347.02571
444.73442
499.87071
365.65962
138.25798
-33.639505
160.64413
440.5494
443.91515
315.70599
454.02821
177.36374
208.40996
417.43673
161.05536
389.21347
377.39651
167.86376
663.64546
191.62995
79.434683
348.90521
488.96044
404.90658
395.54097
228.96101
402.3198
287.37338
380.15634
382.00333
553.5862
414.2352
499.00791
266.47129
538.04554
684.38952
433.98213
410.04999
474.08992
374.25257
374.11457
287.83189
371.48363
186.01893
-16.708887
249.34096
388.1957
320.41029
425.43747
332.71168
360.22755
207.07868
365.54657
32.014208
169.48484
311.10839
373.91565
351.95171
265.82805
-15.999675
423.3175
417.42799
510.95637
660.75345
641.02319
401.69444
496.78642
357.34365
309.55322
92.951995
362.30474
503.7353
313.22301
234.90331
495.08988
492.08947
429.30954
330.3057
455.19131
505.43
696.36382
457.29426
462.03015
415.94134
293.6888
261.13758
254.66577
307.31085
414.40289
274.36316
560.75274
558.01198
501.24513
497.65034
532.54132
407.78359
218.85586
421.94174
531.38715
347.66787
171.32218
444.05472
471.62252
397.12523
209.89326
328.0561
502.74439
564.76093
516.10163
505.29587
433.72726
478.2468
681.43005
307.53335
305.10188
308.52971
374.52177
421.68357
301.78732
568.8738
548.41896
132.52449
203.7147
445.70703
520.0928
432.87953
608.4496
318.09745
319.72755
166.89363
343.18357
269.96743
762.59409
605.89666
654.05373
413.54144
408.61739
354.4449
258.45919
480.02425
608.83295
271.91754
353.86588
345.88484
554.78666
432.96592
631.09762
452.56997
280.04618
377.46697
586.48006
329.22494
424.22314
492.85579
376.2178
355.32365
367.42473
87.337188
321.40844
340.77948
430.24956
476.9053
352.56328
323.38326
406.69915
111.20165
451.2296
382.64093
378.26064
216.25719
568.98372
444.89712
515.73005
443.71031
-27.543396
324.37775
296.30681
245.33943
493.83467
252.30757
302.27206
174.86562
292.60134
475.81382
699.07271
257.14497
264.87329
217.71807
253.68134
259.53378
344.03654
354.94341
293.72329
-6.1440974
312.8692
217.02679
107.09216
227.51856
191.7066
236.32237
273.91414
630.61238
370.57433
229.19201
476.29304
516.70798
370.35917
421.8651
371.88881
447.24585
584.40844
369.96813
324.42098
187.83708
399.94115
630.68876
616.86698
416.9728
-1.1727664
261.77741
356.24128
636.80177
493.82434
157.15229
138.90844
293.48985
596.06736
366.74545
134.09368
188.45041
152.12
429.24416
319.44059
341.4408
160.73344
253.25026
212.84509
506.72171
268.44985
385.87159
317.33546
644.35509
420.27051
463.36708
394.95689
255.93316
651.37394
324.55157
191.75767
358.9416
301.22621
410.70744
479.68436
200.0502
135.9522
186.51006
170.72802
206.7479
584.73543
412.4299
302.7771
242.74894
283.90889
383.80623
519.875
534.78427
103.53365
427.78726
345.21952
210.36645
334.12301
573.81534
460.22532
140.29335
466.05073
213.03304
656.52712
275.06991
490.30669
560.45019
409.41905
175.63351
191.60093
314.32426
493.37146
346.6792
253.38786
500.26868
383.77502
268.88603
317.12595
350.79547
220.1043
532.68099
417.48357
347.51651
253.81422
307.30104
186.13471
261.31288
521.88243
549.1784
537.46945
498.3175
602.38644
323.3151
374.36645
376.63665
508.08206
365.98354
646.89394
355.61894
616.56317
351.25637
245.18
357.12025
306.94113
484.93326
292.74233
-49.235107
228.74903
166.96375
298.65221
512.86704
529.30073
397.7681
339.39619
454.16121
258.41847
492.96502
284.81725
217.53766
258.68386
231.06477
337.14582
385.63006
185.33763
197.53932
254.30285
398.43038
476.33091
251.40846
-146.4489
64.40778
360.69685
271.52916
212.7559
469.82722
554.17471
234.91486
181.88017
313.00176
439.63374
324.39052
228.33145
266.59748
249.93355
208.38114
412.89332
544.10838
444.51035
343.23672
307.06196
640.56548
457.2644
551.8191
804.39852
433.0346
-58.245342
352.16059
449.41497
588.17548
306.10119
521.69369
486.06081
397.88793
454.5188
343.75007
410.33534
713.67419
419.11725
532.72067
312.48316
367.91021
468.07601
419.27636
375.29163
512.14315
410.12939
556.94025
543.27263
508.59123
232.8005
249.91452
537.73946
551.38744
560.35098
266.84105
565.52888
276.37235
637.60787
554.32481
618.58006
186.92231
220.37251
265.04317
442.2434
130.71528
252.82839
197.52407
549.41593
263.35376
409.53474
376.16681
183.42294
516.72829
330.94825
377.25184
424.97261
420.9647
381.81573
321.85667
336.22024
411.54733
458.05738
582.02635
401.04313
573.89126
557.84362
569.32649
427.19003
130.32405
579.64189
379.83512
308.21365
401.85213
415.99851
507.00413
591.2818
323.01207
319.55891
101.68985
263.1303
298.52298
319.63728
332.95005
427.87154
425.85704
410.68049
474.00198
335.67079
370.74844
273.45272
365.84126
366.61233
141.44616
319.55045
395.35288
340.39747
385.15004
343.53525
309.23365
479.77474
508.55665
397.96991
395.12439
518.38395
243.03324
736.8166
447.90723
568.22188
294.64109
184.96588
295.43727
471.5218
555.30833
544.73771
225.64135
400.2365
175.39047
53.683305
561.09119
250.74386
408.99752
429.42709
429.40749
461.0994
300.96113
390.71318
261.74109
343.94542
274.22036
246.57683
149.55757
329.41504
426.11655
241.50332
372.55045
424.44706
230.54458
320.44597
314.54328
146.00702
466.02849
337.66673
403.99409
298.86026
333.71641
289.17146
335.84804
127.4176
308.39325
499.32503
547.95746
233.17084
195.10669
302.19653
430.29544
304.93941
632.7848
617.53815
403.07989
485.02026
391.38317
501.03631
213.08658
452.43486
614.57873
622.08753
557.24671
661.45126
553.52082
483.16314
826.35641
513.63701
271.67819
636.30287
404.47144
455.75396
508.51188
468.74331
582.11826
401.37607
322.07631
403.90142
513.76042
455.74541
393.6617
308.51491
478.56962
441.04886
449.21491
175.74917
582.85537
286.77779
420.68898
201.89707
363.04611
562.11066
557.86081
514.87433
341.39059
361.39467
245.24069
358.97578
543.57509
309.11546
490.95061
382.02364
236.98319
327.22925
125.68591
245.86992
313.36427
236.97231
222.68643
471.22686
350.37691
335.69921
396.31273
371.53567
295.43711
490.04594
516.28034
213.79214
105.417
533.01303
40.92081
200.17528
131.38423
279.55553
501.33346
485.91058
554.83334
297.13216
335.81375
239.91558
258.6076
232.05608
741.46916
326.39984
421.36458
316.13015
415.41875
455.22913
297.06039
254.0353
166.77371
270.91999
562.38295
584.93505
469.24013
300.52199
252.07352
364.21199
483.32315
381.2526
359.74485
421.8295
431.16713
84.166199
418.597
397.02782
630.78303
550.31493
453.06851
533.95128
541.05706
603.67208
528.55079
613.8284
276.96356
187.05114
567.88769
-26.267381
413.45312
358.94957
284.74788
230.61712
456.936
191.50806
406.79246
245.26289
141.49001
320.02848
241.57075
406.07028
274.00046
390.52824
396.97534
271.58621
100.0758
259.16894
426.97732
105.09533
270.86232
289.40458
554.77147
242.61389
484.32344
425.37223
465.71946
451.94434
639.61228
562.38609
211.19214
466.15317
297.58735
214.06002
426.0623
314.81652
212.54524
29.273812
185.64662
219.28905
304.11042
656.47893
368.90379
519.8866
526.10239
350.02187
330.03499
549.92144
178.22901
338.19308
178.47311
263.82747
534.77492
492.84303
524.86135
369.54943
518.23912
537.595
317.13753
277.62508
176.43207
4.0056522
139.3936
471.82412
462.76737
174.78632
438.61922
200.09539
375.74607
260.40247
333.32825
198.69072
438.98092
68.937594
183.11056
81.556687
219.58869
314.05189
469.08908
363.71543
486.09743
252.80522
272.14692
195.0134
244.81625
303.99003
318.5634
419.17997
506.97254
459.87651
189.66622
198.55061
215.87885
269.28599
317.91948
281.41913
446.71934
204.63697
329.87042
269.16195
261.86793
203.88318
268.00492
179.02792
291.44874
152.54928
283.4605
258.8702
512.56677
350.58408
189.14971
400.75357
266.30558
14.498747
463.45548
793.67771
519.90602
210.27917
366.77106
443.19185
451.03636
504.00616
282.02479
491.66954
343.70828
533.57726
661.84372
237.03137
405.38831
356.02576
250.30611
249.5787
334.19282
357.94708
383.02459
336.00599
365.09098
285.14821
310.77099
-26.206825
180.2878
223.56279
301.4198
406.73686
23.804798
261.31534
286.37754
289.77462
360.43016
239.7184
22.510844
-56.397622
194.53251
141.45814
145.0642
165.50067
332.5927
192.97812
275.36012
420.33076
417.81382
251.40809
363.93086
317.9095
60.088671
381.4822
239.7135
239.43625
318.33293
326.34116
375.01193
133.50865
443.0628
242.014
423.12718
218.58967
401.8778
311.54441
358.59722
544.03141
542.4836
240.26388
146.6215
448.04986
334.6802
244.54836
266.15957
573.07654
314.37563
97.382788
158.29836
367.98305
467.32638
329.12384
420.20972
496.71726
441.98121
76.749348
354.66509
425.46709
651.68857
43.994159
123.00422
189.74857
222.06499
511.354
463.13121
310.06174
325.00488
137.24647
55.501677
67.588571
441.40852
130.46421
499.67172
310.69771
442.32731
196.39176
398.35764
145.00687
53.606012
307.58532
215.17183
371.26527
118.40828
95.465463
223.03847
329.16844
323.83311
-54.543404
403.46489
43.635168
228.19994
288.85841
-40.610782
297.82932
368.57983
467.63162
308.23974
420.98021
55.805075
100.15822
243.75894
389.14585
333.49289
333.66494
659.08655
412.72025
446.04811
487.27381
348.88922
82.137515
152.77843
220.95531
296.82084
295.96133
279.8309
316.82261
463.17165
403.08273
147.07522
194.17454
343.31159
507.04307
650.75003
415.18081
396.66836
402.7528
383.71085
318.37623
481.05516
490.46672
422.3816
250.62981
104.21248
463.53594
481.34749
275.37307
276.2827
249.14217
481.66864
333.14502
457.73392
295.58427
117.6383
73.261358
401.1496
500.82342
454.90958
305.78763
174.83376
202.2781
209.76683
222.24597
288.86021
213.84055
339.05354
45.525857
293.06331
179.57447
259.05258
375.90227
126.28476
238.28167
293.10882
378.41003
473.57774
566.88846
386.55328
460.06836
569.95635
395.7443
301.43267
349.0937
350.01755
220.99875
358.02309
176.3911
357.67475
235.1477
478.63693
370.42941
76.198871
221.14915
375.67493
305.09518
457.15545
418.791
54.459243
524.40065
214.8794
489.79083
349.24699
167.5329
416.43846
371.83611
251.11854
195.82478
574.63277
763.30346
478.99378
152.02258
40.321303
481.99237
482.65004
388.2555
210.86415
113.16403
-29.126719
155.97576
226.35758
504.74525
375.85832
301.09578
343.30142
409.70725
361.74275
439.04128
124.73955
136.4743
405.44181
548.24989
510.29626
488.99254
270.20786
291.61461
275.27176
436.41629
351.9398
663.5361
338.97389
337.72254
442.30653
272.11858
212.80961
152.70993
368.70249
296.76297
479.19703
521.66978
297.01309
177.82122
244.12869
146.14449
209.95461
226.94945
485.85722
238.52354
408.19927
392.93281
543.92716
422.10579
342.92329
497.71685
575.13411
298.34118
198.15834
292.89612
338.25368
5.8905599
286.36975
176.22966
458.90334
59.812659
375.60925
328.82234
272.75906
218.79511
319.20746
471.46744
337.088
420.23122
458.39521
319.78479
562.37725
414.68144
357.13044
424.32268
447.08199
343.28289
441.46649
542.92911
482.48289
452.3696
536.71691
314.97317
408.22036
546.65496
471.32641
716.12273
474.42971
373.52274
173.38199
305.22233
565.3354
547.23415
259.75929
399.61777
363.21608
284.0418
369.90981
347.83103
388.89159
113.01177
312.21923
472.60588
357.70941
102.16379
277.65925
411.94747
474.7796
342.45479
532.86501
403.73709
9.3747699
346.51173
326.18186
391.09228
348.99604
362.17913
277.61828
331.93538
348.27113
384.60666
312.77384
390.85326
333.40924
372.83386
442.33966
350.99471
467.71505
526.83689
449.57964
284.83192
280.14985
255.32006
458.37144
479.14763
478.58204
257.38906
409.67796
380.53697
497.38812
404.80271
398.33767
280.24208
386.0824
305.95167
177.93149
119.8885
624.20172
41.383579
224.86877
42.164097
362.61706
586.45852
429.66517
524.42653
374.97909
404.1347
472.10319
442.86171
502.69205
392.39616
520.97167
578.97234
502.37114
328.27757
368.26165
104.98237
279.62602
523.8621
475.2762
514.10454
562.75435
146.24612
323.1735
415.14349
239.19584
294.53799
292.74009
306.6536
710.89579
253.33408
600.89834
199.55873
140.8874
523.48263
453.17772
448.33023
180.08666
240.85989
343.09256
312.802
381.65604
335.34425
286.40624
444.46825
96.739811
98.587988
296.12719
343.83358
262.04004
638.85314
425.16321
481.32129
184.10671
470.91145
342.61852
143.78474
233.52156
515.60043
454.86185
237.54291
208.08285
263.48212
247.18282
509.81131
246.43934
428.10032
129.07859
382.46976
290.42442
479.09735
454.88255
590.36866
539.89162
253.58561
399.80505
500.26558
363.28883
668.42107
458.4497
623.61642
180.13026
645.01251
470.58377
387.49343
396.0977
394.53346
336.40525
416.38529
400.24012
546.04324
561.93297
306.17672
448.69546
55.394387
534.32884
281.58485
532.24088
313.38304
247.26469
389.57856
260.66284
209.30308
426.48601
284.83396
616.96751
313.49321
475.83864
638.02017
145.57881
90.130984
288.60203
373.31407
275.60748
253.46231
260.23092
169.38284
66.110475
85.691154
182.46706
389.21019
324.17881
536.18814
452.8236
385.96544
352.55115
474.27168
489.33763
272.8298
185.82023
232.43971
405.98358
249.68313
491.8048
436.06172
312.0024
385.83052
215.24235
401.49762
527.05431
563.6858
866.34394
408.67902
186.14334
190.18368
466.90831
465.46592
153.54033
364.91478
504.64467
483.75375
434.62779
477.87776
484.58522
684.28184
460.53905
430.08472
430.0887
467.49622
712.40401
481.43469
635.52965
461.89894
298.45188
372.89388
452.59103
345.3541
365.28308
359.22983
684.38401
274.15524
433.52882
259.08538
452.66444
453.43191
279.7843
189.04033
129.28531
379.6707
449.03342
141.01559
389.09213
85.313231
74.03025
281.13246
496.19251
317.50043
436.30316
409.8806
370.7154
178.40463
355.83683
471.98152
343.74366
320.61113
370.7728
177.26798
77.737844
389.00589
314.05951
451.07035
465.93949
389.99621
535.12399
418.6347
226.15227
401.90614
388.98763
551.5793
614.79118
338.50983
544.72939
336.27861
187.38205
441.99598
403.32053
254.49313
337.64342
395.48553
-21.632668
148.15343
342.07266
229.14545
346.60116
521.43429
123.92017
281.77517
558.44209
484.14066
390.36799
256.02217
317.92968
636.69354
371.4684
504.87348
416.50989
131.52829
182.00086
401.04559
334.05294
355.76358
512.08511
479.79408
509.87597
269.26073
340.66589
664.93043
527.63877
363.13265
315.70428
341.42757
191.9687
415.26175
283.25836
355.19398
573.2003
493.44016
367.58526
350.88609
245.53297
541.88368
408.61374
336.493
465.58502
485.14876
316.60314
340.96814
384.51171
493.11488
616.13495
316.62619
446.14696
489.71734
444.8874
319.62926
493.61866
413.68754
443.34245
463.36399
582.03643
767.66841
353.66434
285.5631
237.26684
349.25938
202.32675
551.91835
400.62888
472.95904
281.98049
230.04454
524.66239
337.74793
335.05723
158.75135
384.05816
119.69588
328.70305
110.87537
399.47279
271.13335
358.57409
266.03353
430.16735
390.01119
367.66146
238.87783
444.69748
388.18327
470.6327
171.11856
210.94409
305.55792
228.6546
134.84312
293.43904
300.57172
682.5846
435.23725
166.50066
268.38388
348.24885
80.976624
162.09413
280.32202
615.10713
340.02536
233.62997
372.07847
438.84468
335.38677
549.88676
244.43431
504.66011
220.96768
242.13534
250.69645
489.3216
109.75322
323.46766
450.28578
308.22156
466.62282
574.28071
305.62126
247.21785
254.68808
450.31064
334.80833
409.14045
581.18206
529.61303
307.89879
289.74692
521.07607
380.44728
463.57073
591.41779
473.24312
249.10706
195.3996
372.35111
393.2011
212.21693
425.53135
466.64039
411.15394
585.43579
283.90505
238.18743
568.95999
492.79825
435.451
466.27766
328.81953
188.72969
317.01465
237.73959
334.71878
449.78334
399.3923
602.31055
366.53324
551.16157
375.52872
345.88433
410.22471
578.41221
344.61155
527.91788
263.59406
405.59789
269.50397
239.33097
619.96988
634.6909
549.48405
458.62822
521.23751
382.85158
284.87683
500.19464
499.45157
259.67832
470.444
351.62108
478.76174
378.0012
293.03793
411.60085
343.89541
329.18184
358.08083
257.32186
393.47029
617.26837
716.83505
560.3662
577.45616
344.19461
502.21677
401.55409
433.65909
607.4586
498.83858
376.28271
313.68399
697.32655
571.05851
397.58612
380.34278
529.20627
306.01657
266.83172
326.54833
369.79854
17.786301
347.69932
479.85854
480.53126
81.608138
36.559302
484.8803
405.74957
176.2982
500.33071
100.49263
528.03154
265.73083
325.38555
699.55254
418.9249
288.3279
297.97245
141.198
457.78759
270.19792
612.65067
396.63175
371.73105
368.5098
197.22181
296.61565
552.95211
26.924099
408.20583
454.0551
463.63344
332.21129
0.37806334
45.10714
303.31146
352.75617
302.86121
455.2824
167.0348
147.41432
358.54516
456.02584
325.44108
390.46375
209.45458
64.005469
321.44873
208.64415
366.29514
328.26957
609.46639
598.58018
385.97204
428.96266
301.62128
240.93334
311.00383
393.93536
441.37156
274.93056
221.4502
565.49402
342.37679
482.54975
192.51792
506.72822
245.21424
202.51967
578.01665
367.0036
395.37622
235.82747
302.80637
368.89483
652.19379
664.27774
320.66544
344.62586
204.69582
513.93961
605.08128
470.43574
495.2355
532.32287
449.2653
339.79945
377.21245
280.72609
439.17434
400.3642
364.68003
306.54237
330.54263
209.13028
415.94909
447.54577
589.35087
474.09063
394.48181
189.64327
251.25105
346.84583
757.12323
481.13994
196.12491
-28.122448
340.17865
454.26726
707.28689
412.90621
255.52895
344.80813
260.48794
442.52309
539.80295
524.5321
536.8631
378.36755
424.86843
384.40363
314.6487
243.32849
545.66228
493.31698
281.55584
272.24038
148.05729
291.90826
316.90387
544.32481
429.24531
112.35621
417.25216
432.4055
640.27596
509.55954
434.18872
304.14392
380.45068
495.09066
517.36697
233.28033
590.92629
373.55161
352.40106
510.9258
418.68779
263.85313
208.83521
466.57923
378.24238
369.49158
220.83337
208.35426
224.227
248.06
44.666839
238.38121
462.10187
439.53546
390.17016
399.77916
360.52164
305.36069
165.1836
489.96152
610.72116
503.65521
172.36189
356.24998
210.504
129.58412
244.62364
360.34501
334.86361
388.39952
213.15612
290.1337
164.69847
104.5162
92.72053
252.28321
264.93197
285.58801
508.54431
540.20107
429.77574
274.49542
336.19769
469.00398
313.48259
516.86604
326.95649
396.60575
570.53638
603.06048
523.37377
163.83676
160.51815
615.0798
519.69692
158.99867
536.28355
550.396
453.39161
567.99515
583.65534
346.43481
525.29891
466.85632
818.17726
462.95987
315.31626
586.69827
222.39284
490.39838
441.70384
357.73261
453.74881
472.13624
177.76688
437.30787
560.24973
346.02528
247.63821
353.6321
246.85743
363.95321
210.59932
367.76653
434.95448
382.6843
108.1727
525.81576
253.18955
351.33318
78.939883
386.07314
365.55903
333.98306
333.02661
552.69
375.28066
421.1664
348.99559
365.75822
186.88394
208.28139
264.14538
354.33692
137.7504
356.79988
116.24677
368.38081
246.46066
390.27933
383.84299
283.07618
130.34487
166.87016
163.89523
195.32034
301.03328
320.65038
272.11418
50.489325
190.14576
225.82627
470.68606
390.58994
562.35959
248.37357
66.122604
51.591418
625.59424
299.55996
494.93669
372.16993
161.96967
212.45204
398.75811
403.63119
382.05176
365.35877
428.21642
392.70934
198.92404
362.21636
65.790891
386.94623
442.82375
649.2309
687.91325
343.16474
363.72012
45.375028
74.292784
363.20813
297.73501
159.88959
230.89723
130.05725
275.66923
385.53321
304.57531
295.86363
310.90691
322.05043
271.11865
366.62658
256.91864
416.80889
507.21273
292.66845
159.19554
393.83932
400.32867
575.71834
550.9345
320.28027
254.2506
81.912247
30.684621
266.55663
365.86919
495.87635
650.36884
345.95005
288.14007
179.74237
304.73887
400.72168
157.43113
239.18209
204.80528
367.14581
271.18669
201.55431
249.40238
290.23436
362.66879
506.94126
683.0031
606.26644
639.56543
469.16467
415.78188
483.9057
473.91605
474.13617
280.51525
420.15948
442.68289
453.40309
452.94179
256.05975
345.66431
448.71789
360.60615
306.86741
124.56279
101.38266
402.30856
448.91097
531.56739
474.93117
695.1573
241.04493
471.69964
253.39674
562.4949
275.09357
324.27415
281.7142
171.48628
173.49356
468.52104
375.98134
498.44041
233.06535
483.83557
568.13503
483.42246
242.94341
95.514747
167.32037
229.02317
267.9539
330.04744
299.38887
521.41983
340.43596
50.530049
92.274802
396.49072
208.44251
234.12128
414.88574
277.77932
246.82747
353.75364
80.181517
232.16459
266.86874
578.89645
524.54703
743.12643
485.80614
306.85111
409.12019
427.40892
268.06007
556.45507
650.30043
-32.6056
398.57249
166.12822
551.54764
534.42273
120.8137
338.60264
302.59442
559.85652
451.11586
288.31441
368.36466
358.52842
158.0744
393.73541
276.09505
294.91642
336.22338
617.67852
363.12929
170.38747
492.26941
488.28652
390.83964
282.53169
391.10003
202.99863
287.68602
469.76479
493.92228
543.13824
337.94675
403.90339
243.87986
327.97056
488.61841
519.74189
188.96876
540.31335
471.8773
381.62921
167.29785
134.60767
159.84994
264.17897
379.8143
332.66115
291.54532
206.21735
269.69544
560.73885
421.25594
425.47541
510.18551
249.22009
283.05929
246.15487
428.98741
544.38759
530.4931
273.62052
565.82795
394.97891
170.39159
568.40544
392.51678
494.25492
346.17484
472.27138
628.26401
344.78645
91.318408
326.61578
267.39916
144.84551
233.26192
256.57494
254.56408
396.154
368.4214
291.84809
298.00771
131.88113
480.18743
575.60605
534.67969
364.75907
325.89374
375.56118
355.80869
219.47569
269.65877
206.35155
323.35889
251.68565
434.67258
746.39729
280.53741
327.34368
308.8751
277.28044
364.09768
377.4245
506.61704
442.29644
397.26868
480.01903
388.77439
271.04739
452.5804
610.05662
298.52819
479.03026
277.8575
18.298742
631.12302
237.53728
129.14164
227.58381
446.98845
281.1434
304.68002
277.90005
299.38318
450.98823
250.18001
241.22552
252.34462
466.67587
168.62442
363.12572
443.42862
421.78712
385.7117
316.83294
451.11118
385.79872
360.36053
441.20065
360.13214
494.75097
220.61587
324.06458
387.83437
120.71513
53.434553
272.19906
492.98498
504.31058
265.74076
505.12652
360.17838
409.60853
387.74834
528.49295
604.23219
681.48274
348.97107
501.53152
222.95605
331.09313
240.37351
292.86599
331.11196
214.58931
123.12595
285.72271
405.90329
354.44064
425.04606
289.55276
334.63502
224.98147
268.59275
353.64869
499.31615
202.22323
472.53944
427.50448
229.28169
328.91078
251.55676
217.8415
301.84814
440.01161
265.97425
213.63051
290.16546
261.35809
531.53802
530.49381
539.51023
285.52314
372.39569
390.6368
276.08119
216.99745
462.04945
431.00204
380.09131
145.20766
363.24182
570.238
461.36169
318.33577
358.78073
281.24219
270.05127
218.37965
219.69977
119.74003
633.12149
620.31028
606.64275
455.69634
298.12006
466.25226
259.18185
366.48301
348.48078
250.91752
207.34717
74.468501
194.27296
100.9405
311.15547
332.35195
377.36409
187.87776
283.02518
347.12568
392.26437
433.26309
359.62139
401.07899
523.79174
511.62586
715.43873
822.97888
573.90784
449.09594
367.89058
306.70309
176.76878
500.09673
352.69611
516.96615
125.50937
334.42256
212.53826
214.52401
369.71511
573.43486
477.73926
467.17847
461.49064
179.14206
428.29508
247.13454
454.5788
327.3988
273.98826
30.43278
-188.94871
28.846437
199.94478
233.26118
191.74782
362.09143
267.23804
489.08804
250.0176
76.614766
267.54431
19.358177
415.67846
490.56577
295.68495
432.13005
288.02425
582.31122
504.54286
102.47589
186.81004
367.6911
386.9418
528.49803
350.52133
409.51013
522.78524
429.64731
378.36916
238.38648
587.02598
328.04802
586.78217
294.27269
396.18828
370.13894
393.40538
430.53689
647.7033
330.6825
337.47205
258.2394
306.35748
211.76148
519.43421
320.61384
458.33579
387.12682
257.52719
181.57236
275.72691
265.4809
137.17457
353.19801
234.57061
186.49644
406.85801
491.75877
540.79812
134.58285
350.72386
321.73738
255.43722
295.53164
340.42945
81.952765
182.52962
270.95153
368.74212
292.521
178.33708
195.75282
585.43668
483.69705
360.57271
225.13097
241.65136
67.139078
366.97355
336.20353
320.37607
176.55391
-17.184634
-32.294753
319.46847
385.11968
406.89657
280.77628
129.61179
235.16513
200.5979
330.60706
334.82432
480.49482
579.88994
320.03945
308.12202
364.55695
337.99494
338.40163
289.40411
548.09324
541.14445
497.66728
404.94386
366.97963
522.28011
294.16942
360.71593
463.18675
644.24949
306.78768
234.01126
320.55224
238.12892
369.01512
468.38039
395.7767
494.2582
517.78082
286.4975
363.50112
268.07467
409.11363
476.71885
221.21074
223.58697
210.66849
141.72019
449.02221
245.02585
429.74205
247.64703
318.65185
445.72972
365.20214
389.90866
452.69664
250.79181
362.26741
445.15687
287.82498
613.94928
643.62088
294.14326
327.55985
417.55791
149.01782
435.7518
467.06468
381.36953
415.37527
228.95161
290.77794
288.00505
296.21725
157.99601
343.30828
350.67191
387.88503
455.8596
409.53663
295.31615
194.87715
366.58199
179.7435
99.630401
208.13606
32.130202
150.64612
382.84547
364.9393
240.78881
346.68302
131.08234
402.30502
340.10815
795.83879
444.43105
255.17068
354.30146
448.41141
479.43796
330.0717
340.65572
372.05516
64.423326
282.57007
370.75249
467.99234
163.07851
282.79392
114.31188
208.66851
209.01548
218.76288
279.13502
85.877034
289.6731
232.842
216.95568
300.61894
187.76356
240.29084
237.60365
350.69401
348.44704
288.79721
166.3834
335.89133
310.73726
539.86684
488.06207
480.80605
355.25539
424.08673
359.58597
443.60434
222.13989
354.99329
546.39819
301.76322
434.10577
529.25787
400.58199
309.59064
407.74497
437.23677
413.49673
350.6688
69.631612
264.73372
214.09692
339.63852
335.21219
371.97603
192.43702
343.45521
436.04491
248.32212
229.32933
462.42565
621.99005
302.58625
329.07511
345.02256
351.62798
416.8302
412.43924
407.03456
313.90902
344.88912
472.44068
257.75755
550.75474
490.52818
229.02179
409.2896
446.21259
222.28239
127.72799
507.26396
491.55343
393.53915
149.27175
471.41383
337.213
275.37113
100.48159
418.61766
382.83123
310.96291
380.89995
-97.962039
324.09516
346.33995
397.9925
101.98269
332.26274
363.06112
132.03155
353.31198
590.79197
264.9354
282.11031
352.2823
377.71319
135.06006
504.93416
739.76517
372.17831
460.0229
365.57175
238.50194
481.84061
575.42
294.61009
283.48996
245.36222
286.93749
528.5469
481.88489
438.59852
177.75557
362.43504
259.89784
420.2032
453.60872
618.18368
378.85186
716.93311
508.37492
260.20807
356.97846
364.99199
609.68864
387.68044
536.63137
328.46438
351.3402
622.75169
317.1888
515.64288
595.47987
282.16705
323.9847
341.84264
264.01124
275.9461
412.02702
385.85811
181.70293
509.67156
774.09699
714.85261
293.8398
156.00981
429.24988
159.03599
261.51334
445.47964
552.35917
462.45586
116.59819
426.19398
717.02012
572.06483
400.75602
307.27995
266.42853
476.2162
505.9296
290.95275
676.78536
451.97495
302.98007
256.19986
256.31234
335.11763
204.21237
560.60593
441.9934
431.38665
288.36472
395.21338
278.32212
671.99746
375.07073
505.63201
711.9826
547.89798
328.92083
327.46671
455.18934
370.58886
299.56597
744.32635
575.7699
387.26558
367.28294
282.97492
488.39104
389.12831
583.63405
387.99088
327.84585
237.83113
277.80853
441.87621
271.73723
358.35041
465.29463
460.39691
236.32226
429.14914
322.63724
365.87055
391.90724
