697.66668
1118.0462
1306.6643
1759.2313
1876.003
2003.5276
1655.784
1540.6757
1212.9101
1139.1611
1152.0471
1456.8723
1479.0308
1747.3092
1671.6252
1384.2481
1303.3378
1068.2964
1498.1255
1307.0953
1659.8395
1561.7812
1455.7574
1086.8525
1577.9004
1670.4755
1445.9786
1350.8759
1579.5852
1672.5017
1446.5457
1473.4033
1340.2281
1265.5006
1456.1609
1390.7426
1398.3572
1335.0316
1356.5843
1416.5248
1204.9978
1551.5526
1410.4388
1454.7396
1784.1526
1367.3678
1536.6122
1476.7124
1387.9461
1503.6122
1237.4256
1280.5185
1508.683
1526.5215
1642.3203
1596.0131
1360.3713
1336.6342
1330.1898
1447.646
1502.9022
1543.6187
1490.378
1352.6007
1216.2125
1460.9987
1625.4227
1633.9552
1790.1466
1444.532
1351.2532
1342.8133
1595.7794
1549.3544
1540.9567
1351.89
1371.6562
1511.7089
1614.1591
1436.2375
1349.8773
1699.0874
1420.9943
1424.3771
1415.0186
1447.3834
1116.4025
1565.4078
1608.3669
1521.1871
1431.6422
1553.2042
1416.3545
1708.6105
1487.7814
1381.8996
1479.32
1442.4221
1369.6436
1507.2814
1505.9714
1387.1106
1447.4614
1377.1992
1216.1119
1519.91
1321.6334
1389.4498
1356.3659
1429.5014
1229.7689
1608.8101
1468.1239
1332.3124
1291.8865
1260.626
1398.2053
1466.7615
1413.616
1375.0417
1359.7522
1423.0364
1556.8926
1671.0518
1181.1892
1424.9228
1254.9664
1227.7481
1245.1919
1443.4762
1462.6345
1258.8786
1209.5225
1239.8902
1293.6218
1735.2378
1602.33
1594.2437
1663.4456
1528.4119
1427.638
1594.6192
1279.7906
1681.8909
1543.4493
1628.4799
1650.2142
1431.091
1624.2378
1358.3604
1532.5484
1651.6328
1557.8062
1381.5691
1187.4176
1368.2646
1452.727
1458.3893
1399.5802
1836.5066
1586.3672
1600.8474
1397.3971
1567.2556
1346.5762
1311.1001
1341.6049
1438.619
1501.7577
1480.2229
1529.6772
1332.398
1463.1713
1592.5003
1543.8542
1559.4647
1546.7402
1394.1244
1188.8044
1311.3059
1556.9607
1447.2863
1384.599
1400.6657
1642.9286
1576.2769
1482.6132
1596.3852
1520.1638
1488.9983
1471.4182
1486.4383
1499.0672
1506.569
1730.8591
1775.7765
1504.5354
1417.5411
1277.936
1367.0617
1564.3688
1398.7869
1778.0806
1531.4354
1569.4268
1614.827
1584.2864
1666.3056
1690.3739
1458.508
1401.0204
1435.217
1662.339
1519.4348
1521.0897
1526.5553
1426.9907
1398.9511
1638.3116
1662.3665
1723.8445
1573.1983
1516.6585
1267.0374
1515.8083
1563.6794
1637.979
1568.8622
1453.5766
1439.4502
1329.8368
1456.5763
1364.2543
1621.6111
1450.0531
1346.8221
1612.5801
1477.7011
1475.5923
1737.5531
1524.7958
1489.923
1490.3019
1406.0244
1394.9217
1521.0615
1621.4295
1627.7228
1786.3986
1491.7795
1413.6556
1291.0132
1206.9029
1713.5683
1653.6389
1693.4009
1459.4851
1502.408
1542.0474
1582.9596
1483.3763
1611.7468
1613.667
1553.9687
1795.8941
1524.4956
1545.2642
1727.2812
1380.4446
1171.9143
1058.1639
1354.4456
1459.9724
1541.9827
1607.6546
1287.9412
1466.3255
1429.2325
1444.5686
1594.701
1590.274
1580.6291
1818.3224
1544.8099
1477.1663
1623.0674
1548.038
1760.9157
1382.4651
1568.9499
1723.9006
1294.3293
1484.4494
1562.9899
1418.2214
1695.49
1660.8925
1417.8272
1593.1001
1436.1016
1765.9385
1614.5334
1178.1021
1582.2761
1366.8983
1517.0354
1451.5543
1711.4242
1295.3295
1242.9104
1390.8572
1273.0306
1216.7833
1542.4197
1634.1438
1580.5002
1465.5132
1420.016
1641.1349
1705.5751
1864.6082
1705.0828
1690.2678
1596.0568
1537.0739
1379.1619
1228.5674
1229.6889
1547.0442
1450.7481
1482.9475
1591.6324
1550.2296
1643.4387
1304.357
1542.4161
1535.3174
1587.1207
1618.7789
1600.0483
1528.652
1423.8158
1632.2503
1748.2593
1570.1179
1515.1559
1661.8253
1357.9895
1462.7959
1728.9738
1734.9503
1480.184
1410.421
1233.3916
1431.2804
1611.2671
1501.806
1683.9177
1475.6553
1461.4979
1363.2797
1306.1814
1632.1886
1375.9509
1623.6459
1436.9125
1365.5815
1590.5224
1653.8608
1235.0048
1312.2652
1261.0519
1606.2278
1642.2195
1704.0943
1227.5638
1386.3254
1335.5513
1470.9325
1533.008
1575.4744
1571.5531
1438.8707
1769.9946
1416.0724
1643.1868
1606.984
1427.6601
1658.1169
1477.4522
1418.3183
1542.6687
1832.1487
1515.1363
1665.8167
1408.9151
1553.0712
1666.117
1570.8271
1678.4637
1479.985
1339.186
1466.6969
1505.6432
1745.6228
1418.6865
1611.5922
1492.7808
1400.3043
1385.2181
1387.1403
1536.5142
1718.5186
1278.242
1533.9199
1631.0723
1398.6945
1388.9648
1383.1006
1452.7475
1291.7739
1438.1593
1542.7779
1519.9775
1405.0818
1516.1458
1297.0548
1752.2731
1428.6199
1425.6797
1439.9679
1640.1294
1555.9089
1891.2015
1547.7165
1377.0142
1378.714
1522.1643
1504.0781
1564.339
1381.8205
1545.0406
1622.9474
1435.3472
1658.3326
1469.8171
1490.2956
1581.4018
1508.8614
1431.0441
1608.2084
1412.1019
1620.4578
1539.3912
1606.0984
1279.6205
1449.3662
1485.6269
1586.6406
1484.3471
1342.3627
1558.4784
1357.4278
1632.748
1572.2903
1332.5387
1288.9902
1294.1029
1338.3009
1475.2507
1315.7195
1545.5501
1318.8873
1501.9758
1244.672
1269.4483
1376.3422
1423.3881
1528.0228
1803.0917
1732.5676
1297.0289
1470.5375
1452.0009
1708.3529
1450.8641
1644.8615
1261.3815
1417.9569
1437.7771
1462.4627
1430.7714
1328.544
1003.529
1333.7191
1426.129
1023.1105
1823.7204
1252.8757
1353.9714
1464.6015
1495.343
1643.6077
1374.0426
1608.8275
1545.9536
1634.092
1506.1009
1447.5757
1624.5127
1389.5381
1450.0047
1332.9325
1427.0119
1836.0396
1665.7277
1702.0338
1389.7645
1433.4861
1266.8845
1663.4593
1735.5292
1696.6692
1605.3146
1647.7298
1498.989
1478.3003
1484.2101
1476.2415
1612.0409
1562.1076
1421.9174
1560.6699
1273.4104
1284.6356
1473.935
1597.387
1570.0884
1481.2805
1440.2731
1252.1369
1487.0286
1290.6823
1361.7143
1255.2745
1553.1676
1796.7325
1647.9262
1569.8027
1544.8385
1404.5715
1261.6873
1289.1314
1141.6965
1502.2038
1186.1023
1324.9232
1470.5557
1618.3863
1482.9063
1449.6727
1675.1293
1653.7664
1356.6183
1550.7049
1410.9866
1672.2876
1529.7389
1450.5631
1541.8716
1550.5321
1506.7132
1579.7345
1491.8005
1352.6427
1513.2637
1581.1221
1668.1087
1333.342
1571.6971
1381.6846
1286.9535
1434.394
1622.7593
1612.3885
1662.3955
1445.2683
1494.4084
1318.2472
1618.389
1355.6247
1413.9052
1288.9472
1523.4076
1618.5408
1456.415
1406.1467
1231.3703
1453.8061
1452.7547
1421.0674
1432.8202
1438.7359
1523.7132
1541.0919
1370.264
1487.2007
1424.2818
1531.3851
1356.2336
1295.1906
1434.3812
1462.0606
1430.1434
1712.4333
1585.9735
1585.028
1575.7408
1396.3264
1531.1183
1339.3433
1607.7329
1544.8902
1493.7809
1316.2957
1400.1846
1326.5632
1163.3768
1477.9189
1527.1758
1383.7339
1450.1469
1445.1896
1336.6613
1553.6531
1509.7867
1371.3057
1554.0442
1633.9377
1542.902
1383.0709
1372.2088
1391.3765
1679.5736
1790.3096
1580.0721
1502.5635
1405.916
1860.0056
1538.6153
1350.2191
1537.301
1602.7483
1521.0733
1653.0354
1564.7542
1567.6209
1561.7232
1672.8751
1367.7031
1371.0334
1470.9115
1541.6157
1482.4283
1449.7285
1654.3659
1410.3431
1169.0925
1375.0016
1592.0694
1473.4649
1666.6536
1597.1894
1524.3082
1703.5079
1571.3011
1514.2389
1804.2107
1538.7474
1484.907
1187.5921
1468.9756
1607.2453
1483.7632
1355.4877
1547.3373
1670.2527
1375.1587
1433.2397
1385.1776
1278.8652
1558.8262
1785.5711
1461.2891
1383.9925
1457.0929
1613.2496
1708.2294
1228.2553
1769.9278
1656.3513
1410.8049
1710.6634
1508.2519
1228.3762
1443.8496
1501.2818
1575.0593
1380.9485
1202.2208
1518.5656
1388.3087
1670.3924
1370.745
1431.8199
1314.0834
1485.7147
1509.3706
1603.8427
1685.9324
1526.9457
1343.8423
1408.0206
1304.7393
1456.0341
1364.3038
1631.9928
1337.8065
1329.0702
1384.8379
1697.0081
1410.568
1359.717
1386.9714
1312.8494
1488.0706
1457.3733
1457.5407
1643.6948
1382.474
1481.5574
1272.7746
1556.5783
1517.8532
1641.4609
1509.3144
1381.0123
1325.2332
1307.2145
1582.8067
1758.7963
1590.714
1560.6752
1528.551
1321.5571
1616.8721
1424.8153
1588.1975
1512.1393
1461.3333
1495.1854
1403.4567
1724.3347
1571.9762
1549.7567
1353.5201
1665.1985
1438.4452
1378.5505
1571.4572
1548.6469
1718.8227
1336.1016
1345.4476
1496.5187
1422.8289
1829.7975
1468.7388
1567.2586
1679.6851
1477.2752
1512.1471
1563.8396
1862.268
1477.0614
1221.53
1180.7064
1379.3595
1430.43
1231.3838
1134.545
1487.5469
1316.6117
1665.5141
1381.4872
1436.8744
1532.1529
1425.7971
1233.4215
1562.4189
1510.909
1463.0851
1577.2984
1448.6982
1657.6177
1334.6157
1617.6376
1476.9042
1345.7064
1347.2589
1729.7824
1238.6548
1742.5637
1587.0946
1494.324
1356.8227
1490.6713
1471.7995
1633.7389
1431.0848
1445.0627
1428.7849
1543.9488
1317.8517
1834.383
1749.3747
1724.8495
1723.0509
1525.6765
1219.1378
1363.1423
1746.81
1263.0335
1409.5488
1486.6926
1423.7697
1618.7469
1558.7234
1468.8585
1519.32
1643.0107
1609.634
1575.8803
1287.5852
1489.1859
1341.9963
1648.9763
1187.5956
1642.7009
1537.5243
1480.0805
1574.0379
1378.4593
1506.915
1495.1166
1639.5238
1414.2146
1418.2381
1381.9911
1546.6895
1289.7162
1692.8118
1666.3046
1453.3762
1604.8822
1435.863
1520.4793
1593.9797
1562.9195
1529.0158
1653.9684
1398.0012
1383.8419
1337.051
1623.9699
1633.4154
1568.8938
1720.5509
1329.0586
1403.1036
1544.6951
1450.2819
1436.0736
1389.2318
1618.6139
1505.2888
1325.5216
1379.3129
1576.8323
1733.1469
1669.2249
1454.5796
1691.819
1405.8745
1265.3967
1527.2282
1715.4397
1569.4421
1581.1555
1371.5585
1475.4708
1379.0754
1313.1756
1463.3747
1513.4426
1313.6751
1357.2429
1445.9273
1387.3558
1348.6614
1639.1639
1656.0883
1435.7954
1577.7222
1599.3648
1582.9401
1472.7313
1304.295
1407.0957
1435.0195
1475.1501
1527.8755
1604.5288
1511.2305
1292.0056
1333.0376
1639.9348
1703.3129
1429.5402
1405.3452
1392.7021
1423.3301
1416.7589
1683.5469
1468.8646
1498.2383
1319.2001
1283.8952
1707.8329
1347.1956
1449.0426
1331.0058
1751.4682
1813.3678
1478.3507
1512.9773
1685.1126
1306.1934
1580.2379
1652.2743
1595.9155
1426.253
1375.8972
1483.3947
1634.837
1616.5241
1558.1866
1599.7594
1326.1512
1497.1897
1859.7231
1551.2386
1485.9016
1545.3531
1359.0626
1347.0973
1492.2415
1333.0939
1525.4963
1413.3995
1475.0331
1616.0166
1574.2411
1546.2425
1345.466
1648.416
1470.9119
1586.8633
1599.1847
1579.0928
1425.7736
1465.7057
1597.5277
1616.0461
1460.5446
1604.7302
1607.4812
1489.4911
1352.8938
1392.7505
1455.3035
1681.6977
1526.8316
1655.4182
1621.0166
1523.8695
1496.7369
1404.7263
1459.2462
1418.5903
1761.5767
1571.3418
1695.1919
1617.5109
1408.6865
1359.8637
1656.6438
1474.0524
1813.5035
1650.7497
1730.7643
1508.7473
1439.0004
1561.6835
1666.3317
1631.4637
1762.2512
1670.908
1650.1003
1557.6858
1429.9061
1511.1095
1612.719
1372.3188
1562.3475
1739.2412
1581.2388
1569.6136
1610.0224
1431.3049
1611.2004
1456.2356
1532.6167
1329.7797
1789.0228
1433.8307
1551.2928
1409.0599
1588.2894
1542.9539
1753.5282
1582.2025
1524.945
1657.6148
1328.7918
1681.1481
1794.786
1525.6255
1463.2579
1500.7398
1632.4929
1299.3638
1464.7168
1579.5135
1565.4895
1767.8879
1475.3202
1446.9813
1659.2848
1266.9666
1395.0016
1486.4587
1182.2082
1574.2574
1455.084
1361.4615
1606.5269
1794.5538
1509.6839
1394.6042
1557.0524
1666.2207
1498.9297
1339.7267
1521.445
1354.016
1380.2281
1551.9285
1163.7633
1266.3481
1489.1008
1564.8634
1576.5524
1297.4071
1317.6212
1484.4978
1188.1863
1376.6537
1463.2066
1275.5553
1396.3859
1403.7472
1266.0305
1358.4163
1450.7596
1499.4136
1572.5931
1509.4714
1357.7155
1398.6862
1608.0381
1422.4602
1555.3351
1464.1974
1627.7146
1649.1586
1559.1383
1566.3884
1288.3989
1627.4618
1560.1981
1514.3175
1520.831
1672.4551
1602.1804
1658.8455
1500.1763
1538.859
1719.7361
1518.7708
1477.486
1400.9769
1495.2199
1582.5069
1569.3132
1394.7312
1557.1047
1391.4881
1478.7034
1449.2049
1459.1676
1664.95
1681.5936
1451.9915
1599.2014
1162.5837
1178.858
1507.5772
1487.6358
1616.2488
1512.6861
1502.8584
1375.8341
1598.2106
1900.1437
1497.1902
1391.0335
1441.3217
1573.3152
1360.886
1527.4366
1636.3826
1531.2225
1583.1043
1352.9542
1407.7289
1392.9413
1684.7502
1490.5472
1734.6434
1453.6293
1489.4111
1310.1289
1216.268
1297.8644
1562.9357
1625.4172
1561.591
1405.9817
1766.8917
1527.3739
1278.1317
1473.4775
1947.978
1550.2851
1455.882
1271.2834
1437.3697
1443.3324
1584.6159
1515.5214
1589.9776
1492.7925
1252.4062
1272.6668
1426.8609
1315.8773
1285.6399
1527.0264
1515.1496
1463.8491
1514.1782
1409.4055
1505.1402
1524.7715
1694.1844
1583.5906
1330.2064
1408.9307
1335.8436
1513.3621
1391.5836
1617.7988
1508.3467
1250.2885
1253.661
1495.8525
1302.2972
1508.739
1586.0851
1337.5082
1267.3076
1231.8286
1325.0795
1309.7886
1381.6843
1608.7092
1697.3148
1570.6153
1371.4345
1324.1091
1426.0952
1852.0471
1552.9404
1521.5403
1546.0785
1768.6908
1561.1582
1581.2615
1644.3536
1678.6597
1373.6717
1766.0846
1593.1725
1592.7096
1718.214
1449.0177
1524.7379
1508.1711
1333.3042
1320.7215
1446.7285
1349.6072
1691.2256
1201.416
1471.4918
1525.0009
1384.2213
1273.7097
1480.4256
1504.6816
1644.4677
1552.085
1422.8354
1396.8081
1323.9678
1389.1955
1349.6709
1906.7735
1575.0619
1442.2272
1585.5175
1721.8424
1518.3938
1639.7252
1550.4633
1633.1727
1454.4764
1430.2661
1551.0627
1591.5221
1543.0803
1630.9485
1638.605
1446.7912
1444.9703
1379.7177
1549.2105
1636.613
1733.2681
1626.3442
1433.9206
1327.6261
1603.8504
1780.4747
1602.1709
1945.4615
1470.1389
1221.5652
1441.8876
1432.5315
1751.2722
1354.6324
1674.5539
1507.0569
1475.7982
1615.0287
1647.3208
1659.3137
1793.9441
1428.6013
1727.3386
1363.2399
1456.3064
1584.6532
1682.6575
1612.1969
1419.2996
1780.5424
1557.0612
1594.3057
1538.0409
1622.0431
1633.3616
1768.3468
1719.1595
1587.7344
1593.1782
1503.5458
1457.5937
1389.5057
1518.8366
1419.5636
1391.8777
1415.7922
1618.0791
1541.5684
1483.3495
1523.2412
1478.1982
1489.0012
1361.0426
1425.3271
1516.2093
1589.5854
1309.601
1370.1349
1589.7157
1582.6474
1340.9841
1514.84
1607.5586
1564.054
1466.352
1710.6967
1501.8626
1466.6054
1711.7576
1498.1577
1435.0866
1337.295
1773.1299
1459.0557
1243.2659
1556.5769
1411.8984
1575.9263
1498.1316
1661.8986
1525.7283
1562.168
1168.1845
1392.5033
1289.965
1715.3883
1629.6824
1579.7278
1412.707
1466.006
1457.3981
1620.6186
1590.7304
1331.1498
1445.8329
1245.8691
1655.8567
1449.2139
1616.2373
1351.3073
1404.1764
1530.3424
1456.3908
1537.9488
1400.7301
1626.6094
1384.4175
1159.9493
1258.2846
1485.7919
1582.5235
1754.0229
1537.7134
1743.2485
1725.3738
1378.1965
1582.9985
1491.2615
1266.7986
1396.6397
1297.0772
1431.1742
1571.7621
1649.8473
1494.4083
1506.4168
1216.8198
1500.0999
1316.6696
1417.1957
1353.8787
1207.7881
1285.0548
1495.9544
1280.8627
1398.8391
1343.9754
1265.1401
1615.9394
1398.1794
1310.3618
1509.9954
1610.007
1581.3557
1441.35
1531.4619
1892.3224
1588.0533
1781.5092
1337.7075
1670.7641
1352.7935
1772.8488
1256.9799
1306.6434
1529.0192
1407.8219
1669.1226
1294.8138
1578.1489
1480.2828
1698.8551
1650.0062
1401.4008
1511.7079
1537.6417
1468.4154
1522.9792
1493.1822
1631.5399
1458.8863
1430.3274
1281.3215
1848.7777
1759.1713
1642.5319
1485.812
1165.5903
1478.7331
1456.7615
1650.3468
1710.3613
1519.3279
1488.1711
1459.8688
1618.0509
1590.6908
1493.1167
1521.607
1334.2585
1572.8925
1450.602
1537.8135
1463.8333
1432.1167
1667.0292
1590.748
1466.788
1616.4504
1503.2401
1721.1015
1467.6284
1585.1643
1542.6359
1452.2519
1630.6075
1778.0597
1466.5336
1565.4349
1208.7041
1598.1709
1493.4123
1379.8931
1656.8637
1554.4317
1458.6684
1488.8774
1637.7528
1510.2346
1344.0086
1537.0294
1546.9067
1493.7769
1111.0121
1406.2477
1437.7503
1639.2645
1601.9558
1592.3116
1420.2797
1240.8389
1248.624
1035.7398
1270.8725
1801.4306
1596.5286
1357.634
1356.8059
1435.7154
1347.1881
1420.2911
1389.7594
1616.4227
1647.8203
1539.9842
1608.9051
1386.0933
1388.2365
1372.2179
1240.3527
1483.646
1427.7637
1590.8175
1249.3472
1410.0068
1466.1996
1176.2793
1366.5126
1409.3944
1492.9955
1512.8323
1804.5609
1398.3191
1215.0009
1293.7926
1361.9799
1730.734
1373.9915
1478.3195
1425.6096
1373.3515
1258.1508
1175.3181
1430.6473
1320.4719
1671.7718
1486.0063
1525.8409
1718.7528
1466.5795
1487.5578
1618.6793
1485.4484
1401.5942
1386.2363
1419.9326
1472.5821
1545.3188
1569.5757
1511.6043
1286.7915
1488.9859
1490.6284
1464.7672
1559.1759
1289.3802
1344.2418
1226.7853
1264.8885
1375.0857
1462.533
1590.3819
1338.5614
1205.5372
1408.6753
1681.6411
1469.7997
1538.205
1406.5746
1605.4424
1403.4064
1396.1592
1368.7287
1346.8653
1556.2828
1271.7989
1466.6062
1443.8979
1497.9866
1091.5193
1501.9821
1465.8158
1389.1504
1287.0711
1778.3018
1339.885
1547.8494
1578.7649
1322.3804
1388.5057
1627.4631
1435.1018
1413.8791
1226.6436
1438.6255
1449.727
1307.5833
1403.5174
1621.4227
1405.5523
1192.2358
1184.5994
1243.2779
1528.8639
1390.7972
1486.0647
1394.9312
1239.1859
1417.3921
1584.3418
1562.6089
1506.4727
1239.4396
1316.7507
1623.3319
1547.2994
1538.0397
1451.3466
1479.718
1463.2516
1625.2625
1473.8633
1378.4433
1344.7835
1402.8351
1233.8664
1287.0854
1395.8667
1302.7917
1650.8002
1413.7224
1518.271
1437.9649
1539.4282
1403.2882
1606.6345
1675.2796
1353.3801
1356.0494
1640.3572
1400.8066
1467.9387
1403.7385
1323.389
1501.1397
1433.4783
1591.8509
1695.5675
1435.4457
1385.1579
1655.5553
1409.0572
1518.9983
1333.8819
1469.8168
1575.6295
1519.1215
1606.0958
1240.9377
1263.0539
1515.2556
1583.7961
1519.0049
1406.2161
1564.1085
1458.8403
1631.2992
1635.0088
1522.6167
1417.0317
1389.6052
1484.0311
1466.9917
1427.0361
1369.3982
1505.6918
1543.7603
1535.8738
1416.5511
1407.9783
1623.9112
1622.929
1550.5774
1527.969
1565.0251
1250.7417
1333.3117
1260.0728
1451.1009
1079.4958
1394.6025
1555.2197
1515.0664
1285.4387
1547.8992
1369.5959
1512.2074
1575.5186
1495.2517
1388.7072
1605.4345
1619.2251
1539.7215
1565.1157
1629.3184
1519.1695
1592.3333
1520.9511
1665.506
1443.3458
1441.708
1493.8157
1717.7849
1616.3454
1565.1327
1341.9784
1517.641
1362.6454
1623.1037
1341.7359
1650.9404
1848.7807
1509.6389
1480.7834
1554.5613
1580.719
1682.5027
1514.3543
1529.6769
1758.0573
1227.9032
1544.171
1476.1465
1388.3361
1579.259
1756.76
1453.698
1563.7174
1447.0341
1383.1552
1415.2503
1449.99
1266.3096
1232.6831
1470.027
1271.65
1384.3804
1525.7178
1361.4484
1417.2901
1489.1365
1417.9583
1313.0547
1325.5657
1295.0455
1329.412
1711.757
1535.1403
1184.4998
1326.9662
1262.5357
1367.9188
1503.9932
1429.4293
1555.0617
1479.0635
1518.3836
1380.0094
1248.9533
1165.2337
1700.263
1413.9054
1578.9927
1443.3936
1549.1314
1593.7494
1711.6671
1729.0942
1602.7363
1528.2705
1497.9603
1288.3806
1428.7192
1579.3609
1392.9417
1529.9648
1352.6921
1265.2415
1479.1071
1498.6086
1334.2091
1587.653
1446.7425
1565.486
1306.8401
1739.9869
1488.3794
1569.0697
1614.6861
1376.7661
1630.7653
1626.2871
1629.5697
1454.116
1661.74
1434.0971
1664.5925
1571.4764
1434.7923
1376.6957
1689.5261
1637.93
1481.2913
1560.1114
1634.0067
1616.9684
1539.5927
1629.6366
1466.8004
1716.7324
1563.6121
1535.2568
1705.9676
1404.7076
1475.0326
1475.0126
1485.2525
1453.2298
1588.228
1523.3901
1576.3763
1645.4688
1484.3548
1574.9092
1390.7248
1420.8325
1474.6856
1570.7655
1225.4443
1637.7017
1520.8179
1406.2433
1779.0153
1718.6636
1584.4357
1487.102
1493.018
1535.8733
1689.0365
1596.3686
1417.1924
1575.6167
1678.0685
1637.5748
1496.4645
1385.9629
1597.6486
1333.8665
1502.6218
1631.9592
1509.478
1668.8485
1502.2306
1417.2669
1636.2134
1485.7271
1683.2119
1652.7251
1437.5277
1192.0325
1507.4897
1883.9509
1662.0762
1377.1542
1538.5128
1115.527
1457.2723
1288.9739
1513.1457
1538.6521
1459.4767
1268.6675
1479.5131
1549.2737
1553.7373
1640.211
1535.0579
1534.2075
1425.405
1367.0687
1375.3125
1475.7232
1398.7482
1468.3602
1371.986
1469.191
1556.3476
1452.0853
1436.6061
1405.1221
1364.839
1215.8924
1522.9538
1428.9502
1528.5118
1470.2006
1468.2372
1654.5168
1613.8694
1258.0035
1316.035
1460.6736
1432.5028
1562.223
1497.4659
1569.3269
1441.5495
1407.9988
1297.0886
1438.9398
1572.5396
1553.9706
1345.8659
1428.6154
1428.7799
1356.8561
1308.4975
1613.7603
1469.7521
1690.1713
1242.4819
1452.1465
1377.0885
1481.0482
1421.6149
1469.7924
1411.5172
1384.0833
1543.7474
1360.8322
1378.316
1462.3501
1450.9005
1211.2525
1461.5443
1125.5475
1266.1482
1183.1335
1585.9213
1647.3182
1338.1771
1240.5944
1229.5851
1421.4401
1829.9208
1512.5435
1741.2315
1741.1325
1305.9462
1353.3648
1400.8803
1647.4262
1438.6132
1535.1283
1299.0156
1352.894
1501.959
1617.455
1487.6626
1605.07
1389.1969
1405.9869
1726.3008
1510.0368
1391.6112
1524.8878
1570.085
1320.8639
1631.608
1472.1517
1499.1672
1257.4701
1435.436
1495.8061
1644.2383
1666.3092
1529.7212
1541.912
1557.5694
1493.36
1559.963
1491.4949
1445.729
1574.1287
1275.8716
1572.2649
1632.6044
1453.0609
1596.7962
1578.8822
1740.2483
1564.8341
1685.3009
1697.2743
1568.4083
1296.9833
1763.4333
1374.4087
1392.8687
1571.1792
1506.0269
1275.5331
1357.3504
1125.526
1651.1345
1429.497
1414.6208
1435.0349
1405.2469
1474.7887
1405.6199
1378.5889
1376.5997
1431.7087
1596.9562
1334.7892
1284.142
1640.8887
1507.2311
1521.6585
1449.2457
1816.8875
1540.2541
1734.2727
1329.6194
1511.1181
1418.5518
1405.6168
1538.209
1620.1712
1533.3708
1558.6294
1429.2686
1294.4951
1354.5624
1578.7233
1365.3794
1755.8223
1403.893
1382.6721
1567.9533
1590.5397
1654.9641
1549.4715
1626.1763
1454.2159
1735.4309
1526.2396
1666.7285
1494.3681
1675.6867
1439.9418
1499.8605
1516.5956
1359.5876
1358.6259
1661.9359
1710.1132
1394.6669
1720.0203
1354.8242
1510.2718
1463.0272
1387.4454
1580.9534
1648.673
1463.2353
1334.8892
1487.5412
1416.4412
1480.2426
1324.4426
1538.0307
1420.775
1463.8018
1460.1389
1630.5744
1585.0176
1432.8491
1249.1295
1438.3988
1599.9678
1532.0223
1599.0763
1553.8143
1462.4589
1581.9894
1624.9361
1666.4927
1252.9958
1514.9875
1640.5361
1425.4103
1733.1134
1454.9565
1346.9495
1125.5625
1507.1779
1653.8906
1550.5088
1655.2028
1565.0437
1438.8679
1057.4684
1257.8007
1539.3818
1695.4281
1530.4637
1619.1724
1405.6584
1525.0049
1567.0007
1592.7321
1226.5368
1303.3227
1298.1559
1542.7797
1318.8153
1452.1001
1342.8808
1462.4107
1284.0527
1436.9514
1476.9142
1536.4819
1420.945
1580.1073
1542.513
1692.527
1437.4128
1700.4318
1464.9528
1509.367
1757.2307
1348.0081
1469.3577
1770.9941
1646.3516
1490.947
1545.2519
1351.826
1496.9215
1383.2414
1731.1369
1883.9592
1603.6404
1724.4241
1572.8596
1427.9327
1619.9441
1665.9816
1758.9213
1791.528
1408.0315
1661.073
1217.0279
1305.3061
1472.7011
1444.943
1795.0817
1308.4459
1692.9926
1699.8423
1752.6164
1610.4308
1533.1263
1618.1947
1567.813
1335.0889
1620.4505
1344.4019
1538.4537
1595.5422
1450.3553
1527.7397
1519.0852
1611.1593
1937.1314
1802.7032
1470.5118
1478.7463
1695.0563
1692.9507
1607.8864
1615.973
1809.346
1516.3563
1626.1603
1751.5694
1763.8907
1396.3544
1516.8636
1662.5528
1699.8736
1809.4635
1746.231
1425.8444
1493.1662
1549.5956
1597.3052
1537.1295
1436.2269
1509.8572
1319.4415
1578.18
1266.4998
1406.1919
1422.7509
1829.8443
1621.0701
1600.1331
1584.1666
1380.6221
1371.582
1344.5126
1522.3467
1720.4987
1526.9393
1541.5804
1302.8543
1364.5208
1512.0686
1610.7234
1560.8644
1490.4005
1466.902
1696.274
1649.7514
1609.4678
1347.0599
1353.0891
1414.2695
1278.3377
1796.0104
1645.6898
1752.1861
1400.9353
1485.3698
1175.7962
1417.5535
1547.379
1414.1721
1474.7898
1494.9472
1774.427
1810.283
1443.2608
1442.0272
1563.5432
1105.5645
1692.681
1640.1615
1887.4252
1516.7964
1889.8581
1730.7353
1784.6396
1802.9407
1643.9219
1413.3215
1431.9934
1382.0617
1440.3085
1523.5431
1479.9455
1573.4476
1495.2675
1470.7359
1144.4133
1606.1817
1765.522
1708.9878
1842.3143
1377.9248
1568.7002
1295.191
1556.9062
1604.694
1551.5372
1497.6023
1654.1156
1616.274
1310.0671
1500.3918
1729.7559
1597.0094
1378.2767
1550.9789
1414.8842
1342.2526
1448.8246
1470.4396
1416.8827
1513.4009
1389.6851
1338.8793
1420.3692
1595.5842
1466.8771
1538.9925
1414.1538
1792.5421
1459.2513
1034.9657
1365.757
1538.9751
1564.9226
1420.6963
1261.9708
1335.5596
1527.5625
1429.5348
1567.5396
1433.7492
1436.1151
1285.281
1429.8815
1525.0769
1556.909
1297.8799
1583.229
1560.3602
1542.273
1394.954
1673.5179
1544.0948
1590.6026
1609.0523
2008.7506
1774.0452
1638.8888
1694.2168
1514.0304
1554.1942
1366.0886
1540.2421
1477.5754
1773.9755
1429.7217
1566.3855
1788.6642
1627.0513
1368.5018
1510.9382
1491.1556
1830.7171
1657.0385
1579.0524
1342.7215
1359.8454
1508.4098
1440.0419
1447.5852
1592.5275
1720.7633
1493.5169
1573.9656
1564.1446
1230.5783
1641.7676
1519.5023
1726.218
1611.2361
1472.316
1483.9376
1646.606
1620.9724
1513.8814
1450.4701
1528.561
1532.6623
1500.087
1463.2686
1552.9421
1453.3566
1421.6161
1413.0341
1535.8818
1353.6078
1664.5899
1350.5222
1657.0018
1416.6312
1501.749
1397.9039
1816.0845
1517.4027
1749.765
1145.0912
1528.1314
1321.2698
1542.749
1350.1576
1679.6102
1632.234
1616.3329
1675.149
1583.2802
1611.9938
1451.7129
1594.6338
1506.732
1483.8652
1423.0959
1449.0759
1697.9836
1635.4069
1679.3153
1525.1719
1512.306
1572.365
1404.2019
1524.9718
1603.438
1512.3732
1471.8061
1379.216
1380.6416
1453.6189
1511.266
1472.0074
1419.0252
1349.0291
1623.9953
1405.1364
1663.3975
1706.6337
1383.4133
1091.0253
1242.1694
1230.531
1314.538
1649.9906
1490.8732
1744.8271
1519.6067
1335.12
1678.6705
1502.2776
1262.5669
1685.993
1726.4195
1379.8096
1439.8277
1297.1001
1438.1251
1547.5135
1482.6481
1489.8329
1354.4659
1947.7038
1507.7476
1412.4979
1420.7046
1534.4898
1458.6497
1462.6512
1450.302
1722.5418
1459.3199
1305.9191
1350.5846
1724.4896
1481.2855
1533.8478
1255.5625
1668.5703
1632.0122
1645.1541
1442.9445
1446.4605
1539.1081
1387.5803
1806.7027
1625.1493
1711.5942
1709.4297
1555.3297
1687.3869
1519.54
1576.8452
1563.5942
1339.0571
1477.0253
1461.881
1250.556
1558.7324
1787.4257
1554.6894
1627.9154
1523.9085
1498.7029
1510.1174
1390.8331
1760.9787
1294.1023
1451.0678
1554.3078
1428.8605
1350.0198
1527.3956
1422.7379
1387.5817
1339.4024
1546.8571
1617.7298
1581.5838
1728.8784
1526.4087
1425.9915
1224.8968
1499.474
1532.0928
1420.5748
1389.6175
1703.2975
1317.4206
1520.8655
1279.7477
1386.3162
1696.9827
1384.7639
1295.8629
1369.3555
1774.8419
1301.8335
1675.6311
1594.1325
1646.411
1128.251
1243.9644
1385.9557
1349.5303
1562.3114
1729.9445
1483.1836
1514.1942
1340.3746
1398.2789
1560.574
1751.7823
1660.0287
1604.0843
1660.4339
1351.8575
1635.0124
1639.1349
1699.9421
1671.2651
1464.7501
1399.7344
1494.6761
1404.9596
1490.7992
1496.413
1511.8404
1430.3592
1589.3097
1469.6706
1439.745
1616.8676
1568.1968
1454.3142
1700.08
1673.114
1759.6149
1707.612
1303.2095
1350.6772
1735.5567
1665.645
1464.7498
1732.7582
1608.4565
1735.6797
1643.8811
1394.5264
1287.0506
1336.2828
1349.6039
1762.6171
1578.2454
1552.8899
1804.4302
1550.9975
1697.6836
1417.58
1538.4173
1482.6085
1390.7176
1413.3776
1448.0433
1520.2019
1652.4028
1488.9209
1673.7306
1434.3547
1526.5076
1680.7077
1622.1475
1422.4593
1592.8847
1441.1109
1545.246
1308.4756
1409.1182
1401.4226
1727.6432
1569.1476
1430.6485
1446.3693
1712.0047
1482.7855
1461.7764
1437.8575
1191.8718
1229.5056
1358.0415
1554.8122
1420.9652
1457.9881
1601.9839
1341.5974
1358.0308
1620.9403
1355.7969
1798.7489
1518.9279
1684.8337
1740.1167
1589.6538
1521.0233
1275.2121
1509.0053
1381.0449
1492.392
1656.1648
1578.8534
1507.1426
1462.426
1581.1906
1623.9115
1557.3083
1399.7189
1736.3874
1600.3573
1531.3885
1310.2498
1719.7013
1445.711
1453.8327
1761.83
1476.5355
1408.1714
1632.9194
1346.7773
1663.6443
1433.6188
1570.5371
1567.3225
1673.9923
1377.632
1672.2835
1414.2857
1509.8632
1497.2886
1721.8286
1674.5877
1859.9952
1877.2625
1773.3877
1425.8824
1629.8205
1390.1926
1738.0346
1626.9576
1764.6537
1461.603
1507.7198
1662.5953
1585.172
1547.9766
1524.5215
1419.7059
1849.0877
1550.1538
1713.5566
1592.9626
1725.6203
1770.2987
1378.2296
1555.4173
1415.6436
1521.3158
1672.1968
1549.5109
1354.7973
1636.0637
1611.4613
1651.7084
1806.9571
1738.028
1739.165
1424.5232
1585.5343
1389.5167
1440.2077
1561.931
1424.0556
1460.1798
1468.5985
1580.6232
1538.7134
1513.9133
1585.9465
1670.578
1723.6352
1529.2503
1497.8202
1543.6473
1748.1191
1813.8853
1726.3754
1600.9703
1544.8186
1520.7146
1559.6109
1435.7006
1221.4629
1353.9385
1174.2137
1227.2409
1793.034
1374.9969
1502.7909
1393.8003
1454.0379
1368.3819
1562.0338
1903.8216
1606.8185
1585.433
1641.8455
1498.2228
1339.201
1394.9353
1573.8515
1548.1541
1522.5034
1693.7787
1417.7481
1351.9106
1550.5375
1347.988
1425.8395
1539.846
1486.2867
1197.8103
1537.4033
1353.644
1707.3263
1674.9125
1583.319
1527.8226
1383.7103
1659.8179
1615.2146
1550.2472
1672.8467
1645.2549
1416.1853
1580.824
1876.3559
1527.0309
1512.8901
1666.7027
1653.8239
1620.6251
1539.3192
1789.6756
1676.439
1532.8897
1504.8042
1549.5504
1774.8293
1779.2984
1524.2022
1608.5028
1456.2256
1508.2325
1643.8006
1599.0472
1473.1691
1532.2464
1426.9361
1593.0505
1546.883
1631.2295
1578.217
1579.2336
1611.7994
1718.0992
1734.4435
1682.2234
1867.4121
1648.2704
1711.7626
1342.86
1410.6451
1533.4111
1320.7288
1446.6463
1663.3515
1599.2814
1482.1393
1464.4091
1629.761
1336.5069
1375.2735
1590.516
1713.2486
1709.2986
1277.7155
1223.278
1278.4692
1486.9931
1793.4903
1442.5237
1358.7842
1423.6017
1399.8965
1531.6508
1272.0571
1503.9529
1844.1559
1614.8118
1678.7224
1404.306
1585.5152
1189.533
1652.455
1436.9514
1548.7771
1620.4706
1741.507
1319.3759
1721.621
1633.8147
1413.94
1558.9874
1604.2703
1755.7322
1822.5305
1546.7301
1250.2636
1407.6774
1486.9763
1302.3489
1456.5239
1365.4854
1595.9678
1746.4265
1489.9385
1345.1099
1453.3607
1410.9078
1595.9288
1614.8003
1675.515
1611.5039
1262.6477
1575.9585
1532.7636
1471.2929
1457.4174
1456.5055
1374.6097
1652.7994
1281.0077
1453.3338
1495.6943
1314.3608
1712.7292
1481.2665
1575.5716
1368.7386
1670.395
1726.5535
1568.628
1508.2409
1273.0399
1499.3848
1498.4728
1603.5396
1426.6468
1212.4413
1209.5327
1469.6083
1885.3389
1718.9084
1504.101
1348.387
1350.1712
1517.4763
1458.5539
1548.466
1619.3343
1433.9811
1244.6351
1554.6921
1512.2881
1513.6977
1697.0493
1490.6725
1451.4216
1169.7247
1509.438
1354.6172
1557.1836
1331.6866
1453.3021
1636.1327
1749.9227
1486.2714
1521.085
1472.5483
1513.2523
1754.2903
1591.3895
1648.2976
1381.0629
1299.4424
1437.247
1710.4069
1793.4514
1426.4622
1313.6321
1491.4682
1588.053
1451.7101
1618.7369
1597.3776
1799.1997
1280.7749
1362.8077
1436.8076
1587.6089
1668.6603
1638.2843
1569.6554
1576.4318
1523.1377
1413.7437
1653.794
1564.2388
1577.6868
1270.4545
1531.1148
1462.4128
1504.895
1480.684
1442.064
1536.322
1471.957
1658.183
1698.8457
1568.891
1508.2769
1438.648
1640.6834
1613.1859
1754.9172
1656.023
1652.1399
1817.386
1537.3573
1512.3516
1655.125
1547.631
1606.3292
1463.0041
1621.7061
1569.2454
1860.9062
1454.1274
1274.7081
1162.938
1617.2765
1519.6841
1447.6097
1741.0472
1746.2744
1455.07
1219.035
1322.4655
1427.4939
1643.0062
1489.9374
1380.6807
1616.6541
1307.4536
1641.4657
1175.7475
1354.2379
1520.8814
1409.13
1495.6646
1684.8471
1297.5519
1507.2281
1587.8332
1498.8462
1443.7152
1425.1994
1743.8078
1544.4002
1707.4055
1397.0123
1546.0945
1416.4893
1725.7921
1550.1032
1480.8533
1510.2258
1434.6344
1252.1227
1402.304
1546.8281
1360.2067
1548.8669
1356.8654
1622.4328
1343.2101
1395.1339
1659.7031
1452.7211
1465.4987
1614.165
1397.1074
1340.1665
1582.9778
1650.6333
1524.5498
1334.745
1386.349
1376.5279
1529.4566
1563.1404
1166.9484
1331.8033
1668.3336
1539.5854
1436.2076
1251.1297
1601.1794
1673.3228
1572.3742
1513.936
1230.2925
1494.3362
1617.1076
1592.2474
1660.0524
1396.5802
1377.8185
1500.2609
1591.198
1433.0552
1526.0796
1496.2034
1459.8081
1465.0184
1317.5169
1477.1894
1620.0053
1599.179
1274.7258
1475.2468
1172.9343
1220.3223
1491.1238
1602.3379
1466.5456
1365.0941
1543.0114
1601.1586
1367.4685
1625.9398
1576.9809
1590.9217
1670.0988
1733.7115
1417.8192
1381.1378
1618.9841
1844.0313
1605.9074
1480.5401
1653.4108
1588.3367
1485.4433
1725.9635
1551.4989
1823.5506
1717.2647
1433.7905
1342.3765
1333.8232
1679.9402
1196.3592
1586.198
1761.0443
1512.3991
1681.761
1703.2121
1664.307
1679.5469
1441.4605
1471.598
1462.669
1558.3936
1289.465
1439.3644
1545.4586
1585.8497
1587.4872
1542.4359
1720.6058
1231.4954
1439.9013
1666.338
1528.6403
1540.9928
1240.0124
1730.902
1573.1448
1759.9714
1673.3128
1564.9194
1527.4621
1379.9242
1870.6533
1351.6098
1439.3853
1601.1281
1393.6737
1483.0797
1558.0204
1430.8884
1568.1737
1675.5316
1316.1568
1451.1213
1704.6523
1435.0847
1277.2756
1460.0002
1543.1437
1576.0165
1510.8969
1400.7859
1664.4967
1361.9855
1478.5863
1418.1379
1396.9293
1510.454
1484.8232
1427.0603
1536.7418
1430.537
1452.827
1491.6474
1301.0725
1613.8629
1306.2294
1622.0124
1363.5729
1449.6538
1515.5704
1518.0293
1523.0382
1723.3454
1250.2119
1361.5274
1210.6515
1582.8447
1391.3858
1361.5205
1543.806
1601.2557
1318.1251
1440.9958
1635.106
1286.0502
1575.8458
1533.3399
1585.0994
1491.12
1411.406
1248.0317
1484.4858
1352.7875
1466.3931
1451.4006
1517.1219
1564.1111
1487.1905
1429.9322
1557.5452
1564.059
1623.1764
1591.0627
1671.6262
1490.9812
1482.4642
1327.1431
1428.6949
1247.6722
1607.3489
1390.6485
1429.3327
1369.5631
1737.6985
1373.4112
1507.0457
1651.2771
1334.4835
1438.9326
1530.231
1429.311
1625.2246
1602.7443
1345.5754
1507.5774
1530.3089
1639.0226
1377.571
1305.9233
1446.4392
1588.9864
1455.1225
1577.1626
1509.514
1550.5941
1510.8073
1489.8783
1255.3088
1342.4749
1440.6621
1323.5201
1535.8191
1555.9693
1719.3654
1547.2252
1315.2717
1334.8722
1483.3869
1386.2083
1551.9444
1576.2295
1753.6041
1585.6887
1459.4132
1331.6538
1552.479
1462.4337
1316.2207
1553.7379
1387.3716
1589.5859
1518.3695
1556.509
1529.1503
1549.6469
1354.4603
1723.0832
1404.437
1507.895
1563.8952
1506.1544
1552.1236
1572.0015
1655.8743
1366.9934
1422.7664
1328.3837
1521.9313
1390.2793
1427.2917
1513.4568
1523.5848
1411.2639
1354.967
1397.8509
1289.625
1655.5973
1581.043
1386.4956
1412.1731
1640.7041
1666.8185
1487.1147
1661.8682
1742.714
1682.5105
1415.739
1443.7182
1513.3853
1563.8741
1687.4775
1646.4784
1586.2916
1538.5468
1530.3247
1823.6668
1683.9426
1549.013
1646.0815
1665.2668
1656.106
1437.2022
1647.5509
1510.3629
1588.0901
1250.1432
1328.3113
1570.8047
1614.1118
1495.0904
1599.7132
1481.5045
1472.0912
1391.0116
1489.7343
1522.4275
1319.9345
1519.8667
1315.7533
1362.3506
1317.5168
1464.8056
1458.0017
1640.3922
1350.1528
1437.0889
1598.0383
1425.6178
1619.7421
1450.755
1592.4518
1527.4685
1433.2681
1364.8019
1492.9248
1350.4676
1645.6565
1386.6995
1442.9044
1370.9504
1469.4693
1655.617
1458.5547
1675.8937
1613.9078
1528.5888
1402.9594
1622.9858
1399.9659
1523.131
1418.1092
1733.85
1537.9501
1383.2167
1324.9742
1467.2569
1415.8778
1531.3983
1355.189
1476.0527
1387.8261
1573.2032
1406.5648
1348.0076
1321.4688
1245.7337
1368.1069
1429.2737
1198.5175
1319.0988
1273.6875
1469.019
1275.4661
1455.7691
1380.6879
1370.1867
1190.9802
1445.1385
1558.8144
1260.5355
1458.4864
1427.0472
1278.1558
1294.9591
1384.2524
1443.1479
1570.2839
1500.6025
1292.3765
1439.5833
1400.845
1340.2801
1618.9394
1397.0258
1494.4514
1547.1496
1455.4409
1623.3489
1515.4334
1765.4188
1319.5934
1340.0537
1738.6202
1587.2364
1547.2138
1441.1404
1472.9103
1697.2595
1598.7969
1667.7167
1779.6781
1384.3677
1472.3738
1448.0178
1429.9417
1479.3343
1358.2138
1657.7633
1541.6232
1745.6761
1798.9502
1392.5954
1586.7911
1513.0813
1596.9073
1544.9969
1606.8643
1541.3229
1498.1479
1404.3848
1479.3967
1383.7776
1531.7129
1515.5896
1673.7381
1619.0196
1524.5454
1707.1971
1599.0791
1485.2783
1552.4624
1744.8184
1590.344
1306.7814
1506.3455
1521.7461
1608.2781
1349.5187
1406.0748
1403.1663
1473.9983
1506.6936
1498.8979
1405.7258
1552.232
1526.664
1437.6493
1550.768
1759.603
1679.1696
1465.5495
1327.3401
1562.8963
1672.7192
1665.9969
1579.7985
1321.4828
1460.665
1289.9815
1515.4933
1207.8247
1330.7285
1527.8106
1608.3731
1402.583
1634.3929
1585.2462
1580.0069
1689.4718
1567.9589
1402.0934
1592.8514
1613.3423
1420.665
1370.5585
1535.793
1550.3465
1443.9369
1577.4326
1499.6527
1326.5427
1443.5665
1634.4116
1874.3937
1721.9298
1527.2493
1260.6637
1532.0333
1444.5699
1226.3101
1434.9587
1706.6195
1395.3181
1513.6701
1340.5317
1387.168
1440.3354
1420.9207
1469.6005
1486.528
1689.7083
1614.0312
1649.3858
1700.389
1582.0159
1551.1359
1550.5517
1656.1376
1684.8607
1595.8799
1347.5409
1464.633
1623.2647
1440.2797
1695.2847
1394.8374
1399.3732
1567.4349
1401.2127
1437.8128
1735.7769
1628.2756
1815.8666
1523.736
1260.9737
1498.1163
1483.0545
1109.5546
1546.3068
1507.9969
1374.7396
1788.0958
1417.5912
1756.3623
1600.9497
1191.9863
1291.0409
1594.6413
1448.7842
1370.378
1746.887
1602.5504
1730.687
1456.5825
1275.3372
1455.4534
1510.9888
1456.3241
1473.9436
1842.7
1254.2514
1233.0655
1531.183
1482.7375
1409.3141
1459.001
1543.7888
1250.3762
1601.7221
1543.6636
1604.1966
1624.2562
1507.6423
1631.395
1462.5439
1480.6252
1917.1957
1586.0777
1351.361
1395.6024
1314.0391
1527.198
1659.8983
1753.8016
1479.4906
1532.639
1484.0858
1518.8493
1460.9606
1389.7033
1647.5028
1636.5847
1310.0139
1387.3729
1448.8092
1478.5268
1601.3537
1665.0461
1544.2046
1501.2721
1597.7898
1716.9731
1381.7755
1785.8155
1725.3693
1729.5948
1360.6487
1415.146
1537.0347
1504.8414
1425.2202
1456.1391
1667.8812
1715.8855
1712.857
1651.9049
1725.4571
1447.0359
1623.723
1534.0153
1335.5049
1480.4725
1449.6705
1690.1808
1542.1415
1549.5084
1495.9608
1498.971
1649.5552
1324.7904
1209.2445
1465.5592
1210.7238
1385.1485
1407.7761
1531.751
1734.0745
1444.76
1379.0034
1377.6059
1569.4144
1262.2482
1320.2384
1643.1982
1786.829
1678.4054
1613.2874
1596.2504
1380.097
1629.8086
1638.6504
1409.409
1516.0566
1204.2319
1672.5778
1451.6653
1576.1586
1517.3961
1410.1533
1457.8681
1453.8502
1473.5297
1415.1111
1580.9842
1502.8832
1364.4124
1833.7851
1595.2433
1462.9325
1365.9335
1204.4045
1484.3814
1792.5743
1548.504
1519.4713
1558.1796
1752.9602
1851.9598
1624.802
1434.8863
1335.8417
1259.4955
1596.1174
1428.7689
1347.9794
1548.9878
1601.2324
1604.0731
1414.9257
1321.3916
1389.8693
1274.4488
1726.989
1428.1404
1544.2529
1389.5247
1447.5577
1418.4948
1519.634
1410.6618
1380.4835
1531.5729
1699.5209
1757.9872
1553.7547
1325.1371
1409.8214
1584.6047
1315.9705
1424.307
1731.1819
1571.4363
1322.5337
1451.6771
1655.4007
1414.5726
1563.5454
1630.2812
1379.127
1375.1191
1757.5891
1527.8382
1720.4365
1561.0725
1342.874
1392.7088
1325.922
1373.8959
1458.5
1765.7547
1332.4677
1196.9149
1258.5813
1495.7389
1309.5353
1486.4733
1554.2053
1463.2882
1515.9883
1257.6589
1260.656
1255.9011
1279.0502
1404.6375
1653.0489
1402.3419
1555.5031
1321.9786
1422.6975
1608.2293
1575.0486
1550.5901
1567.4988
1251.8579
1412.4018
1491.1515
1473.8091
1423.1885
1666.3185
1446.1934
1557.7186
1365.2711
1633.3747
1700.1189
1684.8364
1678.7984
1553.8139
1721.8687
1226.8511
1424.6027
1514.2297
1508.2664
1564.3853
1623.743
1545.5198
1603.374
1865.0471
1642.2242
1695.7864
1489.1587
1784.1134
1456.5991
1445.1789
1601.4066
1707.8122
1559.5425
1382.5122
1563.8883
1479.0886
1540.7942
1504.6605
1415.3384
1463.5495
1594.9376
1418.5672
1375.318
1291.1572
1592.5414
1676.2489
1569.1162
1490.9773
1359.8319
1626.9849
1481.9022
1459.7177
1203.7311
1547.8843
1303.7669
1457.6639
1597.4346
1461.9116
1692.4056
1554.9548
1389.5249
1645.1069
1433.0329
1540.8738
1435.5216
1572.7726
1457.4575
1411.5798
1359.3067
1578.9643
1325.3573
1421.4447
1200.8372
1431.394
1274.8131
1568.415
1665.147
1399.4534
1412.9069
1385.9815
1298.5685
1315.4781
1226.7548
1438.4328
1279.0272
1334.364
1581.1849
1530.7887
1363.0649
1401.3305
1377.296
1304.6078
1350.7939
1364.9726
1484.3466
1458.8621
1573.9774
1644.4514
1208.6613
1290.2866
1223.3605
1399.8613
1431.0761
1836.0601
1594.8251
1410.4722
1405.7329
1425.4377
1231.2167
1573.3653
1400.1009
1709.2827
1596.1457
1260.2098
1210.7202
1450.4641
1367.5216
1566.2155
1395.5613
1351.1361
1540.3012
1567.4811
1570.4532
1667.5179
1724.6542
1414.7778
1485.8774
1414.4343
1295.9935
1393.9465
1330.2892
989.72667
1272.9784
1493.0117
1486.4605
1352.2597
1361.7248
1692.7365
1569.8195
1767.6981
1296.6466
1622.2365
1547.8414
1504.7762
1417.1393
1457.2102
1541.8076
1413.0013
1494.0885
1448.0005
1223.3611
1583.8198
1467.5514
1597.747
1615.0802
1578.9096
1420.8267
1479.0621
1821.1262
1546.711
1620.6199
1401.9404
1542.571
1294.8268
1179.8996
1635.4712
1306.9226
1476.9387
1557.6214
1664.2014
1745.607
1560.4827
1443.4416
1324.3922
1414.4131
1521.2727
1448.8989
1399.4062
1296.5858
1317.5828
1550.6212
1410.4738
1556.557
1665.9558
1395.6389
1403.6862
1587.2646
1821.0818
1570.1474
1663.9011
1438.1157
1387.2667
1525.5535
1776.3256
1535.7071
1475.7495
1367.5221
1399.6463
1277.4617
1317.3933
1285.1663
1399.9025
1651.7531
1284.1605
1610.6929
1481.2722
1426.9585
1497.6462
1310.7656
1537.8382
1550.9729
1436.8678
1462.0176
1684.2222
1627.1783
1492.7305
1300.7867
1650.771
1557.4526
1522.8589
1277.4363
1364.5969
1462.1847
1382.6347
1563.0265
1589.3304
1580.5374
1763.4439
1627.9911
1720.7341
1657.7122
1413.9889
1392.4092
1414.6697
1281.9995
1627.8496
1774.8989
1482.9638
1228.8575
1378.4975
1554.2222
1458.9308
1213.6791
1437.2741
1485.3843
1462.0591
1404.4801
1614.0974
1540.7083
1367.6972
1074.9436
1409.694
1098.3326
1234.7394
1277.8747
1457.566
1387.7169
1438.4529
1392.5058
1340.2541
1533.6438
1588.2674
1367.2329
1601.9087
1464.6321
1385.6377
1592.9274
1230.1224
1390.4214
1501.1371
1422.9874
1411.6062
1602.8602
1291.6823
1349.3269
1323.0186
1384.21
1417.5004
1617.8472
1454.4732
1331.8527
1219.1794
1519.6987
1380.1153
1611.5305
1448.1558
1431.5627
1254.2515
1522.4204
1643.2307
1449.725
1610.1806
1502.3822
1442.3561
1279.4178
1352.8247
1510.6619
1678.1688
1511.1656
1449.8531
1524.5926
1418.4443
1556.9349
1603.1028
1651.0225
1544.1263
1558.9689
1391.0773
1461.8256
1257.7127
1341.1189
1612.7559
1574.0054
1406.6984
1476.3929
1263.883
1403.1613
1485.4793
1556.599
1447.9526
1534.7376
1337.0771
1372.1392
1373.115
1601.9398
1505.336
1642.261
1369.9743
1384.977
1638.2365
1348.4861
1652.9914
1598.2136
1726.9188
1379.1385
1796.1723
1334.2627
1228.8079
1493.5386
1515.4752
1621.2932
1531.1406
1676.5694
1514.361
1477.6921
1302.0369
1604.7519
1823.8283
1816.2866
1592.8854
1739.0378
1441.7962
1464.0811
1358.3398
1405.8177
1551.4851
1399.8496
1543.0936
1324.2594
1404.0406
1335.2612
1536.9927
1478.215
1393.0326
1523.972
1621.6316
1440.2121
1321.5988
1488.7872
1665.2777
1307.4608
1293.2519
1509.387
1544.0344
1433.8805
1584.7478
1327.0496
1426.3576
1278.3122
1621.1848
1656.852
1435.1638
1434.2943
1352.4103
1353.7197
1634.2405
1704.054
1763.9624
1572.4957
1532.3914
1668.424
1573.1756
1460.5371
1246.1078
1364.6844
1518.793
1549.091
1449.3593
1724.0852
1421.6425
1530.0925
1639.3399
1483.5961
1663.283
1576.1386
1515.967
1763.7883
1375.862
1409.7099
1584.3385
1284.6634
1355.8151
1495.0291
1606.585
1577.1865
1525.133
1536.3935
1472.1599
1685.5009
1661.5534
1400.454
1491.2911
1576.1333
1390.6322
1667.1376
1587.4973
1671.9591
1423.026
1481.8571
1519.9599
1311.4719
1783.7455
1406.2908
1678.4756
1599.2236
1560.7734
1548.5137
1553.381
1421.3849
1547.3373
1677.7676
1607.8351
1541.2974
1463.854
1470.8318
1609.6005
1530.5664
1391.7335
1686.3787
1635.568
1672.8733
1473.7665
1149.1268
1548.9696
1466.3868
1594.2664
1394.5383
1167.1923
1580.1948
1581.8005
1806.2185
1544.7501
1601.8085
1451.6575
1286.3168
1150.7498
1433.287
1468.2376
1472.296
1500.9285
1430.2095
1633.3592
1368.1705
1476.9125
1626.3477
1725.5629
1518.1991
1439.7698
1618.9944
1229.6125
1629.1018
1547.3684
1444.7868
1471.092
1460.8706
1419.1467
1388.1392
1495.2424
1668.6831
1635.0465
1656.7222
1755.3463
1778.0269
1520.9785
1660.5683
1578.4408
1578.0529
1529.0552
1568.4096
1511.0648
1477.7685
1286.1706
1515.1683
1517.5729
1505.3729
1548.517
1523.8857
1461.9465
1085.5933
1327.1764
1501.4961
1508.3288
1511.9217
1531.1877
1657.942
1563.9948
1537.2697
1517.2476
1367.0395
1642.2569
1347.3376
1600.6658
1499.7008
1486.4882
1521.6562
1296.1554
1536.1486
1497.041
1426.2617
1426.5069
1521.7705
1438.3497
1368.8765
1595.1302
1484.8595
1617.7544
1451.6424
1406.9255
1513.043
1410.8181
1559.6917
1524.2388
1618.3628
1460.391
1537.2566
1750.7554
1395.9732
1200.6734
1262.4992
1675.9077
1497.568
1291.2016
1466.973
1525.1021
1468.732
1412.6934
1481.4092
1266.2167
1377.3029
1452.9567
1594.8245
1307.8597
1457.7535
1396.2991
1617.0306
1611.8561
1617.5439
1707.8314
1565.0459
1395.3333
1528.1034
1404.6236
1423.8132
1495.0629
1323.7415
1669.794
1760.8658
1538.5748
1607.7799
1390.317
1486.9815
1400.1043
1383.9766
1213.1661
1465.3698
1255.0991
1290.468
1364.2363
1307.6186
1596.3088
1606.4783
1763.4714
1604.7663
1643.773
1475.0663
1370.9628
1369.5487
1600.6935
1456.8774
1645.939
1661.7236
1467.3411
1460.4768
1645.4613
1352.4477
1415.9964
1496.004
1461.9527
1597.4223
1495.0067
1668.8279
1685.8683
1640.1106
1696.5635
1709.2476
1661.7723
1772.2688
1622.714
1517.9135
1600.4138
1684.7455
1504.4273
1575.8329
1568.5658
1423.7033
1488.5021
1659.3186
1380.3098
1605.5074
1285.3865
1415.7099
1533.6311
1727.6803
1480.0327
1709.9586
1624.5691
1514.277
1649.5663
1230.8737
1502.3755
1438.5139
1515.4167
1477.1705
1466.5707
1423.5497
1507.918
1466.2874
1564.0535
1573.6108
1724.1853
1272.342
1654.9107
1477.5575
1281.5621
1789.7257
1376.2789
1583.3821
1595.7598
1536.4448
1152.9421
1322.6342
1488.831
1676.6908
1554.522
1380.3893
1563.0017
1212.3537
1571.8329
1511.3843
1708.4716
1538.3129
1712.4687
1749.7271
1648.4801
1321.2497
1423.9847
1585.7492
1534.0138
1661.9263
1642.6647
1431.1254
1578.4775
1599.1216
1751.7534
1739.9086
1221.8001
1477.3635
1622.9242
1563.8554
1497.0007
1449.2268
1378.5595
1552.111
1401.4191
1576.1514
1359.3199
1513.7747
1785.2259
1593.1016
1581.972
1332.5451
1583.3455
1426.9029
1421.1871
1310.1802
1381.8384
1432.1957
1352.2483
1418.7808
1412.3356
1212.0403
1347.1142
1454.217
1490.7775
1402.3658
1881.2854
1545.9364
1599.4671
1643.8177
1640.1929
1322.915
1437.1383
1518.7143
1843.2699
1373.4556
1616.771
1588.8441
1685.8144
1449.9787
1645.7402
1594.9895
1685.6792
1760.1955
1577.0158
1345.735
1476.8595
1555.9853
1509.0311
1466.897
1462.1543
1624.2807
1514.4443
1606.7507
1373.0044
1457.6796
1441.3748
1396.1324
1695.1351
1470.4312
1369.4081
1506.8315
1277.4554
1559.4249
1475.021
1595.2146
1630.0338
1442.9497
1454.5249
1518.6786
1497.5266
1568.6196
1647.0489
1672.9957
1415.0081
1299.584
1512.0874
1607.2768
1617.0019
1693.1245
1253.6829
1370.2029
1471.5823
1513.132
1561.2342
1429.2765
1365.0128
1273.4518
1427.8303
1457.3319
1285.0012
1431.2195
1615.3514
1733.1842
1573.4853
1418.9327
1507.7628
1356.2988
1434.6561
1403.3923
1551.1307
1792.8929
1459.65
1684.869
1282.9831
1432.0247
1511.5183
1581.0282
1393.0674
1317.1112
1493.7401
1388.047
1407.1036
1404.3912
1475.7829
1641.1632
1445.1871
1548.898
1842.407
1459.8908
1336.1749
1516.6077
1481.2251
1485.4587
1684.2178
1456.2687
1582.5335
1633.1644
1631.5514
1474.834
1542.3374
1566.5471
1497.0934
1522.3171
1579.4992
1565.3157
1449.2784
1351.369
1397.7463
1218.0487
1387.2678
1532.5039
1630.4091
1420.746
1775.1302
1553.0984
1569.7997
1335.752
1647.3431
1463.6851
1545.8725
1516.4355
1595.9415
1592.2297
1374.6868
1541.4429
1231.5246
1672.0541
1561.3724
1777.4572
1830.2529
1683.0318
1653.9821
1624.0467
1395.2327
1748.2844
1509.8834
1453.0886
1762.8731
1410.8088
1486.6953
1520.9315
1251.656
1524.1031
1578.15
1557.7422
1261.8025
1292.8761
1175.5724
1391.2146
1421.7776
1393.3401
1412.4054
1416.4374
1505.7379
1578.6413
1588.2629
1630.1286
1346.4259
1499.7144
1391.4116
1372.9773
1590.7427
1533.7922
1588.5169
1758.7885
1558.3291
1810.0452
2000.5331
1596.1425
1332.4549
1561.2116
1774.1396
1381.9102
1415.0336
1170.8697
1457.3983
1458.921
1533.4161
1795.7107
1376.4531
1619.1371
1654.101
1334.833
1730.7546
1519.0124
1537.8594
1446.2575
1573.5395
1598.0744
1584.0939
1634.6735
1446.3277
1406.5216
1240.5407
1573.9151
1626.5325
1455.3037
1331.3662
1618.004
1604.257
1401.1531
1385.471
1474.9387
1388.1412
1485.1962
1461.4362
1463.9298
1512.9009
1623.4092
1643.0254
1488.7067
1445.1487
1535.272
1495.4094
1361.8128
1451.4217
1145.1298
1450.8479
1661.2605
1516.0474
1282.4894
1529.4248
1207.8951
1493.5036
1458.3466
1483.7622
1252.206
1487.0218
1386.8793
1477.6409
1523.222
1417.5137
1525.3207
1641.7973
1511.985
1464.9563
1435.0793
1368.1705
1528.6209
1421.6642
1509.9346
1321.5977
1480.7099
1600.7914
1653.5024
1500.192
1614.7201
1307.5752
1584.7091
1408.9029
1380.9426
1545.5726
1403.5115
1402.5402
1725.4739
1806.5754
1633.3474
1481.2186
1508.1335
1382.7291
1199.8493
1548.4104
1463.3433
1634.1789
1470.2958
1743.182
1482.9977
1374.7993
1251.4096
1598.1261
1562.209
1541.2318
1507.5948
1867.6073
1552.0998
1411.39
1744.6475
1568.1815
1664.9048
1514.0763
1500.2678
1440.0823
1771.5335
1691.5945
1488.4264
1519.2343
1844.8892
1596.3535
1690.6994
1810.1406
1628.8426
1426.6531
1488.6003
1418.4476
1555.4103
1616.5543
1531.3422
1754.2793
1460.4022
1382.464
1585.1196
1595.7765
1403.9842
1306.5473
1646.4019
1561.6776
1327.4881
1588.6632
1598.2357
1421.865
1441.7992
1530.9084
1508.8668
1703.1613
1680.2892
1466.6502
1288.6371
1489.3429
1517.7234
1525.4339
1603.2385
1651.6792
1531.3071
1449.6021
1342.3533
1797.9747
1450.6302
1578.572
1426.4036
1697.1628
1748.9628
1623.9929
1534.562
1624.171
1388.9948
1084.1576
1574.2848
1350.8631
1756.99
1306.4744
1661.8531
1741.4603
1504.1547
1592.7492
1365.3482
1207.9395
1550.9824
1443.7572
1799.5604
1359.0561
1485.2471
1320.745
1303.4584
1290.7532
1420.6223
1414.0616
1501.9776
1530.2064
1402.0445
1469.4362
1498.396
1491.0558
1726.8588
1657.5316
1670.9779
1614.5506
1674.586
1575.0418
1591.9703
1407.1241
1502.0507
1768.0798
1469.9838
1586.9719
1718.7554
1490.3331
1583.0632
1640.5725
1424.206
1541.8382
1396.5325
1446.7276
1228.5409
1235.5025
1515.0198
1779.3667
1682.3221
1545.1818
1474.0555
1461.5811
1502.5393
1614.1431
1446.1325
1321.0503
1345.5367
1647.2897
1654.4902
1120.6676
1218.7006
1175.583
1494.7136
1445.1802
1653.1929
1550.9265
1479.4569
1556.2368
1378.5276
1589.0724
1381.5766
1561.442
1578.1967
1446.8188
1580.883
1403.1796
1671.7879
1511.8521
1406.5495
1601.2034
1545.3304
1301.254
1460.8519
1492.2977
1270.3818
1790.2245
1564.3656
1506.2039
1376.2283
1020.3262
1093.1869
1564.7708
1327.9687
1307.735
1530.964
1534.9613
1619.5855
1698.5449
1500.7014
1503.5477
1437.6027
1478.4462
1336.0261
1421.2275
1666.3889
1782.1023
1627.4767
1413.8551
1701.8139
1639.1729
1439.8292
1607.5904
1780.0665
1464.3782
1591.7561
1594.1012
1207.1709
1253.6809
1553.7639
1573.0356
1388.7986
1643.47
1220.491
1198.6018
1318.0486
1374.6492
1638.1079
1724.1138
1505.3032
1680.5354
1563.7037
1522.4685
1376.3852
1484.0012
1495.2095
1415.3216
1490.9758
1616.9269
1714.8304
1609.5284
1404.1839
1223.1618
1348.2778
1687.9598
1436.7785
1591.4374
1256.1942
1518.1897
1454.6277
1426.5952
1202.6479
1484.4829
1725.9124
1363.2122
1454.0192
1635.9966
1579.5355
1497.8217
1491.0233
1425.8208
1498.8076
1546.183
1339.6402
1664.0421
1507.8793
1318.4927
1549.6428
1351.5821
1492.5719
1372.4105
1462.6969
1506.4489
1543.1981
1543.2189
1341.0981
1565.0417
1549.0175
1608.794
1420.2513
1800.0059
1851.6767
1503.8772
1464.4091
1494.5018
1373.2607
1542.7429
1743.7976
1609.0865
1339.3343
1426.5469
1473.5845
1259.1693
1514.5764
1423.4524
1603.4182
1341.0145
1196.8604
1349.3807
1472.9557
1390.9578
1404.5567
1612.3734
1562.7994
1367.831
1608.5245
1337.0381
1451.0205
1521.728
1160.902
1507.315
1228.3607
1291.659
1297.2513
1219.9591
1429.7788
1495.3511
1581.915
1552.2444
1513.8725
1336.9906
1393.3387
1330.0252
1376.708
1502.0467
1468.6572
1517.3693
1429.6322
1467.9516
1381.1638
1372.0641
1502.1943
1494.9538
1194.5595
1285.0581
1270.7016
1425.8206
1446.9221
1633.3443
1584.7392
1443.583
1209.0014
1511.1965
1350.0445
1683.8614
1513.3413
1492.6856
1533.6634
1406.1914
1413.4304
1464.0321
1453.6646
1388.8229
1482.422
1667.0144
1425.2304
1521.3189
1199.6185
1262.8668
1280.1163
1365.9208
1266.6739
1412.3188
1462.2605
1655.0836
1526.4721
1531.4418
1464.2968
1354.3322
1239.3078
1303.8898
1540.0427
1745.6335
1486.5651
1401.8215
1392.6643
1477.9658
1775.2219
1593.5923
1537.774
1453.3553
1369.9201
1651.5639
1591.5862
1490.1739
1627.1435
1484.1421
1564.778
1529.5755
1360.7034
1454.5618
1596.9297
1599.9946
1314.7297
1598.4663
1471.2338
1688.3446
1451.0079
1586.9071
1557.5131
1566.7152
1382.1782
1499.565
1421.2974
1442.5647
1592.8405
1415.3398
1343.72
1448.0473
1714.8413
1592.6065
1579.774
1663.1113
1474.7207
1508.3741
1416.2473
1438.3115
1519.0731
1719.034
1440.0422
1770.9148
1525.5494
1508.4853
1565.8753
1376.2746
1510.362
1361.6657
1522.9157
1662.3716
1429.8895
1356.6453
1259.1009
1318.9946
1567.1971
1386.0099
1465.9656
1071.7156
1312.4114
1507.931
1095.4335
1520.841
1093.3974
1214.4396
1735.3291
1469.1926
1501.1892
1622.6699
1756.3776
1517.8584
1544.9311
1629.3945
1423.5216
1434.9466
1518.6157
1538.8549
1507.2138
1330.286
1596.4734
1421.4342
1430.4419
1396.9819
1397.3195
1490.9078
1527.8678
1377.6127
1611.8817
1387.4585
1285.1684
1355.7831
1259.2635
1229.7708
1454.9993
1411.5396
1461.6694
1262.3617
1367.5057
1508.8745
1375.0056
1299.4413
1295.6763
1297.2143
1566.1654
1305.0326
1840.7853
1785.8825
1807.9083
1510.7342
1561.1324
1241.0588
1571.6689
1332.0456
1604.4478
1650.6539
1797.9183
1425.3633
1441.2055
1535.9938
1396.4588
1566.6122
1438.3128
1439.4947
1367.4644
1579.5314
1486.5739
1487.0986
1348.9724
1357.5785
1424.4574
1557.0819
1689.7949
1652.6639
1505.4051
1664.5482
1719.1127
1448.6326
1271.2496
1202.3376
1340.0404
1690.5544
1584.0579
1595.6248
1355.0493
1368.9212
1419.9242
1377.0852
1702.4213
1609.5551
1328.9293
1714.8176
1372.615
1254.282
1463.2912
1451.5232
1460.6315
1263.0611
1548.6191
1541.9281
1435.7214
1284.0299
1406.8551
1478.0681
1252.501
1335.5869
1410.1915
1508.6504
1575.1941
1571.9622
1547.5681
1508.7114
1467.548
1449.7847
1201.2993
1595.2886
1442.6782
1685.8614
1386.887
1822.4937
1587.8164
1721.3901
1592.9783
1297.5453
1522.6992
1371.3037
1582.6632
1463.1613
1338.8787
1547.3251
1549.0419
1568.1327
1543.6628
1377.7585
1390.1982
1406.3467
1501.0285
1692.4273
1437.6891
1217.7623
1360.5921
1601.1933
1362.2662
1553.8452
1703.6563
1758.3094
1541.4509
1453.2037
1586.0256
1433.3785
1466.141
1667.617
1446.5431
1196.123
1754.3089
1468.2676
1503.9153
1294.0439
1314.5172
1564.4353
1485.6395
1505.1538
1589.8652
1564.4798
1386.4698
1528.9486
1371.4401
1309.3704
1470.4223
1472.3212
1495.9522
1680.2426
1793.5089
1789.1835
1829.6753
1304.4413
1190.2934
1435.0225
1623.8981
1735.409
1590.7611
1465.0973
1717.6786
1204.7839
1456.0687
1749.374
1569.7422
1543.019
1228.9801
1364.0342
1566.3488
1623.3932
1461.6401
1511.5126
1420.031
1125.6889
1467.7473
1564.2242
1454.9159
1521.8071
1512.58
1344.7534
1431.3827
1666.2909
1538.1344
1604.191
1542.257
1731.4312
1435.2567
1156.8074
1472.4306
1290.6185
1698.6127
1607.5738
1470.8512
1635.4431
1564.084
1347.1763
1062.094
1547.3945
1254.5962
1508.9711
1372.1507
1446.1982
1725.4526
1618.1965
1693.8467
1635.9
1546.5863
1579.19
1474.0565
1408.8118
1273.0733
1612.7124
1600.5676
1504.4026
1545.8399
1432.7691
1449.1709
1245.0875
1418.3309
1492.299
1378.9743
1487.8758
1394.7379
1321.8151
1700.5271
1496.2836
1397.9401
1296.8011
1296.247
1418.6462
1600.5821
1281.0512
1641.6287
1552.9142
1668.0171
1580.4715
1581.9639
1493.7546
1399.5283
1520.9271
1459.0147
1779.8941
1579.1321
1558.7915
1680.8362
1361.4459
1591.9716
1450.7103
1515.9159
1511.3202
1812.7927
1680.742
1440.4882
1250.1858
1626.3596
1739.0397
1621.1274
1657.8147
1674.6997
1468.2483
1541.2389
1364.1735
1436.0911
1560.1214
1465.6898
1599.3507
1310.7255
1618.054
1707.7472
1638.9873
1293.1221
1601.046
1464.9103
1729.8845
1332.7999
1669.233
1441.3088
1589.4947
1371.6263
1564.7238
1475.7157
1581.6343
1317.1421
1378.8178
1604.8362
1526.3672
1148.679
1514.1537
1454.9606
1542.8682
1529.5844
1722.9561
1693.789
1588.6665
1631.6583
1568.0416
1456.2689
1520.6259
1527.9152
1400.4198
1368.8703
1631.0596
1698.6717
1619.1087
1592.0153
1385.6645
1600.8371
1449.2238
1487.947
1599.5509
1551.4314
1707.2382
1617.3344
1619.8763
1461.219
1352.4008
1442.2475
1626.972
1486.9413
1497.7395
1485.147
1558.4593
1530.9851
1625.5391
1591.8067
1579.7385
1600.5705
1684.4556
1366.4208
1499.0948
1329.2042
1540.9111
1747.0776
1661.2533
1449.6225
1553.4036
1539.0796
1395.0616
1756.5084
1299.6046
1342.05
1501.9015
1705.1565
1586.2689
1454.2193
1503.6766
1546.4034
1511.8973
1713.3307
1320.9995
1500.617
1556.8209
1592.4666
1732.5419
1510.2174
1686.4058
1297.5402
1449.5671
1599.7769
1530.7292
1597.407
1570.9583
1508.0528
1538.9072
1504.1411
1605.9799
1811.1378
1554.2993
1320.685
1532.5093
1413.7678
1523.4571
1261.8321
1299.0395
1610.715
1339.1889
1517.7518
1328.6032
1377.313
1567.706
1538.1739
1423.2176
1638.2231
1403.4107
1483.0562
1206.8297
1398.6868
1599.5587
1383.2123
1561.1956
1542.5205
1530.3606
1518.9208
1529.375
1461.6932
1669.1366
1619.3846
1370.1208
1468.4413
1536.4429
1445.3444
1555.44
1142.3502
1555.2187
1545.5902
1681.4812
1670.1148
1658.4892
1395.4192
1489.0384
1546.6369
1420.8527
1473.013
1641.8812
1415.233
1443.2324
1386.1715
1339.7284
1458.6104
1329.1891
1457.9301
1557.1772
1435.9506
1344.6632
1364.2475
1588.7341
1559.8379
1265.0514
1324.7755
1392.4283
1423.049
1687.3827
1508.5189
1382.6639
1449.9443
1384.5634
1349.0187
1581.1329
1488.9635
1452.0942
1535.3646
1630.0562
1626.9762
1668.692
1768.615
1775.0684
1803.221
1438.8217
1358.4155
1450.6255
1613.2629
1505.8328
1589.1535
1781.3898
1525.4496
1456.4782
1696.1771
1490.4453
1620.2452
1643.501
1635.5137
1536.1311
1369.5262
1230.4501
1560.3453
1369.0516
1363.5546
1583.7408
1528.8797
1292.0722
1382.7595
1588.8703
1473.104
1274.7187
1518.3989
1413.3762
1428.1971
1384.022
1218.0611
1510.8211
1487.1563
1499.6286
1269.7971
1625.5463
1370.6953
1197.6627
1391.6589
1374.2995
1414.2052
1644.1504
1637.7117
1521.4568
1565.3108
1576.7358
1664.3002
1380.8635
1507.8035
1562.4216
1575.5667
1594.9327
1280.3981
1370.4517
1473.2287
1508.9617
1519.3264
1285.3494
1305.7302
1623.1657
1694.9165
1455.6816
1597.6152
1426.2113
1533.0731
1532.0718
1748.4358
1441.422
1480.2538
1630.9389
1587.3643
1416.3392
1473.7805
1513.5857
1375.1348
1327.1501
1308.9738
1418.2309
1634.6209
1500.658
1268.0918
1386.0067
1462.8551
1370.306
1351.831
1416.1557
1657.1786
1380.0815
1580.4571
1504.6988
1501.2365
1559.7693
1464.4182
1552.7503
1526.213
1630.809
1486.6897
1415.006
1307.6341
1534.6174
1306.3571
1544.655
1316.4345
1317.4399
1178.5756
1562.1983
1608.7477
1532.0893
1543.4073
1384.5018
1374.6844
1514.5857
1577.3617
1446.5691
1666.3597
1335.7962
1440.3305
1390.7355
1488.4665
1614.1289
1265.0355
1323.66
1622.3861
1466.599
1660.9601
1800.4679
1479.4434
1660.9424
1607.1895
1267.7011
1498.415
1308.8933
1580.864
1511.0321
1507.824
1657.1238
1538.8216
1469.9503
1961.3259
1413.5123
1469.7167
1380.9301
1384.5952
1464.5032
1458.6157
1471.4516
1396.3184
1406.884
1507.1957
1616.5149
1243.7549
1323.5615
1565.31
1284.676
1506.9468
1472.951
1575.0501
1591.2469
1524.6935
1379.1952
1258.7469
1084.8835
1380.8687
1411.7166
1531.5749
1407.7734
1518.6717
1358.106
1404.5489
1538.6848
1555.8042
1418.1788
1454.1669
1572.0434
1367.2518
1590.3436
1496.9438
1471.134
1765.9994
1578.2183
1501.6617
1506.8928
1322.2808
1325.5863
1552.6002
1371.0798
1441.202
1716.1488
1586.6664
1362.8862
1266.6933
1306.9164
1602.2789
1464.2343
1388.3487
1273.0594
1479.2199
1549.7158
1642.0737
1432.7758
1609.1597
1394.8025
1547.1201
1459.143
1467.5189
1351.2065
1603.5344
1330.2188
1341.938
1584.384
1377.6842
1428.0152
1421.6693
1375.868
1565.8404
1275.6592
1364.5067
1481.1526
1484.9219
1396.5491
1630.1893
1663.6298
1636.6451
1618.8386
1351.3818
1593.613
1634.1651
1599.2672
1356.0106
1664.9643
1315.5271
1415.0105
1494.4336
1316.0004
1471.5559
1478.3545
1361.2816
1273.6355
1605.8965
1408.8869
1280.0812
1478.5117
1507.8551
1533.3399
1501.3982
1372.7911
1617.8295
1302.717
1556.5504
1273.176
1503.1151
1481.4566
1446.3849
1509.3821
1857.1644
1509.2092
1216.5933
1482.9009
1647.6919
1520.9873
1265.2766
1152.564
1374.6177
1458.5752
1549.2753
2016.0578
1670.6334
1757.0196
1563.0759
1665.8346
1599.1959
1554.5176
1104.073
1484.3723
1451.4505
1522.5808
1585.519
1466.8629
1436.3661
1220.4077
1273.7017
1588.0425
1570.5108
1578.4223
1554.2705
1238.7591
1216.4672
1381.7786
1340.2738
1333.5824
1352.3816
1548.4751
1613.828
1537.8089
1605.5557
1593.7685
1438.7713
1294.8239
1658.7378
1320.123
1226.8286
1560.822
1457.0489
1502.6755
1430.318
1384.7547
1353.4716
1483.6713
1321.7049
1618.0019
1489.7585
1543.9909
1557.3056
1433.8792
1350.067
1490.2819
1681.9537
1594.0157
1512.8315
1579.7503
1519.2025
1411.1969
1649.6313
1535.4108
1610.5912
1419.4643
1562.175
1398.6969
1539.1383
1622.4219
1428.1651
1538.6759
1420.1567
1325.9158
1495.6061
1771.6889
1675.3032
1456.4384
1537.5129
1423.4181
1497.0069
1316.1246
1301.8867
1432.0934
1460.801
1312.3835
1159.6271
1342.1435
1377.218
1556.1134
1302.6188
1666.9701
1598.1317
1571.374
1547.8346
1525.1764
1242.6107
1587.5942
1429.1918
1576.9779
1536.0947
1484.1543
1246.4041
1497.7785
1574.6437
1551.9443
1731.7582
1830.9222
1731.4362
1496.7605
1403.3943
1450.8621
1402.1976
1485.5202
1363.3666
1384.9714
1265.6857
1511.3791
1605.4896
1519.902
1453.5808
1394.3729
1297.8904
1526.654
1724.0131
1727.1418
1390.705
1161.0584
1122.1889
1184.8946
1387.9614
1639.1031
1348.81
1738.7108
1795.343
1764.7945
1486.2918
1342.9731
1471.9658
1564.9889
1513.9274
1597.093
1590.5245
1472.4278
1672.8467
1544.0628
1482.0274
1524.2361
1321.5561
1492.698
1360.8772
1402.1057
1405.3815
1551.3795
1447.2754
1584.2078
1516.5744
1678.1593
1558.9527
1482.8194
1313.8329
1481.1036
1449.6661
1593.6589
1437.0443
1379.1473
1308.5201
1292.0933
1205.8279
1364.9621
1283.9475
1304.2713
1378.2409
1505.3682
1343.9037
1683.7857
1114.5101
1638.5873
1186.5212
1252.578
1543.9781
1430.3255
1635.1995
1522.6857
1563.0876
1213.6189
1234.7306
1544.5779
1610.2954
1590.4782
1479.4833
1461.4438
1460.114
1445.5073
1285.584
1180.4157
1409.2419
1417.8662
1592.6237
1559.855
1553.0355
1573.7842
1648.8968
1530.8379
1825.2493
1575.3
1397.9335
1594.3941
1459.7949
1597.9024
1554.5828
1231.0602
1317.4416
1393.8292
1608.8465
1655.7517
1620.6129
1685.0393
1769.624
1552.0914
1597.5694
1621.8469
1313.8807
1465.1773
1446.3192
1644.1361
1786.0375
1548.6937
1463.0519
1555.4344
1644.5166
1405.0545
1370.5917
1335.7463
1461.8302
1414.8091
1355.5407
1575.25
1672.3289
1678.3045
1657.4544
1688.0195
1458.8309
1484.8951
1682.525
1532.805
1590.9687
1396.1919
1306.4818
1351.7034
1571.6339
1747.5265
1697.657
1620.5956
1445.6583
1411.782
1590.9947
1536.9069
1593.7445
1707.9688
1458.5206
1505.3776
1643.189
1874.8305
1811.0101
1493.7724
1453.4292
1206.1699
1383.7956
1702.3971
1587.554
1634.2693
1412.8437
1451.1401
1680.4904
1572.2764
1359.3951
1360.9857
1486.7649
1430.6301
1175.6613
1516.5877
1600.5106
1490.1642
1780.4773
1494.1184
1326.1513
1584.4118
1382.9633
1753.164
1647.6407
1575.0019
1461.9748
1569.9129
1267.8286
1380.5293
1569.702
1425.2445
1654.2974
1378.1372
1479.0153
1357.2805
1501.6317
1244.5805
1393.9562
1559.4577
1498.1227
1713.8327
1648.4842
1579.3777
1592.1368
1733.3529
1503.9569
1301.5392
1335.3255
1432.2424
1413.7488
1681.1766
1651.2415
1416.8453
1317.3521
1327.3537
1524.5611
1451.5617
1455.5002
1452.2264
1559.4071
1323.384
1503.0425
1524.1224
1500.7466
1627.3797
1376.6044
1538.7555
1419.494
1667.5988
1566.0476
1189.0397
1237.6635
1416.1304
1406.28
1531.0601
1550.0319
1262.2776
1373.2282
1427.2456
1432.2015
1562.8096
1634.3457
1489.7249
1414.8619
1371.8594
1465.3197
1451.8506
1660.9064
1393.6722
1448.2217
1491.9657
1452.0077
1356.4449
1376.125
1645.6655
1521.4614
1497.8496
1477.6301
1249.6622
1599.3165
1414.1024
1407.8389
1643.6566
1524.8595
1475.0567
1716.557
1406.7695
1454.8835
1340.7538
1538.4729
1336.6758
1378.7291
1373.3114
1279.8617
1159.6551
1372.1268
1629.7131
1365.309
1325.9173
1657.8445
1387.642
1339.7351
1304.008
1278.5488
1629.1517
1775.048
1416.0113
1446.6655
1413.3306
1368.3237
1399.2799
1442.5687
1177.6372
1610.6714
1466.2824
1546.5865
1497.4871
1418.1536
1419.7093
1293.6413
1402.3462
1490.1895
1236.7718
1151.6894
1284.1347
1211.1629
1679.2872
1481.8663
1495.3077
1520.1937
1486.1708
1350.2936
1411.9911
1280.8841
1255.9042
1362.0127
1457.7227
1339.0571
1457.032
1461.8239
1548.2834
1670.8573
1592.1174
1392.1339
1539.785
1439.602
1669.8405
1356.2614
1368.0505
1715.3791
1647.9993
1561.3772
1555.0212
1566.6127
1598.2248
1427.2923
1868.5368
1482.7584
1413.966
1537.0406
1723.0533
1581.1338
1658.5635
1337.8292
1591.9636
1365.9711
1557.7101
1433.4212
1477.2294
1529.6438
1544.3981
1553.6989
1409.7936
1615.5053
1419.2754
1682.7736
1481.7061
1420.5055
1555.2422
1421.9905
1303.7415
1402.8656
1658.4256
1733.6274
1676.349
1705.3961
1318.6722
1597.4076
1552.2954
1422.9605
1465.8476
1343.6765
1310.0545
1275.8663
1267.5769
1368.72
1443.6523
1268.7789
1398.7923
1363.5017
1227.3714
1191.0038
1493.7975
1665.7671
1207.5014
1476.1503
1401.4426
1426.583
1589.9378
1659.1372
1595.6598
1243.461
1439.8474
1387.8549
1519.4759
1645.8587
1662.3077
1563.2838
1544.984
1306.8443
1646.088
1484.9268
1474.7661
1421.1387
1629.0659
1403.8061
1556.9073
1599.5498
1331.4966
1572.5578
1532.2851
1812.8121
1616.2961
1870.4395
1679.5203
1474.3855
1491.3187
1451.2781
1244.7931
1405.2452
1471.8177
1465.0723
1532.3957
1206.9083
1252.098
1517.2918
1647.6975
1455.7958
1564.9926
1453.7004
1521.9992
1520.4076
1663.262
1437.867
1358.822
1414.8331
1285.0856
1438.5093
1322.1929
1235.6073
1529.0565
1392.7725
1491.9595
1238.2201
1288.9793
1330.325
1379.4644
1656.0604
1466.9278
1213.7986
1414.0139
1307.9459
1162.2343
1256.1533
1481.6977
1581.6427
1550.6303
1597.9853
1443.1915
1569.5931
1653.6824
1564.6049
1572.3819
1373.932
1409.9064
1379.831
1498.4009
1342.0577
1385.4014
1460.6992
1237.7249
1636.1556
1570.0072
1612.9347
1471.1693
1405.0657
1242.1334
961.74183
1281.3548
1562.5377
1377.0294
1387.7961
1610.8687
1598.2729
1432.2223
1412.0645
1431.1097
1382.5242
1519.2327
1422.0023
1486.344
1492.5779
1327.0841
1308.7352
1702.8517
1384.9519
1629.2276
1200.3464
1378.3578
1463.751
1384.3216
1460.8562
1331.4387
1370.0238
1583.6221
1566.6277
1398.7874
1458.4357
1198.8454
1232.6358
1587.8636
1395.6928
1495.5966
1483.0334
1394.2325
1553.4969
1427.0207
1445.9433
1324.1045
1477.4005
1350.1034
1697.4059
1580.2203
1297.6574
1341.1588
1197.8523
1445.3244
1540.0642
1540.209
1546.7923
1427.2882
1507.4651
1730.0702
1493.1735
1356.6133
1470.1334
1508.3829
1783.7462
1587.7973
1457.5989
1431.4
1480.4444
1399.2693
1374.7331
1458.2492
1443.7057
1563.7417
1281.3475
1375.6403
1405.7638
1343.3275
1239.1064
1275.0329
1654.1347
1402.4182
1589.1554
1561.5987
1441.9941
1501.9548
1333.0065
1466.8849
1316.3819
1390.0038
1740.2519
1658.9175
1417.0412
1603.6723
1416.9079
1405.0529
1365.1403
1414.1567
1206.9355
1853.5228
1498.2425
1380.7829
1635.1888
1750.1753
1399.8728
1691.6143
1626.6155
1616.3542
1384.5353
1465.2337
1393.9167
1515.4984
1749.2773
1456.9273
1473.7562
1611.7125
1591.3574
1576.8774
1604.4413
1536.3274
1375.8706
1571.2586
1488.5489
1384.8321
1239.2316
1559.6979
1287.6098
1161.3273
1321.9002
1566.5536
1372.7981
1514.8721
1466.8909
1345.1635
1604.8691
1502.1054
1365.8974
1490.5987
1356.8927
1291.1925
1438.7314
1519.0396
1491.8851
1344.624
1294.4986
1294.739
1164.8316
1402.112
1315.7663
1279.1108
1443.753
1568.5207
1306.7862
1305.7357
1448.1357
1450.5284
1330.772
1398.0494
1402.7432
1709.7681
1684.695
1654.5404
1688.2557
1244.3934
1360.6932
1492.2396
1792.8708
1608.7482
1397.0231
1773.9744
1572.7649
1355.8345
1422.2772
1421.0978
1424.4028
1354.1078
1496.1471
1744.3001
1553.0248
1600.6915
1515.4585
1476.4863
1284.7734
1305.702
1368.9044
1418.8464
1149.9527
1275.1751
1533.747
1602.681
1489.1344
1421.8665
1600.8418
1556.9286
1211.1244
1731.165
1409.2829
1531.1774
1464.3026
1422.9628
1203.7111
1618.6458
1616.6126
1605.5843
1759.0297
1550.6675
1425.6366
1508.309
1487.672
1350.2007
1522.5508
1794.4471
1475.4987
1476.5065
1592.9095
1623.746
1509.0539
1541.8887
1390.8706
1466.6766
1146.5191
1743.6618
1673.0575
1275.9481
1406.4281
1490.3338
1361.7678
1570.4935
1624.4294
1711.4356
1894.3869
1706.314
1555.3013
1817.7622
1609.3202
1262.2504
1255.3138
1194.0007
1572.8489
1656.1358
1534.587
1473.1783
1452.3964
1180.0679
1385.9278
1599.8337
1412.4277
1336.9938
1369.0773
1375.9615
1588.3198
1265.9249
1479.695
1342.1313
1395.0287
1487.2511
1448.9241
1326.4493
1518.0939
1044.2915
1428.3877
1426.9322
1618.7691
1527.5247
1282.7254
1407.0309
1456.8402
1525.0268
1424.0783
1506.5729
1357.6402
1373.2072
1424.5141
1269.0872
1248.4902
1418.8427
1398.2213
1410.0443
1209.5815
1409.8843
1365.8431
1408.1755
1466.5537
1338.0333
1672.9652
1387.1113
1581.2543
1077.8172
1376.7005
1498.1722
1438.1745
1375.7818
1331.7301
1033.6447
1417.0232
1290.8421
1324.2677
1378.2954
1063.0861
1352.9307
1281.6584
1455.2049
1671.833
1413.3242
1452.7399
1242.1559
1276.3408
1484.6737
1629.2025
1489.906
1624.4111
1499.2449
1569.3222
1404.383
1315.3422
1270.0829
1600.2446
1314.7508
1608.4371
1505.3152
1404.6158
1333.56
1314.1526
1492.4068
1487.1153
1339.433
1533.1
1463.6621
1412.6713
1540.5994
1505.3033
1520.9948
1484.6843
1254.7288
1456.0149
1244.6807
1252.6137
1699.8862
1680.9645
1360.2295
1375.416
1295.2703
1422.3108
1068.7956
1618.9288
1580.714
1493.0295
1450.4618
1496.2382
1351.2401
1369.3026
1241.3074
1346.6426
1565.622
1516.2554
1665.2754
1605.3351
1566.1263
1363.9423
1562.3501
1299.6271
1478.3485
1653.0139
1572.9266
1504.408
1658.9132
1327.9769
1673.7774
1632.7728
1458.3296
1364.6318
1393.4558
1495.0638
1490.4557
1508.4837
1499.888
1515.5437
1401.2843
1616.9409
1546.2091
1207.7238
1652.1706
1513.652
1576.0267
1403.829
1577.5429
1673.3539
1615.997
1423.0495
1175.9258
1397.158
1447.3492
1341.8594
1756.3118
1707.4009
1659.8329
1326.7667
1514.052
1495.3244
1675.0843
1688.4513
1241.4325
1371.0898
1421.9043
1663.8738
1711.8978
1694.4318
1651.3585
1500.197
1495.3938
1763.9682
1575.3511
1524.5198
1439.9177
1090.9566
1329.4616
1551.1599
1595.5842
1593.4474
1716.5714
1681.6688
1397.0757
1235.3012
1381.0885
1443.821
1467.3845
1399.6244
1503.5076
1617.3212
1602.2468
1524.6343
1408.533
1532.6465
1511.0051
1344.6629
1569.5217
1468.3346
1579.5797
1564.328
1218.7182
1455.5702
1397.0309
1548.4315
1578.9789
1839.2787
1617.5882
1408.2067
1556.3023
1367.5494
1464.026
1409.8695
1440.5024
1432.0255
1819.8197
1455.9572
1641.9387
1663.5503
1683.9388
1754.1096
1583.2643
1391.8179
1484.5833
1448.5091
1295.0705
1344.5447
1577.4427
1340.5324
1543.1276
1281.8689
1715.864
1505.4805
1368.1167
1635.52
1667.9713
1365.6533
1353.9796
1561.3155
1406.7377
1227.0849
1382.1634
1619.6958
1511.3294
1457.8317
1462.755
1363.1424
1530.2341
1403.4058
1613.8031
1525.7334
1583.742
1522.8308
1636.5764
1360.4255
1392.1121
1592.7207
1671.5129
1596.6758
1503.526
1321.2411
1419.471
1254.4008
1613.3837
1532.8539
1549.8927
1472.7952
1389.767
1440.7466
1562.9018
1913.4359
1453.4779
1677.5945
1461.025
1407.7074
1335.3249
1388.1415
1438.1795
1331.3097
1592.6276
1742.3262
1520.9399
1540.6943
1328.1951
1456.1439
1391.8382
1545.6268
1497.5689
1560.3636
1422.2169
1404.0002
1424.5679
1634.2679
1547.631
1401.7161
1670.7281
1688.6562
1463.8661
1329.05
1371.8943
1226.3243
1597.9405
1548.2943
1358.1899
1465.2361
1380.6214
1613.469
1424.1337
1394.9422
1376.5655
1534.0438
1733.2988
1556.0621
1533.1641
1522.0564
1650.0643
1480.8483
1769.7033
1694.2116
1403.0817
1557.64
1571.4674
1635.0852
1481.3705
1403.9775
1288.9234
1242.7608
1549.0884
1346.5588
1744.5535
1645.9247
1274.1282
1542.996
1717.8888
1786.5468
1719.6765
1602.6332
1450.7175
1404.7429
1662.4597
1684.1441
1631.8461
1872.1196
1642.8468
1440.992
1621.4258
1561.5319
1653.5459
1835.4852
1584.6082
1860.9783
1626.9181
1572.0225
1524.7509
1511.8828
1486.2668
1530.072
1226.7132
1464.5395
1677.6582
1745.5617
1764.5057
1356.4001
1405.565
1352.3452
1421.1653
1488.2946
1517.8848
1645.8164
1456.3463
1473.4765
1398.1596
1558.3297
1584.8864
1614.0497
1731.5625
1631.0585
1345.335
1554.172
1442.9882
1577.4535
1726.1891
1473.5758
1172.0586
1533.9934
1693.6263
1479.0454
1459.6534
1313.9804
1211.897
1331.2955
1412.8676
1419.5746
1420.1442
1550.5503
1644.3108
1616.7458
1621.745
1517.5108
1387.2883
1334.3708
1241.023
1441.1352
1602.8457
1795.6797
1739.5971
1333.7565
1495.1719
1394.0845
1581.2118
1350.2375
1545.9145
1554.0866
1489.8938
1470.2365
1498.1827
1760.5955
1689.5185
1662.127
1482.4114
1311.2731
1485.3446
1470.7473
1676.1458
1751.51
1547.2197
1706.2362
1595.8185
1482.8895
1410.6853
1746.6076
1447.0008
1527.9859
1703.8549
1638.4983
1835.5693
1276.9503
1477.2799
1593.1822
1463.5328
1582.9972
1585.5425
1505.9156
1643.2612
1487.622
1211.7403
1482.9368
1265.6127
1256.4568
1533.3913
1533.8139
1498.3611
1456.0046
1252.9231
1658.61
1432.2166
1502.9906
1369.6413
1585.3846
1614.3701
1545.7247
1632.3238
1494.6147
1528.2911
1411.987
1645.0684
1370.2163
1503.8162
1473.2719
1494.0434
1420.7075
1306.0677
1215.8372
1532.2703
1605.9162
1521.7703
1654.0232
1379.0944
1367.6784
1325.6788
1504.237
1463.1275
1485.546
1198.9449
1443.2196
1284.4248
1477.2916
1565.6719
1462.2237
1577.1857
1321.8009
1347.1016
1542.3316
1576.0884
1451.8018
1479.1586
1495.9741
1598.4616
1280.5871
1484.1671
1625.6825
1412.0774
1406.0343
1758.1137
1292.6453
945.08702
1235.7633
1252.5441
1531.6646
1335.2848
1225.8794
1295.8578
1356.4855
1214.6866
1380.3014
1521.8944
1360.271
1389.7301
1517.5345
1658.294
1524.5445
1683.9016
1503.4005
1143.6784
1439.1129
1201.8152
1210.1467
1267.0245
1382.5134
1501.7196
1552.8652
1316.8985
1456.5107
1254.4063
1320.231
1647.6897
1596.2255
1504.6108
1395.3994
1457.7233
1518.2594
1368.6597
1384.1555
1602.2297
1317.4994
1308.6722
1643.8441
1636.2482
1614.4906
1427.5772
1451.597
1787.0279
1620.4952
1761.1263
1535.3645
1733.5173
1564.6064
1472.62
1398.9186
1424.2604
1597.6591
1535.3599
1648.9321
1621.314
1487.2793
1373.0277
1568.735
1588.8773
1453.7135
1385.1206
1484.6466
1663.612
1668.7659
1493.1471
1448.9256
1518.5017
1536.4105
1699.046
1781.3386
1539.5962
1718.5038
1329.4173
1460.0414
1579.604
1567.9182
1537.1478
1558.6259
1360.5919
1392.6096
1547.5857
1494.3041
1882.3302
1737.3847
1638.23
1754.6753
1567.1875
1556.7801
1530.1392
1682.7196
1609.1677
1494.1288
1357.2875
1551.2474
1692.6641
1560.0192
1646.6971
1777.3653
1549.2358
1494.5776
1388.3968
1633.3953
1646.2745
1308.8471
1417.1978
1535.7289
1820.3041
1468.3547
1542.9954
1619.5806
1470.9652
1620.7434
1608.0809
1560.464
1845.878
1661.7586
1603.5188
1736.8327
1495.6682
1906.755
1570.8123
1673.3791
1666.5889
1557.3306
1679.7374
1452.2995
1868.9964
1765.717
1555.8776
1318.0866
1395.943
1286.8074
1567.583
1610.3276
1663.0274
1526.1263
1685.4651
1751.3073
1709.4762
1571.9981
1556.5514
1642.594
1747.5491
1642.1403
1535.2845
1354.9996
1574.2622
1587.4302
1750.3936
1538.6973
1295.5784
1397.8575
1110.8778
1504.3806
1469.4443
1616.7499
1634.9669
1514.4746
1577.803
1586.6115
1655.7269
1524.7811
1428.3773
1381.9199
1672.0734
1578.7206
1494.3515
1678.2119
1768.5813
1388.7833
1521.6734
1630.3486
1504.3441
1459.911
1260.2067
1562.8338
1475.8598
1615.9714
1432.1172
1335.1376
1653.0201
1556.8754
1590.0494
1489.178
1679.6435
1437.2731
1656.6379
1649.9101
1667.9452
1522.2862
1425.1927
1534.4071
1816.6443
1554.913
1716.4071
1570.0627
1508.8495
1526.582
1540.9132
1538.5172
1618.5107
1627.6706
1579.024
1374.6776
1366.1515
1463.597
1477.9399
1494.7499
1592.3111
1494.4269
1551.9359
1476.1681
1598.7753
1380.66
1544.6496
1674.6938
1586.8021
1458.9937
1715.3592
1511.1973
1512.0137
1585.6907
1393.457
1488.8181
1486.8166
1690.0752
1661.0579
1693.0097
1463.2011
1444.9239
1559.8572
1582.405
1422.8372
1430.9543
1600.9221
1532.1379
1679.5779
1653.8087
1552.604
1366.6685
1565.9657
1482.8641
1350.1819
1673.5457
1411.4954
1574.7317
1476.4378
1425.0875
1319.6026
1445.8944
1570.9796
1401.5983
1304.3771
1496.0212
1575.4591
1566.5226
1589.6589
1427.035
1747.4586
1466.6477
1692.6161
1642.561
1662.3104
1518.5392
1692.9742
1494.4676
1429.8278
1159.088
1578.5782
1341.741
1337.6986
1540.5055
1620.1991
1348.1487
1281.5137
1438.5231
1711.9042
1554.035
1815.6496
1462.9254
1669.3964
1294.007
1592.4742
1360.4539
1527.3837
1470.9077
1425.2749
1537.7007
1430.3785
1251.1225
1589.0942
1559.6158
1539.6205
1516.6169
1405.4269
1447.0664
1401.173
1487.5921
1258.3002
1656.8184
1461.0524
1393.7678
1199.8872
1540.4799
1336.1397
1376.0157
1389.9323
1467.9612
1543.904
1374.6824
1490.4415
1652.0619
1394.3424
1452.9875
1541.7965
1450.7026
1471.1401
1591.7651
1637.6376
1561.4771
1481.677
1318.795
1298.9667
1417.7427
1402.7955
1278.3489
1407.456
1432.6142
1671.2963
1632.9785
1378.6447
1552.4699
1347.9764
1560.8544
1455.8495
1525.1515
1514.412
1268.0187
1480.3489
1619.2119
1475.4479
1556.3191
1392.5208
1381.5477
1501.108
1404.5996
1592.9801
1443.0336
1490.1107
1562.4405
1393.8478
1586.7673
1551.6968
1764.2211
1782.2585
1337.0243
1283.0713
1210.5852
1203.4384
1504.5002
1365.8087
1393.3339
1272.2191
1453.4437
1452.1935
1377.6531
1549.163
1679.9506
1528.9047
1692.934
1501.5032
1273.5643
1398.7562
1630.6565
1369.1623
1296.2342
1399.0229
1596.1878
1344.7921
1659.7926
1662.145
1357.7095
1459.9532
1377.6291
1251.1219
1324.5777
1200.4343
1447.0497
1620.3916
1364.0574
1703.9937
1558.8206
1197.5009
1290.3915
1122.0402
1527.9984
1497.0333
1401.5894
1524.8113
1521.59
1513.8011
1427.2842
1311.1485
1589.5962
1607.8196
1429.7187
1515.2678
1815.7758
1699.7104
1328.8881
1378.5591
1534.7039
1525.3601
1536.0813
1497.6902
1609.3516
1426.5637
1424.856
1148.3853
1337.094
1446.02
1387.8664
1458.1303
1540.0552
1699.7991
1749.4346
1624.4709
1522.4341
1845.1875
1583.5949
1518.4568
1598.1409
1510.3484
1491.3478
1534.5703
1835.5883
1592.1082
1585.2262
1435.6895
1349.1877
1348.4371
1476.5042
1636.3242
1802.3358
1591.3876
1636.2965
1867.7587
1451.833
1734.6148
1373.623
1325.5639
1692.4334
1374.4194
1329.3785
1479.121
1410.019
1176.4084
1610.9649
1178.3339
1286.0689
1451.3981
1568.5654
1344.8593
1437.122
1352.5215
1298.1411
1406.5574
1680.726
1830.7382
1563.2432
1310.041
1415.6782
1416.7623
1575.3802
1630.8976
1569.3905
1188.4208
1314.9284
1343.7697
1237.2118
1339.6582
1395.8901
1635.5795
1798.3771
1666.9421
1365.505
1757.159
1720.0286
1482.4135
1550.8806
1447.2419
1354.1134
1870.6545
1299.2742
1426.5009
1335.3704
1341.508
1480.6274
1569.8596
1618.7114
1568.0753
1611.4639
1559.068
1454.3093
1284.8675
1665.7266
1380.3273
1410.5267
1375.6182
1593.8002
1617.1564
1418.2083
1606.9787
1528.6946
1596.0354
1597.4726
1724.4904
1418.1715
1447.1975
1513.967
1683.1018
1516.5472
1605.1207
1683.7722
1619.4632
1696.9085
1666.225
1598.4153
1399.2813
1407.5254
1440.9022
1410.0163
1492.7712
1662.346
1694.7254
1517.3074
1309.0504
1607.5405
1441.4282
1554.8232
1537.0942
1639.1327
1715.0965
1586.7517
1377.2475
1676.1493
1495.3312
1434.5338
1523.9887
1484.9864
1895.1781
1738.8157
1662.1005
1713.9287
1356.4557
1474.6882
1843.3297
1534.8289
1772.6808
1752.0005
1618.8441
1534.3533
1670.8136
1548.9176
1548.2358
1862.7696
1728.8752
1355.8257
1638.5353
1578.4218
1541.4233
1527.0986
1428.3818
1512.3857
1498.691
1616.4323
1746.656
1465.2912
1704.6939
1535.4404
1644.4506
1382.5515
1467.5597
1610.6362
1336.4626
1420.0295
1440.5548
1560.497
1848.2729
1647.95
1542.8721
1540.8576
1598.7577
1284.6359
1668.1167
1831.2504
1648.3624
1421.8715
1349.4942
1458.5369
1618.0163
1526.0125
1593.4093
1618.7908
1590.2086
1525.2418
1405.2613
1588.2362
1664.2557
1495.8977
1398.8477
1571.2695
1646.9727
1562.0443
1566.4277
1545.8681
1665.4912
1366.9477
1715.4587
1262.0171
1670.9854
1640.16
1409.4339
1548.8421
1299.3419
1519.6754
1527.0607
1428.9689
1266.2466
1512.7961
1598.9049
1322.0528
1713.6808
1562.5685
1392.6807
1558.3241
1653.0956
1395.2134
1299.8757
1518.3111
1391.1675
1362.669
1340.3736
1282.2451
1545.1411
1466.3666
1524.383
1730.5074
1581.1139
1465.0189
1431.838
1054.4058
1477.6352
1509.3217
1692.6736
1806.9949
1612.4198
1482.5268
1344.5919
1605.1688
1467.7202
1702.3467
1473.6248
1726.7389
1758.7064
1645.5887
1572.2058
1548.5164
1454.5755
1486.1184
1318.9685
1530.0966
1347.6949
1345.2794
1433.1505
1569.592
1305.6575
1681.4266
1725.5366
1332.9083
1628.5419
1159.013
1419.5874
1470.6291
1752.7838
1508.8567
1342.1857
1518.4413
1674.8564
1697.8292
1565.448
1494.0016
1777.4326
1455.7423
1542.1862
1685.001
1583.546
1385.6984
1221.7631
1549.2696
1489.1034
1486.1135
1530.0402
1566.8445
1696.9284
1725.8044
1777.8329
1776.3824
1676.2503
1600.7332
1430.2062
1598.8803
1837.1474
1662.0867
1642.1583
1578.627
1389.9438
1240.2329
1392.5875
1572.5185
1468.788
1409.992
1636.1839
1395.4851
1718.8001
1456.5394
1543.1926
1529.645
1772.705
1685.7851
1317.5149
1436.0116
1441.0594
1455.4051
1426.3899
1552.2746
1656.0752
1756.702
1550.4039
1790.6982
1362.117
1688.3446
1730.7069
1375.5375
1376.31
1434.1102
1593.6704
1474.7745
1605.7138
1597.8754
1544.714
1423.9616
1462.7758
1563.7997
1635.5694
1431.2532
1406.9642
1532.0787
1548.1185
1656.1385
1840.6964
1905.4841
1549.0009
1615.4044
1479.3809
1518.144
1162.6
1868.4222
1806.9153
1438.4608
1724.257
1558.8638
1611.8523
1761.9521
1818.7246
1633.6931
1553.6174
1733.5157
1637.6627
1687.7073
1685.1261
1775.719
1687.5433
1453.6084
1445.8566
1406.0985
1493.1129
1557.6292
1696.544
1437.9952
1525.3994
1366.9169
1500.6035
1685.5066
1487.1373
1403.2963
1557.6824
1531.14
1564.4591
1459.3134
1549.2523
1723.7871
1409.2533
1557.3232
1624.3698
1458.0051
1536.1045
1415.289
1631.8894
1676.6621
1466.6066
1584.8134
1474.4456
1561.0274
1343.4255
1627.537
1537.3438
1709.0938
1371.2039
1638.3076
1672.5002
1324.9367
1528.4309
1578.8685
1705.1037
1621.1863
1542.1261
1721.2437
1446.1794
1462.1696
1463.4213
1532.3667
1444.5832
1757.7617
1625.2922
1492.077
1410.3939
1423.7543
1566.4601
1406.0054
1467.5277
1600.0189
1505.882
1481.0323
1440.5745
1642.9423
1304.7819
1490.7535
1487.6301
1602.606
1399.3324
1695.0001
1562.1834
1454.3601
1508.2288
1605.1377
1521.5857
1406.1852
1549.1673
1516.1904
1520.6402
1347.146
1438.6265
1774.8646
1286.962
1458.4624
1729.5369
1643.1354
1692.7066
1573.3423
1575.2895
1299.9466
1504.3141
1707.7638
1599.8945
1580.16
1446.1701
1412.7845
1527.6954
1445.3886
1387.8407
1550.7351
1608.0351
1863.8379
1477.7322
1586.1147
1430.1172
1551.4024
1515.8676
1634.5621
1592.1196
1463.6871
1271.4614
1443.4866
1398.4107
1671.9741
1496.5211
1419.2148
1548.3427
1665.8848
1539.999
1458.7454
1205.7849
1678.4892
1600.7918
1462.6691
1583.6339
1516.0819
1716.4452
1289.5911
1221.5543
1314.0786
1419.6145
1439.3671
1234.5034
1501.5363
1487.6029
1308.1471
1578.4823
1462.9099
1781.0648
1790.8874
1621.9504
1211.4521
1497.1866
1606.1492
1350.493
1194.646
1502.9252
1276.3704
1316.5834
1758.5419
1496.5972
1402.4362
1488.909
1590.2508
1748.47
1585.8488
1723.8576
1854.3145
1590.9157
1702.1622
1378.703
1458.2998
1480.4942
1401.3495
1671.8419
1786.524
1599.1423
1572.8872
1500.9827
1199.4264
1613.0921
1415.4499
1253.6219
1392.191
1450.3696
1268.1151
1347.7394
1430.4669
1398.5191
1602.9802
1364.4362
1495.0838
1441.8397
1782.3533
1346.2359
1269.4746
1311.5991
1469.8758
1274.161
1659.4046
1609.211
1470.3896
1461.563
1456.8462
1458.573
1478.3948
1451.1684
1434.7128
1592.3652
1539.3201
1422.9766
1554.0302
1468.8517
1416.1636
1357.5006
1657.2202
1613.8279
1509.5926
1566.9781
1285.5647
1480.8888
1458.0645
1448.4891
1361.6376
1632.9847
1284.9642
1303.7569
1465.9622
1385.8852
1684.2783
1475.8781
1589.2819
1690.2415
1490.2219
1521.8507
1394.4464
1226.5127
1318.4507
1385.7122
1363.239
1246.2395
1439.3065
1676.1974
1516.5212
1301.4713
1486.0301
1474.7347
1320.6704
1524.4098
1226.7193
1474.8882
1752.0117
1489.0076
1393.4255
1346.12
1397.3253
1634.7701
1181.0406
1517.823
1199.6804
1434.1727
1446.4553
1305.7853
1264.8024
1602.5122
1449.988
1505.6683
1391.9124
1425.9052
1363.4849
1552.2542
1443.5606
1496.6737
1386.1125
1430.3231
1427.6108
1546.1784
1286.2273
1434.4251
1602.4973
1447.3352
1435.2637
1531.1699
1738.268
1571.4081
1346.4025
1231.9157
1434.6846
1739.0176
1514.6122
1348.4601
1252.1474
1435.5638
1597.2445
1723.5124
1718.8085
1450.4579
1411.4507
1201.9524
1537.4306
1630.3819
1573.9648
1510.9328
1445.6384
1385.0048
1712.546
1524.8169
1410.4194
1247.496
1570.0353
1791.071
1464.1539
1499.5302
1356.4072
1360.0331
1625.3062
1515.0409
1284.9712
1544.4113
1563.1049
1671.9305
1460.0472
1431.7869
1289.006
1438.3554
1366.4511
1686.4413
1577.0811
1340.7484
1507.8931
1514.4858
1401.277
1313.8361
1506.0882
1421.0913
1632.1973
1587.343
1680.5657
1756.1841
1480.4222
1686.4143
1746.6092
1857.462
1659.3955
1395.7035
1668.6709
1546.541
1364.7557
1347.422
1561.9041
1386.6436
1468.9705
1472.2623
1506.4711
1741.9299
1705.355
1735.8895
1562.1195
1845.3932
1425.5613
1600.8671
1409.9459
1518.0037
1378.4168
1675.4058
1479.3552
1388.2107
1529.9419
1544.0244
1667.8014
1583.983
1276.9662
1563.2049
1661.2882
1588.6601
1588.2307
1511.7024
1407.4736
1487.392
1276.7233
1472.2624
1452.2942
1429.1029
1566.5234
1695.9484
1288.0944
1383.0976
1567.8916
1520.1828
1566.204
1223.1845
1281.9434
1405.9619
1351.8386
1558.2195
1458.5235
1431.7134
1704.1949
1723.3373
1275.0126
1417.8751
1776.5209
1686.2297
1338.9363
1513.4732
1647.7124
1368.3827
1300.9909
1233.2638
1563.8982
1250.1772
1429.3033
1611.783
1485.4688
1343.0383
1325.4887
1420.2547
1347.2371
1715.7885
1722.7192
1712.0017
1275.6539
1330.9312
1429.3888
1415.5265
1536.2314
1539.0055
1514.0128
1674.2389
1550.553
1554.1742
1266.5439
1409.391
1309.3315
1690.3038
1722.6649
1476.5275
1520.9879
1577.009
1608.9028
1750.7055
1605.644
1790.7712
1439.8335
1427.6502
1688.38
1457.772
1508.6985
1573.6246
1472.3116
1575.5156
1401.8723
1391.0072
1396.906
1747.4013
1455.3488
1281.3038
1562.2718
1402.7136
1592.8569
1601.1524
1746.9579
1578.9003
1603.4694
1579.0755
1702.5964
1367.8014
1513.0751
1342.2486
1637.308
1420.873
1432.0089
1677.2369
1308.6933
1575.8787
1556.9138
1422.3969
1411.5302
1331.316
1709.0931
1487.9617
1513.7042
1488.6579
1456.1761
1571.5973
1325.4307
1316.1521
1451.1834
1440.2506
1665.2308
1760.4085
1769.9876
1463.6589
1418.0501
1423.4764
1606.349
1709.2884
1413.7549
1566.1077
1654.7666
1430.6524
1382.0357
1607.1094
1582.6051
1504.985
1581.166
1439.3576
1421.0148
1648.8596
1713.2953
1607.9628
1636.7321
1558.055
1492.0306
1447.2644
1356.6189
1446.2011
1434.1164
1383.8147
1353.5487
1346.0063
1597.3533
1589.5091
1222.8429
1509.7043
1624.5149
1238.4983
1703.1692
1614.4778
1574.4991
1433.8895
1692.4056
1568.3255
1690.5436
1454.6048
1627.4995
1626.9729
1563.1479
1551.5381
1614.9709
1508.8023
1577.2497
1601.9366
1711.9719
1735.5702
1535.5463
1709.9661
1547.1921
1683.7908
1482.489
1390.8281
1451.4992
1447.9686
1447.1999
1476.6142
1339.4917
1446.4092
1669.1417
1536.5082
1578.2896
1441.8689
1641.2897
1632.092
1736.7641
1484.7608
1457.6084
1377.1971
1519.1073
1490.6809
1376.0161
1316.1404
1507.9659
1512.9958
1453.6639
1381.2493
1508.6463
1520.2416
1559.8938
1592.5088
1518.2146
1574.016
1466.7302
1399.7817
1548.4954
1658.0188
1432.2126
1452.2171
1434.5793
1563.2452
1551.8521
1752.118
1665.8941
1816.6396
1478.4952
1181.5357
1563.799
1713.1311
1670.6878
1536.1277
1592.7456
1417.3126
1403.9093
1726.138
1525.0502
1731.3146
1494.7334
1366.5112
1299.0192
1622.5712
1389.6557
1404.7472
1447.091
1229.0484
1319.3678
1198.3069
1466.0955
1357.9837
1591.8482
1292.2067
1327.8906
1406.159
1399.9289
1598.7422
1417.4029
1618.6934
1801.5581
1603.9437
1438.4339
1223.3845
1232.4211
1343.0063
1381.5381
1490.9504
1511.2431
1412.0064
1562.2533
1372.782
1304.6975
1461.9576
1476.2612
1536.0366
1618.5943
1471.1459
1328.1868
1488.0188
1570.0593
1602.4597
1616.2551
1567.5592
1578.1769
1468.8918
1518.556
1677.8753
1505.2197
1432.2374
1416.1461
1705.4945
1489.5566
1530.9238
1751.7983
1603.3802
1690.2658
1457.4195
1389.8448
1263.7453
1248.1369
1454.5003
1121.0886
1491.7325
1631.2268
1505.2223
1624.3263
1526.0149
1370.4234
1599.1975
1768.4906
1456.2909
1503.5384
1501.6915
1416.042
1516.3819
1572.6075
1455.1057
1336.9579
1562.7622
1484.0059
1302.9224
1598.1566
1538.4249
1456.9965
1494.565
1506.3717
1604.4078
1461.5517
1801.9026
1581.0848
1460.4382
1658.806
1445.319
1713.5651
1571.208
1528.0302
1761.5153
1594.6137
1950.4512
1603.2581
1337.9978
1687.9306
1385.0034
1530.2002
1451.1563
1776.0461
1696.0564
1422.7328
1698.2602
1663.0727
1536.0989
1609.2256
1627.0108
1479.4241
1423.1881
1373.7069
1608.6707
1595.4956
1509.0081
1505.7653
1547.0256
1377.5182
1411.2629
1435.9793
1604.2872
1655.7046
1541.8385
1537.6367
1467.005
1621.2903
1567.4943
1530.0874
1735.7919
1553.1927
1542.7301
1562.2564
1425.8958
1150.9213
1368.6183
1458.6285
1686.8966
1738.6151
1961.9162
1536.9929
1241.046
1277.2294
1465.8297
1376.7239
1761.516
1706.6771
1595.1081
1643.8208
1575.6226
1371.3938
1360.4044
1515.9251
1366.4804
1666.8503
1418.5006
1582.5703
1566.3647
1757.0838
1486.1712
1586.2697
1310.3965
1586.9691
1735.2406
1766.5978
1680.2653
1556.9632
1517.6318
1322.8197
1581.2852
1592.1803
1728.5543
1535.6893
1709.9595
1410.4258
1434.9626
1432.2847
1680.0154
1257.4722
1696.817
1818.7285
1406.8218
1530.3733
1784.5561
1759.0383
1395.5514
1232.5037
1544.6348
1422.9571
1672.6147
1396.7995
1449.9867
1630.3775
1475.6507
1738.6592
1633.2839
1644.2681
1716.9103
1650.5503
1622.2652
1667.7605
1999.598
1818.2755
1658.6139
1588.2354
1399.7288
1759.0728
1585.1394
1890.526
1460.5971
1530.4874
1570.8608
1668.7388
1696.0184
1463.6903
1315.2415
1440.5256
1533.2215
1691.0042
1594.5839
1639.0867
1607.8643
1259.4471
1536.0032
1627.2503
1485.3774
1563.8719
1398.9479
1518.1982
1652.1692
1586.2046
1723.1995
1216.5628
1158.4673
1542.2379
1503.9942
1684.0732
1384.3156
1179.1952
1537.8954
1474.2671
1679.2852
1566.7396
1530.1524
1527.8779
1267.4982
1458.3948
1562.1164
1668.1254
1439.8662
1482.315
1412.4186
1478.8279
1607.7658
1676.4925
1614.9929
1727.5326
1624.1636
1693.4301
1745.1521
1251.1698
1201.4948
1341.648
1636.5333
1245.567
1377.7829
1563.6574
1572.0096
1780.0142
1647.6711
1503.3112
1543.4841
1385.8051
1885.3085
1644.7891
1677.8075
1559.7277
1321.744
1345.6908
1755.9748
1472.1637
1613.3977
1710.7476
1580.5029
1460.8164
1809.1606
1628.0573
1543.7863
1382.4621
1632.2792
1710.698
1504.7823
1665.6067
1480.4051
1565.4469
1371.1292
1468.5927
1615.6621
1514.3824
1688.5866
1422.8223
1416.2044
1238.7132
1373.4597
1483.4827
1446.8752
1463.5434
1623.2033
1499.1252
1472.1403
1413.2652
1288.9858
1416.2125
1504.6043
1403.1945
1541.2402
1688.0793
1480.8724
1412.6177
1331.174
1472.8637
1442.187
1541.4717
1414.4129
1582.1502
1893.8485
1517.6564
1687.9959
1861.9105
1507.1718
1503.6683
1472.8436
1400.5691
1712.7934
1751.3138
1624.3851
1614.1109
1420.8624
1487.8759
1316.2657
1285.3035
1506.3216
1574.2794
1290.74
1605.9607
1540.8906
1627.8942
1690.3775
1491.2397
1433.5013
1576.5028
1717.7456
1283.5444
1165.3419
1338.6458
1423.1577
1441.4855
1555.6012
1648.2109
1357.2955
1495.5056
1472.8374
1595.8401
1650.6203
1485.9974
1493.0431
1479.7713
1619.0783
1498.3233
1490.5863
1494.8535
1607.9878
1667.8131
1543.1512
1189.9065
1511.4434
1592.8111
1764.7151
1689.9692
1681.565
1722.808
1574.1401
1497.2559
1385.5769
1449.2706
1651.2584
1513.7486
1492.6888
1261.0562
1429.1569
1476.9905
1594.9107
1470.0935
1550.8663
1347.9272
1608.0288
1432.4327
1702.1956
1564.1621
1674.7067
1666.1507
1057.3253
1466.8123
1545.8848
1350.8983
1580.8895
1141.6408
1512.2394
1569.1438
1759.9017
1479.8159
1480.9561
1708.7276
1355.1264
1404.866
1631.0282
1491.5105
1528.2978
1294.1811
1458.0851
1365.5279
1402.3205
1670.8417
1425.6704
1359.4251
1393.397
1377.4865
1547.7798
1654.7141
1572.71
1607.3207
1432.6894
1652.2879
1543.2907
1623.4568
1681.4021
1720.6684
1443.9645
1441.4286
1580.4327
1743.715
1405.4387
1491.2476
1507.6645
1583.7486
1758.1259
1740.1361
1650.5154
1616.3988
1419.1371
1449.2522
1652.5708
1734.2718
1577.454
1575.5874
1564.1257
1489.874
1432.1252
1564.0544
1447.7515
1372.928
1423.9856
1423.0081
1477.9901
1470.5679
1513.6526
1281.3415
1550.1434
1377.3664
1590.5781
1647.6422
1302.998
1543.6955
1639.0026
1523.3977
1706.3057
1668.7441
1488.4085
1375.1391
1480.0124
1698.0528
1600.154
1696.5563
1639.3453
1632.6377
1959.4261
1474.8037
1477.8802
1536.9862
1335.3547
1491.1985
1456.2476
1622.0159
1660.0534
1160.5151
1226.3006
1387.0673
1308.8734
1460.5272
1502.1199
1460.1539
1496.0316
1338.307
1463.2339
1235.1726
1677.8653
1409.97
1523.4583
1444.8632
1461.1769
1618.1367
1667.7954
1594.4526
1556.6927
1786.9878
1301.6136
1204.7491
1600.5559
1448.3935
1517.9583
1455.4792
1618.4112
1507.1495
1618.1271
1507.9093
1562.9728
1660.7451
1686.0098
1494.394
1906.0371
1460.1531
1358.5146
1505.8931
1468.1643
1468.1032
1413.3366
1380.4759
1370.6313
1292.5326
1450.0502
1587.9546
1544.7478
1504.7929
1469.574
1671.51
1523.2916
1743.6337
1797.1979
1629.0286
1603.1384
1654.9067
1625.5333
1653.2695
1512.6191
1444.2603
1443.4571
1700.5052
1820.0715
1575.1189
1462.5043
1355.7918
1579.946
1385.5264
1468.7748
1396.916
1496.5483
1100.8223
1542.3299
1444.2579
1510.476
1470.9791
1617.3576
1718.4937
1329.6644
1465.4383
1537.8392
1345.5015
1567.9522
1553.0029
1517.613
1422.2201
1597.5951
1695.0264
1416.9332
1563.1229
1570.313
1622.2107
1748.4872
1596.1097
1598.4263
1468.6356
1732.9631
1531.1414
1611.5332
1499.675
1486.4807
1470.8277
1513.4337
1573.7101
1562.7117
1255.0147
1383.9955
1260.7291
1584.4846
1570.78
1651.8355
1482.5809
1545.9579
1691.412
1615.2328
1662.8067
1427.44
1378.1131
1497.5809
1605.5946
1475.1941
1582.1825
1797.7752
1623.7621
1587.0803
1472.6746
1669.1957
1608.0623
1756.0131
1655.7309
1251.6718
1554.8735
1410.9225
1658.9485
1636.6083
1576.473
1634.6551
1615.6903
1920.0053
1757.9141
1629.3038
1596.6295
1384.3034
1608.4118
1297.7872
1536.7454
1782.8838
1817.5264
1558.3791
1467.9674
1643.7936
1426.5087
1369.2927
1678.6538
1815.6437
1689.6325
1608.0147
1619.1944
1749.8563
1922.7906
1408.2744
1654.0307
1338.8328
1608.488
1408.0801
1689.7643
1460.5914
1468.024
1544.8862
1720.2586
1689.5297
1656.3845
1477.8395
1557.0652
1597.179
1775.046
1556.0199
1814.5049
1647.3375
1559.3021
1438.8275
1470.1437
1723.0557
1492.2424
1653.6124
1614.9648
1509.8127
1591.3977
1555.7551
1461.7981
1594.3704
1648.3799
1687.9404
1720.8341
1451.5775
1312.9974
1522.3877
1549.5264
1528.7919
1925.6908
1801.9186
1558.4862
1830.3558
1443.1884
1527.7115
1602.5858
1647.6767
1624.3257
1300.8531
1659.0758
1659.9465
1534.2645
1437.9453
1409.9049
1422.9939
1475.5858
1547.5372
1745.4952
1633.5316
1746.4233
1719.2813
1448.162
1433.2882
1424.4337
1527.5011
1526.6436
1645.1004
1510.8384
1439.3373
1473.7443
1570.2528
1519.7276
1696.4049
1661.9398
1624.017
1335.1953
1624.6931
1554.993
1387.0631
1364.2776
1055.8066
1569.7051
1733.8463
1520.5891
1505.9429
1641.5053
1545.3271
1495.2787
1229.5795
1428.2615
1576.8366
1443.5353
1409.7518
1382.753
1593.748
1608.1106
1573.8208
1766.6031
1333.6294
1241.1107
1462.2777
1549.8861
1450.6535
1595.51
1521.2749
1636.0687
1442.0302
1359.7151
1383.33
1601.89
1185.5189
1385.9058
1376.1308
1267.2812
1363.6148
1367.8138
1561.6927
1829.0988
1715.6285
1695.7126
1373.546
1366.8169
1611.1652
1458.6476
1573.1386
1443.0392
1447.2627
1701.4289
1345.9181
1462.824
1654.2999
1552.4689
1341.0019
1234.1497
1367.422
1429.8881
1611.7694
1593.4153
1691.7238
1592.6689
1624.9558
1514.6203
1896.4366
1561.8298
1350.3465
1345.2898
1321.8248
1468.6952
1559.0527
1699.0867
1167.8612
1473.1116
1075.7271
1309.1644
1713.3919
1516.2699
1741.9826
1539.86
1481.8569
1486.5418
1488.4961
1383.7695
1746.1629
1592.8008
1710.1451
1346.6219
1383.8969
1241.7364
1423.1157
1292.0254
1407.2308
1526.843
1365.6062
1219.4936
1329.9301
1622.5385
1382.1271
1420.6266
1500.3552
1732.6576
1421.3824
1351.7583
1352.6233
1122.7075
1561.7756
1381.2519
1551.082
1682.351
1554.5497
1448.4767
1446.6514
1606.0077
1331.4193
1525.5498
1512.9393
2090.6766
1539.1139
1581.7793
1428.8952
1422.4137
1605.3662
1488.206
1468.1735
1233.1739
1581.6469
1392.2334
1557.1817
1215.3738
1425.3067
1470.9629
1481.7249
1285.3431
1161.6184
1443.5531
1556.4842
1344.1769
1562.1779
1485.9669
1561.0668
1346.2545
1326.6922
1296.9415
1436.6988
1643.3233
1672.9399
1740.7112
1485.7769
1403.7407
1730.7074
1461.6669
1428.6025
1357.8268
1458.4009
1364.2727
1456.923
1463.1872
1397.8999
1361.4485
1521.5468
1675.8168
1451.1787
1343.324
1526.3974
1424.5564
1567.3274
1435.9231
1381.817
1448.3502
1481.9355
1565.5533
1338.7944
1553.0053
1541.5389
1351.1148
1330.4052
1337.6218
1321.0265
1405.1823
1687.6784
1501.1148
1627.2862
1703.2641
1545.9253
1490.5073
1476.3167
1297.7043
1403.4536
1542.5331
1507.96
1690.9915
1579.9206
1575.7656
1545.3461
1514.4926
1397.5399
1654.0795
1385.6675
1315.1889
1354.6141
1566.27
1485.8882
1676.2927
1538.1336
1639.7684
1472.3069
1875.7348
1725.9788
1946.1557
1750.5389
1659.9208
1558.3417
1392.9261
1368.1046
1851.798
1618.9235
1441.4417
1540.16
1509.5343
1448.1998
1306.9013
1536.973
1768.3023
1503.6224
1596.8835
1507.6602
1738.4221
1373.4966
1393.2711
1397.0336
1341.5579
1764.9706
1411.1732
1596.317
1576.886
1532.3658
1696.09
1405.2006
1494.2253
1571.5275
1626.7478
1696.2961
1439.4385
1539.4744
1473.8094
1664.3563
1650.4383
1428.3851
1433.6663
1526.6396
1678.6669
1438.0467
1457.0385
1470.331
1506.5111
1467.1908
1319.1512
1599.2334
1317.7831
1340.6216
1345.4933
1416.3767
1315.1173
1347.8602
1607.4775
1586.4144
1757.2665
1569.4765
1755.4538
1260.3065
1414.1132
1568.7174
1488.9651
1481.6465
1363.9133
1572.2209
1435.8535
1309.1361
1621.4583
1637.4725
1729.9365
1577.0093
1277.4523
1458.0589
1498.2596
1526.7228
1638.6507
1716.4079
1431.174
1297.7237
1570.7007
1274.1504
1648.4848
1848.1881
1466.0251
1811.9382
1606.7421
1569.2281
1425.0789
1611.9615
1391.8186
1477.3645
1507.9591
1694.362
1549.042
1608.267
1695.3206
1462.195
1559.1311
1310.9575
1492.5647
1443.2372
1455.8465
1722.8431
1547.457
1356.6269
1652.8915
1371.1943
1477.149
1445.0289
1339.779
1590.4436
1457.5594
1320.4319
1483.9662
1583.5145
1512.5982
1663.8982
1718.429
1437.7914
1473.0579
1396.1828
1386.156
1496.5476
1396.2163
1814.304
1535.9222
1615.1914
1259.7846
1476.2855
1508.6938
1260.8275
1521.6858
1491.0807
1421.8791
1415.8472
1524.042
1789.1936
1314.7943
1564.8136
1528.9062
1455.5997
1431.2427
1702.3099
1531.0182
1284.5555
1436.3022
1408.3938
1604.9585
1541.9744
1472.945
1631.3816
1387.2721
1458.5337
1335.951
1352.5617
1432.5266
1596.6894
1551.9698
1580.3601
1566.0104
1378.9533
1641.0807
1388.4241
1404.4059
1462.2645
1345.8744
1539.1946
1554.4664
1371.4112
1592.3707
1489.3539
1423.4384
1278.3721
1656.4174
1680.0793
1300.5058
1355.2609
1302.9981
1627.5751
1556.6286
1319.8366
1538.8859
1485.8544
1624.5583
1436.7959
1547.2274
1521.5215
1377.8026
1462.3787
1551.4289
1599.7385
1151.418
1483.5393
1485.8666
1588.3348
1733.7287
1633.9262
1834.5608
1627.0175
1164.1187
1389.6155
1579.6613
1391.916
1441.8214
1593.8157
1722.3687
1671.0601
1489.8866
1577.3805
1544.8304
1409.4874
1428.3973
1551.669
1384.6894
1276.4217
1511.0131
1487.7679
1560.5351
1370.5484
1550.2525
1326.8326
1380.0101
1267.2497
1607.5278
1299.1587
1411.836
1291.4201
1443.7914
1495.1592
1448.7957
1259.8854
1520.4952
1393.1286
1325.8872
1441.2661
1391.4226
1417.6177
1213.9808
1416.528
1180.9943
1471.7126
1501.9427
1474.6284
1439.9031
1462.8121
1561.5835
1641.9474
1581.3288
1583.5183
1464.2366
1617.4713
1314.4944
1453.5492
1473.6615
1363.6938
1483.2341
1497.2307
1382.3297
1661.1877
1317.3304
1343.2121
1604.4912
1355.4622
1342.5681
1474.3311
1978.8079
1624.152
1503.1661
1717.3122
1475.1372
1594.1719
1507.9189
1428.6454
1514.4022
1547.1327
1771.2498
1475.4496
1498.1324
1679.1253
1667.5086
1419.2087
1567.617
1510.3635
1463.5314
1572.9776
1475.8132
1479.9494
1276.891
1415.7283
1310.6556
1522.1733
1416.9227
1768.0981
1601.1171
1598.1469
1454.0909
1485.9689
1535.511
1559.5957
1639.588
1828.7567
1584.2264
1407.6637
1744.9115
1385.2989
1509.8654
1385.0528
1539.9482
1201.2219
1657.0595
1604.8125
1669.1033
1436.4953
1500.0015
1624.6938
1557.993
1500.5433
1686.1051
1662.0606
1552.7704
1733.9804
1694.1911
1441.7402
1677.1447
1857.0171
1748.4128
1507.6456
1406.9983
1270.1916
1347.061
1524.9176
1472.0799
1531.0873
1334.2358
1247.5969
1463.6507
1470.0142
1309.7178
1431.9899
1637.2269
1355.2905
1599.8799
1735.7045
1438.2782
1476.9635
1618.5469
1485.7052
1478.0635
1544.4412
1519.1895
1508.9446
1585.273
1499.3759
1548.0158
1412.3183
1349.4689
1428.3797
1606.2528
1599.9587
1340.5676
1680.4715
1426.1124
1754.9893
1777.7049
1690.1759
1714.6064
1603.5552
1569.3449
1478.4979
1632.0946
1481.4262
1615.7231
1604.2704
1670.7926
1706.2762
1445.6669
1423.0881
1411.6804
1616.1744
1714.8877
1582.381
1488.9323
1329.3507
1450.0993
1596.5661
1648.0389
1497.2746
1533.0389
1619.2401
1469.6204
1675.3451
1608.9312
1619.1933
1662.225
1440.6548
1403.0465
1572.4617
1643.3453
1606.5706
1632.8087
1405.4051
1722.3308
1808.9829
1527.7665
1300.3003
1431.8648
1395.1821
1597.3071
1685.0198
1595.2816
1485.0889
1566.9738
1374.1349
1761.2192
1526.1706
1623.058
1657.6804
1502.5569
1459.6023
1587.6961
1579.2467
