750.97648
1081.4437
1423.2362
1598.4193
1880.6798
1923.3255
1898.2353
1414.7045
1086.7338
1314.3499
1422.7253
1526.0236
1351.3624
1379.6936
1245.1622
1579.4599
1110.8906
1257.7106
1440.9892
1580.3464
1401.6352
1204.154
983.04943
1187.2423
1220.2073
1288.9397
1191.4692
1143.998
1289.1892
1160.867
1415.9242
1439.1408
1283.1361
1297.4476
1234.7762
1018.653
831.10682
1147.7938
1233.78
1186.0472
1121.0304
1116.1909
1096.48
1257.9845
1230.3455
1143.7634
1404.3678
1252.4465
1321.853
1201.3177
1018.8732
726.22071
994.51478
1048.216
1065.4707
1006.7604
1221.7004
1243.0103
1164.3971
1098.0449
998.32886
1142.8616
1014.708
1146.7947
1359.0296
1058.7308
1082.3043
1334.4475
1058.6927
1381.3159
1254.3331
1279.996
1223.135
1131.2217
1018.5919
849.62395
940.10103
883.0084
878.21606
837.24779
1149.5102
1215.4718
1219.6672
1195.5422
1223.4354
958.91962
781.26276
781.31879
898.31669
921.86122
753.59644
1214.8845
1390.0225
1318.4497
1042.2204
1205.7609
1055.9287
1071.3005
1082.6653
987.04011
1302.929
1320.065
1539.1356
1366.9869
927.2557
1228.159
1200.5204
1106.1799
1033.9603
1345.3726
1145.9181
1437.0901
1138.3894
1164.6373
1203.6838
1194.6265
1196.5187
1438.522
1295.3301
1259.6914
1060.2293
1421.3076
1140.1519
918.99676
863.87743
955.65828
862.55648
1132.5771
902.81481
672.08647
1153.3787
765.24424
1092.1728
1017.9232
1057.6139
1122.8708
1174.7183
797.63091
926.5262
848.18794
1097.7229
1004.7489
1095.3032
1073.8944
1109.3269
1285.733
1023.5517
1032.0563
1051.0959
1109.9289
1165.306
1116.6397
1095.9014
1104.0978
1340.6907
1111.491
1127.363
1192.5824
1244.6736
1229.6049
1299.7111
1147.262
1232.9451
894.68478
986.64162
939.67767
817.03902
1163.6193
991.85003
1323.7111
1245.5746
1223.4055
1123.5125
1368.0641
1089.019
1181.8522
930.34557
804.12286
1142.3127
1189.4324
987.76775
1035.2112
917.00022
1091.5869
1023.0968
1170.2953
1076.1673
989.81684
1215.3564
996.6656
863.37921
811.31437
990.97771
1177.5508
1086.4768
1023.5574
960.55204
1024.003
1046.204
917.98638
917.42273
934.10327
970.60442
1047.699
1109.8626
1057.2199
1108.5861
1097.2624
1029.0498
1004.7243
1386.8966
1137.5689
1470.0823
1076.8324
1195.3527
859.24584
954.21995
1027.9942
1149.0871
1220.703
978.69728
1045.2822
1048.3907
1010.7874
960.01602
1034.8584
1114.6711
1201.1106
1305.0292
1288.0442
1035.7587
1118.177
1132.8169
1110.2416
1412.2107
1353.1305
1279.8782
1145.3158
1108.8247
1205.398
1174.0296
1080.3701
1215.8014
1100.4673
1212.2299
1245.5312
1294.7465
1230.8136
1336.3031
1207.4369
1200.8908
1020.2018
916.57655
934.81656
1132.6292
860.89822
1054.8463
1221.0201
1082.5553
1313.5003
946.85348
1174.7893
1161.3423
1114.3496
1180.7259
1007.7519
930.01121
940.26979
1100.016
973.92142
985.39829
1232.7345
1086.6001
1086.2801
1167.3691
1048.1881
1062.6464
982.80968
1056.5936
1146.8387
1303.5281
1088.7548
791.93228
1098.8915
1159.6812
1313.1453
903.88047
1133.481
1008.422
1046.2592
876.15832
821.28771
1234.4644
1047.6618
736.0068
926.07427
719.32109
963.52755
1073.5245
1037.8622
1193.3113
1199.1012
1117.3189
1075.3288
873.89584
1167.0948
1265.6366
993.85377
1199.1091
1172.6955
858.07336
807.05166
1038.042
1246.3444
1129.6468
981.23953
1069.2743
1040.6836
984.99197
1152.2128
711.85085
757.17539
1007.4294
1167.3575
968.27889
1430.9395
1239.9852
947.75166
1125.2262
1089.0194
1152.5509
1107.0966
1215.5265
1190.7611
1018.0824
1015.9062
994.8025
1056.7364
1189.108
1108.7361
1128.2026
1049.4198
1172.8402
1072.8539
1232.6259
1129.1073
1053.8622
983.57747
1351.9916
1180.7855
1093.7679
1132.154
1229.2556
1077.8406
1176.8292
1199.1496
1125.1635
1047.2702
811.85871
1070.2978
933.38254
861.90674
1077.6569
1034.0952
1125.037
968.82461
1172.3319
1341.5224
1041.2606
1280.2277
1040.8501
793.45475
832.81996
1175.913
892.68601
1061.4387
1135.355
1129.16
1347.012
1218.5918
1019.0981
1056.1788
1010.931
852.3599
1055.1619
883.46457
1303.8299
1315.2424
1199.9995
943.13138
1239.1177
1290.3264
1057.717
1274.2819
1223.4751
1044.6838
1174.4936
1024.5529
1178.1676
1135.1899
1206.2899
1091.0616
1044.5267
1012.8136
1221.5347
865.49318
831.74504
1229.1262
1241.5256
1176.5452
1282.3047
916.60572
1083.6856
1177.2966
1158.7427
1130.21
996.26874
1138.7826
1177.9916
997.89634
923.45397
1225.4182
1230.1262
1057.6153
996.67831
1075.3975
850.55426
1084.1787
1169.1101
1174.7887
1368.2628
773.74281
665.28908
740.08637
954.73331
917.58924
882.17568
790.55506
876.36775
1049.0379
1050.4617
831.05021
955.08106
812.13153
960.01873
690.91527
1036.182
971.74755
874.56767
1089.1417
878.4083
869.82064
994.12249
924.12219
1105.232
1116.6043
1025.2869
804.58431
799.87513
767.75064
873.52701
1021.7254
768.14395
825.67556
1026.9992
997.48607
940.20329
883.65066
805.71818
883.09349
831.44461
782.70757
891.33978
1111.5617
1048.9101
947.36536
967.75094
722.93761
1090.2469
1116.3171
1073.8965
1081.5341
887.90142
722.75331
790.23172
669.08568
936.88011
991.08421
1038.5837
691.8323
732.43747
790.09585
1085.6892
894.49247
868.39287
595.71476
729.44706
889.7192
835.06304
733.60859
749.16439
705.51241
685.41692
702.61415
1041.4082
881.2637
927.10856
651.06388
927.16896
551.91152
718.52748
981.15923
863.93089
997.24151
479.58578
645.21865
737.2053
780.59555
1013.5334
875.69272
649.26694
821.13787
732.40507
921.00592
892.93274
846.18994
699.98973
806.10449
1025.1088
892.73117
949.93824
1101.1013
897.51002
785.99519
1076.5055
755.63744
907.55674
922.70072
879.37166
806.59406
994.35331
1022.7984
842.18489
824.40344
929.89829
868.14745
764.88115
1134.9765
1103.0927
733.06659
856.62235
795.37402
1054.2581
825.22621
1027.1092
631.62249
1088.109
856.57351
760.66352
720.89911
817.30896
722.20646
1124.103
1092.7036
825.76816
896.504
802.68173
1052.3668
1209.1344
1077.57
872.27427
866.71337
1077.74
987.95054
914.69097
666.7073
714.20756
700.83766
723.48896
898.69697
860.50782
878.23031
686.23263
938.21344
1058.2394
1004.1479
754.68184
843.30266
1045.8232
849.61815
907.66582
777.02556
902.70399
646.28425
708.90724
1021.3678
813.1595
1125.7591
897.19575
947.20417
929.08663
974.24735
1066.7753
1058.4023
1010.4144
823.46939
1065.0277
896.55548
845.1189
807.69491
1127.614
619.83634
1205.8585
868.89222
616.11189
786.17967
696.43046
608.37733
896.86462
750.9885
985.5554
857.05725
674.5248
768.45498
608.79625
567.29095
925.19852
894.76872
822.58423
856.49661
823.37109
862.07093
879.92901
934.77128
595.55493
927.87307
846.14258
522.7929
792.24854
528.53276
482.94973
725.86903
739.61435
520.3507
870.43503
627.56021
607.881
573.24944
586.7116
514.71483
727.80958
619.01073
578.62253
725.47375
792.17361
795.95775
915.46481
483.29597
623.88979
701.75538
629.25691
872.09905
521.35576
629.0942
558.25743
715.70346
661.69332
634.16708
1097.9198
969.9631
643.46227
737.27783
650.02427
1005.3551
562.6253
664.85096
533.59338
895.34647
944.68913
430.6967
577.26099
640.65072
762.6926
824.47713
920.13899
665.98807
706.68591
648.04045
973.13635
585.6804
660.98099
880.38769
817.06057
644.09785
677.34645
549.67987
627.91476
1108.2236
893.94679
810.60371
640.49242
858.65353
776.99548
823.20851
688.02024
692.61077
535.22619
554.69841
626.07847
769.40025
786.0464
801.79079
925.29903
843.32518
538.80937
672.26851
806.97518
899.77289
1095.6437
826.90049
836.63243
889.24559
742.14563
1059.841
907.87302
866.6819
616.40532
764.90802
891.1368
887.1881
1098.3673
846.53723
1228.9499
900.91446
980.24035
1102.7128
870.14485
915.09726
852.6714
874.93697
964.00855
955.90761
984.40553
1049.9497
843.4013
829.7826
877.73615
879.2583
1113.6824
922.52005
686.577
688.39225
836.27969
787.88756
1048.7861
808.76276
979.00248
879.38574
619.0909
815.95273
610.69624
680.93963
840.85742
968.82406
1090.6046
878.3173
638.19772
967.8181
620.13224
921.58263
869.46206
989.98777
745.24193
756.63124
838.5362
973.79289
1076.2686
701.55354
731.84845
815.89273
557.04008
690.50814
606.49331
903.36464
635.4996
935.15991
977.91496
992.38549
897.67284
818.12667
771.22512
692.02293
883.1272
1181.6635
964.72094
1209.4301
823.49624
560.00939
725.17086
613.95264
931.19064
881.83823
877.20008
723.11214
1060.0385
1199.8871
776.00473
766.61393
893.89426
651.75033
981.32007
760.73984
958.47071
1025.4017
970.22301
859.74474
1030.8425
937.82416
1159.8702
914.33942
1019.3685
1324.1303
649.49358
808.41083
839.95558
818.93312
718.12222
451.85523
572.00691
833.81511
1098.0811
817.58598
773.06677
929.39391
623.81446
872.96677
872.05905
784.93921
1017.4534
1037.2253
1157.5535
1086.5967
1224.3754
847.76322
910.12202
977.35932
834.69051
1218.4982
900.25724
990.44237
995.75998
820.93948
780.14769
913.99607
924.92162
1077.5146
1079.8387
894.74514
755.89327
917.43522
922.12398
912.60978
971.37293
1030.1114
744.98248
725.04408
781.62531
885.47396
737.95874
895.33287
925.69123
815.88652
798.20838
832.5098
997.19432
925.25327
836.31619
960.61081
788.66195
706.5957
913.32854
799.66166
1004.055
737.28115
1016.6329
913.61156
756.65769
830.28181
1125.5003
624.31737
541.42777
617.26761
659.65565
791.85364
470.65252
470.31001
293.53593
394.18921
626.54994
832.05391
622.54955
717.22513
562.87999
450.1546
280.16674
706.55656
762.57653
703.46077
648.77694
816.88341
538.31708
632.58915
465.35036
588.86015
880.14974
683.37571
952.65542
475.43163
820.01515
892.50055
775.08312
850.67219
682.78014
817.40821
433.31894
554.52943
724.81117
750.00391
933.97267
711.5522
541.71883
683.20766
548.46856
571.53599
685.26784
624.49023
510.13425
565.5854
587.79308
690.30374
552.34275
459.0431
628.67763
536.29169
638.86398
757.52234
506.83186
526.69607
416.36065
669.63985
578.95402
550.95061
864.74101
813.0156
455.2216
317.46461
526.49352
528.56557
573.88732
662.44563
589.99945
628.57685
742.05309
647.98271
391.88089
682.95933
666.43828
601.61131
347.44711
659.57918
580.81385
721.68662
707.1247
593.91374
695.41059
661.72595
596.2817
765.7115
589.06062
572.51283
618.56486
667.37264
687.05195
592.50967
740.20973
498.20299
616.80556
809.31108
889.71772
527.1159
699.48559
725.74563
642.08113
564.47044
608.41247
607.53427
852.01797
1015.7893
595.00266
909.71621
301.41359
404.45631
495.94681
800.23267
597.56989
381.64867
755.72153
665.53863
762.86745
700.11973
891.61269
745.26939
498.18398
297.25128
221.96423
449.25597
632.92308
780.79587
524.18641
683.28357
485.89129
940.00921
554.95649
386.48484
764.39491
898.03228
951.07974
971.75551
708.72606
874.70647
687.29853
778.53148
667.52862
636.62563
466.56027
721.52666
576.81814
660.06583
562.51662
676.79856
658.07635
674.17438
530.32955
482.37013
493.65798
635.52369
614.56594
702.57214
443.31655
569.42677
756.65881
844.18887
655.68324
782.40537
717.4943
597.77046
452.83893
581.05666
623.86812
678.95396
297.37237
388.79646
239.3264
908.40759
494.31693
867.69251
666.5538
477.82702
327.80204
370.98793
476.30793
593.87884
667.98534
501.99914
420.75254
690.20114
652.70536
484.14562
819.61705
734.68228
387.50122
580.96343
298.28079
267.27952
633.82263
718.38559
604.80439
498.23065
436.57424
789.29101
553.39248
268.59584
401.80683
473.45067
662.40871
469.96781
426.98347
602.66687
634.10433
459.04782
594.56603
677.1595
546.79707
649.87971
423.13779
721.00685
481.5068
590.64374
400.44594
422.20078
511.54454
527.21462
434.99976
500.91986
486.37005
612.40455
233.70692
564.56517
573.67387
667.06113
822.22977
636.32004
627.53855
532.61849
430.22576
583.83699
648.62238
401.28135
680.07898
370.49608
453.07776
612.86578
440.60264
479.24107
400.32502
427.91979
587.48968
495.63254
532.32248
506.54889
475.508
359.02463
514.15219
459.15674
766.99882
733.2151
821.35348
649.65691
561.91902
461.37922
444.48888
800.04828
498.74156
438.50125
568.70176
579.30753
477.99571
324.10555
325.8986
358.42293
516.7363
441.49113
197.89617
542.38025
533.04369
598.62184
564.97565
402.47573
364.57736
566.88473
619.70731
697.61703
679.76719
449.31065
620.94451
460.63321
397.22904
495.75879
383.79069
565.66295
516.65634
519.94257
357.98723
448.56513
321.97573
609.72529
24.816601
456.26617
566.39702
487.89489
340.58031
260.27718
327.78835
537.19361
467.31791
538.48486
633.55751
687.4738
447.3895
356.43994
438.40969
350.1159
435.8754
671.43687
523.33916
407.50236
274.68478
180.20395
459.71081
317.8531
508.29444
413.64803
568.95725
766.36445
710.66706
515.11427
353.42467
290.60548
572.98168
363.92746
565.65828
675.58694
364.06668
482.88794
209.56482
273.66881
660.79771
578.55236
643.15199
629.23892
389.9933
332.1208
480.55808
640.36332
569.35966
729.31268
662.16941
591.32988
452.47264
693.5312
726.04003
554.47527
712.24014
315.43427
577.31299
594.06721
291.96856
472.37878
628.53306
421.12838
728.63834
464.44781
395.38057
200.5708
447.48996
495.12677
541.56784
435.75785
442.14849
273.04693
385.50506
288.21239
395.48538
432.82971
353.73399
266.81182
423.33539
634.69261
234.97459
258.27968
399.14713
503.43836
524.77506
426.8272
583.59556
540.78845
647.47796
680.81675
321.58686
525.16837
171.37173
388.36271
281.1372
447.62005
234.65495
321.07054
171.59299
444.80587
366.76394
504.81585
369.27929
348.2843
288.14428
553.2093
78.433411
231.86277
432.70799
310.18933
278.24241
464.3761
302.44697
487.19688
433.93583
462.22546
385.44487
659.65273
486.20062
376.12859
393.83063
371.75713
325.26747
424.20554
338.21506
572.35494
443.7869
577.97568
485.87433
468.27919
308.43491
449.43382
511.59852
452.69219
349.91825
487.18042
479.76081
316.15866
525.52544
532.33213
698.86955
440.35541
180.01291
503.94079
445.99852
456.65666
248.15434
466.53835
242.70444
381.21246
173.84806
433.69781
445.75962
412.02045
344.82765
563.2875
338.23327
246.28766
169.41782
395.51128
374.86706
104.22172
356.80333
450.81112
548.01801
756.95097
279.35652
324.18444
508.12706
566.27935
572.62352
431.27436
307.71021
295.9007
778.46774
465.04291
280.94253
598.15272
601.65405
507.85165
223.6669
541.44567
551.27845
356.4605
403.10617
632.98142
264.42037
503.68881
594.90013
231.49307
415.7287
384.86622
414.8576
379.2836
473.09445
440.28642
278.50189
262.24632
271.69207
391.02221
468.84922
703.94812
362.70198
328.58059
275.01687
250.34776
505.72734
410.88656
316.73665
119.11168
154.39925
59.498741
326.48248
272.80888
485.26667
431.21361
517.74213
375.54193
487.31449
321.30352
323.02279
330.83815
302.66177
527.64899
375.58635
456.4912
515.76998
456.90115
492.52367
558.13804
395.35497
520.84125
349.69492
202.02539
526.91221
285.26545
286.58293
562.70449
493.56421
466.65362
248.43401
251.36577
267.6743
312.54258
509.60085
239.33777
363.47456
488.28007
317.59462
419.36109
356.38922
571.43792
478.0434
735.40563
326.51559
618.9366
411.40992
287.18832
482.42566
581.17955
444.07575
657.1709
473.26429
404.08848
266.10956
565.92812
321.02799
599.21487
205.04219
432.00185
380.38937
390.06504
208.61508
266.26255
272.00724
34.096994
6.6559917
218.22428
340.35335
548.12925
245.50424
594.56689
445.58317
390.14081
441.79216
194.96139
218.15777
74.513989
218.01948
310.64986
356.60829
266.51186
55.223749
18.396559
312.38539
297.37787
394.04289
437.28147
367.30557
411.23102
330.14334
342.48975
172.16761
426.99273
324.35246
464.38052
414.93195
501.94644
545.32842
391.30377
573.79825
781.98455
341.33665
228.13694
359.62805
219.70507
232.16405
244.83047
283.33259
274.86312
580.2553
269.79927
566.1041
371.43322
359.76682
482.30495
252.61624
371.09811
463.06358
328.23105
365.49183
495.826
353.38303
478.12072
476.46392
478.73451
243.27974
326.6208
355.045
382.52102
390.54078
198.88641
188.13926
514.13571
569.8485
649.86179
537.58645
490.52673
442.10504
617.91655
474.52684
663.65661
417.57979
427.54478
432.69752
411.02507
265.39957
631.21069
277.08846
467.78491
249.91216
283.32107
472.65869
584.03743
174.04123
374.56587
571.10796
295.21591
257.37473
100.91106
350.09779
343.35383
447.41059
317.75537
659.96245
108.05625
331.1063
319.67813
461.86077
434.91631
507.35845
538.34271
173.31358
501.3241
460.52629
97.719776
460.5524
360.06011
183.15994
414.83069
372.87375
31.657069
270.96115
306.55622
349.39311
579.0624
747.16188
437.02949
391.66158
390.22102
449.52659
378.27896
383.14828
190.74141
180.44765
547.85954
390.3049
301.97848
627.27857
361.9861
522.69692
286.5633
275.46586
243.40226
309.26119
214.16118
447.24974
475.3742
534.56543
559.75951
739.43959
375.13258
302.42907
463.48364
360.91139
675.13629
527.71884
330.27443
77.379914
202.55774
239.72257
387.86422
396.47548
311.41516
288.93574
412.74899
386.60224
117.61577
314.72658
126.17011
471.8787
431.77691
248.06073
192.13078
163.97971
319.79748
388.74736
448.92725
469.49672
126.10361
190.47573
119.66161
446.46526
260.13099
592.07733
463.07296
283.51696
140.17833
482.165
594.09518
447.38636
361.50588
97.519417
110.95454
-47.372612
430.03636
493.32253
372.6963
244.98193
276.33986
406.83515
418.13127
466.29323
354.88467
326.56484
166.86945
37.78861
236.24425
344.38675
220.73949
114.45976
108.47518
277.65831
545.80469
228.90525
460.47442
594.6222
260.98029
418.14479
559.2275
294.93846
499.89859
295.90296
277.11682
437.98801
456.21112
261.90043
324.00422
468.95485
368.20515
247.86264
319.85289
211.36395
317.16
308.25196
371.0763
232.2951
192.67574
387.80823
212.26395
364.40271
402.09122
622.64678
403.01228
271.28177
214.83534
465.23279
478.44977
376.31269
-52.013698
231.06872
587.9082
382.14587
412.77603
199.96052
426.9226
386.01515
340.99856
698.2553
491.93112
270.197
258.76851
195.21626
362.84579
89.60599
333.32005
336.37301
493.19863
442.49159
498.85488
436.33278
401.45364
421.08757
488.67345
341.26136
428.99076
649.16287
355.11149
541.2752
368.17658
435.12231
565.19142
513.36784
151.97735
453.91816
407.05812
303.90034
303.85653
336.84943
304.09648
93.896785
668.19415
475.47889
175.93328
489.17836
256.60437
270.19103
248.88585
369.4236
531.04578
262.44184
682.6437
308.81718
446.71653
461.80424
393.58573
276.38449
545.8071
643.27383
357.99486
345.43816
492.92225
393.53744
145.41076
481.20877
419.27202
388.44231
399.81065
632.19187
186.51095
294.93523
477.62534
698.83872
296.12514
308.13029
277.52697
140.73351
467.206
251.73646
614.14394
395.04326
442.53639
285.85479
389.2906
382.10033
267.53795
334.69359
260.71854
627.24054
344.87205
270.35334
398.12145
286.46461
425.20505
483.7619
298.87131
290.99558
370.06535
483.47239
401.13294
270.44351
491.4484
587.06674
445.53764
310.39903
439.20364
365.59963
298.81799
262.85168
294.35408
603.85793
701.51253
329.41441
398.25473
556.55545
591.32844
623.43507
263.40678
533.15751
273.15224
462.6564
464.15454
142.22619
306.7012
70.187632
342.82948
334.40468
110.85156
418.08097
223.05182
613.30304
440.69776
271.60461
414.5617
394.48753
161.47872
481.00785
591.21036
404.7317
311.74065
422.00755
337.05396
335.50852
632.25725
559.79688
383.01626
410.91926
344.98228
490.17638
434.52474
588.0173
148.62649
171.40399
501.82037
302.00685
345.8591
323.55421
443.0276
421.85422
251.66918
297.58674
163.63043
295.01623
549.97446
632.62452
475.65034
121.18464
131.44726
48.334435
345.75455
616.21672
575.28724
583.094
509.1324
352.65061
309.63751
391.97108
446.19889
474.17635
646.96259
582.31992
562.05342
264.4212
159.33904
270.19862
334.91005
274.81398
560.10915
528.92826
571.77984
492.82094
289.9254
359.90564
497.18487
295.65225
183.56718
55.228114
274.39519
372.19444
489.12614
272.82851
356.01958
557.76005
379.05771
435.23435
53.506509
356.48444
365.54772
322.52467
483.09888
396.04948
521.65085
262.40383
388.90266
662.40044
439.67181
435.49644
251.68834
218.05936
217.87733
399.05641
457.64021
188.6868
314.72741
337.40907
82.397785
402.35445
395.62968
336.5132
241.42895
395.85416
563.36493
133.97005
216.79303
265.27908
256.74068
493.2489
285.44313
533.62935
488.34686
323.41574
112.01549
263.92538
261.31288
414.26575
501.4396
397.87635
369.47693
678.0775
453.6044
297.04923
288.23818
348.96688
618.22131
475.83818
218.18993
186.54461
215.02665
283.8515
278.65334
404.06375
544.92724
543.38542
379.52423
246.26807
311.44997
362.02053
7.5087095
368.03257
639.74766
185.06377
345.9599
541.79504
563.76764
288.29412
303.07953
448.29789
405.15092
337.81091
362.6252
261.19228
404.55415
651.478
346.51741
534.73954
581.41882
645.47177
370.62595
380.13838
395.39926
428.78127
441.75697
213.69972
387.60922
559.06355
437.49631
470.45576
246.65514
191.95646
495.51919
582.65979
331.21583
209.15549
347.0084
475.19101
268.99715
218.84948
444.9323
314.88081
412.35244
520.52589
234.80247
245.37578
267.01296
411.54143
300.03607
385.73317
407.33031
301.93342
477.88523
605.57032
420.6356
520.08874
327.05469
304.20334
377.13196
287.50805
286.5298
204.8972
324.41971
784.64901
572.23046
786.81262
350.43339
457.37451
326.96855
318.61685
250.3956
281.45208
213.93453
591.77473
421.52564
92.359758
464.76914
504.37875
185.43798
150.06419
472.21245
468.65148
-25.849473
127.48999
167.60352
127.09358
264.76621
488.73817
412.07657
319.142
644.3326
303.07639
425.35044
219.53678
195.8929
263.12397
381.05286
423.35993
496.78659
367.9507
572.0553
580.76577
304.53873
466.30238
477.42639
475.82481
569.10025
303.21405
407.96053
560.07381
244.05227
299.05562
362.24301
294.92089
447.49332
470.14034
352.06111
389.76125
409.68717
662.70297
346.7742
170.97458
584.76013
498.39457
224.88984
188.11395
325.15602
243.63151
240.92629
460.20134
270.29634
305.43719
55.227885
233.17957
345.09377
434.43358
270.05378
329.4265
236.91695
576.31921
467.11125
318.00706
277.16385
487.04048
303.58173
225.55767
212.57059
228.34921
377.47874
454.2727
172.4175
386.72598
158.09856
428.29533
284.2639
267.23334
169.67089
305.60266
595.78791
494.02493
212.51001
347.99111
276.33206
521.79304
377.57064
303.6678
566.66636
317.04925
306.06109
142.2247
291.06069
377.15991
491.46445
294.29726
129.56404
242.41505
296.80623
416.66127
445.82524
404.02262
417.91705
712.34995
527.81222
472.38461
309.58911
405.7723
486.19141
286.30282
377.00162
462.44506
526.27891
279.19766
707.4604
483.96218
441.49728
482.1661
409.02425
313.33598
379.59942
418.76894
212.68517
496.96506
219.3335
414.35385
524.98394
236.03508
494.51323
415.3168
397.66978
473.91532
389.63306
472.66283
327.23035
412.06231
564.67712
357.17786
409.73866
341.82229
.082832682
535.85941
369.95362
483.3935
225.38205
153.2847
509.43183
452.62058
286.17338
365.70646
162.79055
296.624
240.10984
491.35649
533.72163
542.85105
472.55241
466.5309
88.023227
686.24728
164.70545
195.3229
256.25104
427.80493
431.77289
557.27204
298.04954
281.35824
75.577217
-116.31864
183.01969
104.67406
630.27427
208.82928
420.90959
779.13277
450.47965
513.85131
95.701907
341.73729
491.65115
524.69818
316.27317
270.40799
566.43785
385.97585
416.06818
220.41315
383.15104
616.76181
523.87569
362.39902
250.57315
548.44954
554.86472
423.84354
253.60665
339.27108
315.46986
554.89972
359.45232
279.2712
284.98382
290.13372
429.81598
254.36255
564.43313
325.24481
391.74994
166.52969
98.382975
425.89927
565.68412
545.08119
495.68326
722.41344
566.60892
189.43863
336.10233
369.63277
255.25285
288.5288
302.96814
540.4346
180.94575
509.26043
639.21832
409.82029
354.98378
356.17019
404.13398
486.10194
487.43593
547.30945
381.79581
314.53644
526.68835
320.32862
229.91211
160.79228
550.87061
420.32784
430.59371
286.71595
33.215488
198.96912
-82.820085
308.91032
160.35315
64.713524
239.82392
288.21111
285.88218
325.48704
493.09486
319.06888
396.60766
363.41457
495.21603
407.76477
517.21978
473.71367
247.24606
286.74056
358.13948
612.44261
258.52249
420.29849
432.88608
427.30889
326.27381
675.83382
636.24006
486.20661
511.56137
285.70703
501.802
387.33824
445.39099
175.78413
390.32934
266.42096
-6.5296061
330.90863
342.92792
307.41959
287.91738
309.6927
350.06164
428.08661
313.47391
122.23321
351.01375
470.32587
136.35208
445.4107
513.87689
261.76898
213.75472
545.61657
376.11784
166.67302
338.81175
355.24617
258.59197
284.6866
363.56628
302.65085
375.71537
287.69195
305.79668
93.99491
386.4993
445.98388
406.42127
168.26591
210.14161
440.99332
363.82136
133.4506
288.38806
357.34427
477.08757
339.79101
76.968604
374.35708
323.89585
534.45371
386.14067
101.7686
219.80314
324.68463
285.419
306.63956
378.23758
324.53286
433.95184
232.52958
607.70072
458.58566
376.84165
481.76595
460.86235
451.46106
363.33651
400.61472
785.35574
386.27681
522.74693
228.84203
418.06826
458.33035
394.38999
458.13671
344.80515
328.39818
591.50607
489.62812
384.96599
281.24212
218.08903
468.22637
574.99042
716.43111
483.35152
425.2433
202.2418
157.81188
344.57175
482.12386
446.17283
600.76735
728.20465
345.22789
584.18419
326.26896
461.65186
426.50597
518.75588
289.40866
451.82742
590.3713
558.84801
661.65886
751.12316
459.13504
604.64377
320.699
578.99079
165.58608
232.73152
536.24021
223.74179
486.22835
477.59557
533.17475
475.74062
205.92852
428.96916
626.36754
481.50787
537.03945
407.12886
496.47159
190.35813
600.91987
214.45223
463.11021
443.88958
543.50517
12.041352
222.77806
536.20814
355.26218
465.61183
236.95381
397.52954
250.55353
348.27017
186.37168
473.75305
652.74979
601.37523
309.46702
345.42219
478.39713
234.85329
292.37538
480.65884
203.68271
69.516924
317.21877
305.56755
187.25559
251.41038
176.0588
171.3046
124.29595
254.60076
629.95936
372.3582
547.45445
268.71587
229.21283
421.16945
345.15363
328.85243
490.46483
516.94373
366.5716
347.51257
157.56624
632.14991
459.73778
172.15041
347.95534
278.1373
333.07516
586.34509
323.88252
344.3066
526.31816
487.94898
373.10902
278.45629
394.22616
150.82732
361.25247
389.84577
312.68433
139.3059
387.87351
426.00746
282.94018
501.87181
171.04937
320.29812
304.83355
431.2831
402.27062
377.17684
485.69712
463.0978
483.17524
490.42351
512.23278
262.73614
405.33913
156.83397
322.90433
593.66563
288.44471
278.56041
265.1778
186.77097
131.72906
475.25974
795.3903
291.21948
353.474
369.9163
76.671551
367.54721
443.5376
163.02327
402.34083
92.140351
299.61117
227.32535
306.40704
181.73971
367.02608
391.96062
597.0237
305.65085
516.67421
397.66423
262.31357
622.70059
359.78259
514.83126
249.55573
96.026498
332.20004
378.68375
403.49392
155.98925
-14.220952
269.71144
407.01705
395.57395
338.43598
514.14966
476.14062
506.00431
486.19569
340.22919
331.6781
346.62497
321.43916
395.44551
287.77943
459.06658
338.9379
310.34412
442.45822
650.1397
255.66873
517.93028
378.03616
308.99623
533.63419
410.63498
277.33015
163.22251
214.03136
346.68443
430.92988
389.8844
262.97026
253.90312
287.93029
284.60898
565.21453
87.896124
480.57183
462.25292
330.2793
288.21419
245.87234
477.06507
150.79301
-151.75373
483.36413
187.293
248.59993
391.78949
282.86873
526.01089
405.57141
203.42738
69.82568
501.41636
408.12768
-40.425961
389.6349
164.92675
336.72984
90.460757
380.2749
366.19687
412.48914
845.88159
642.03678
492.60227
505.08478
343.53294
274.51607
330.86172
383.87186
281.25745
308.61739
356.35306
283.05265
229.22003
500.87703
304.08902
355.9918
218.91813
420.87154
344.98771
532.83436
489.69838
497.74475
418.40975
790.84603
677.47162
725.69076
283.94925
343.8621
458.95728
419.95438
542.58924
542.80409
518.18734
499.21831
328.21721
444.72928
326.84717
333.05851
665.32138
286.08523
298.88581
583.26787
405.19352
437.66066
272.43561
452.96153
557.29401
415.57831
281.81062
630.4513
260.52569
382.74566
399.74475
468.08545
340.90436
474.56947
202.02257
327.32046
278.85932
232.66386
531.23371
521.53369
457.53557
671.33628
271.2727
262.01274
286.45952
377.73442
192.49512
227.87999
251.71097
530.54397
403.67238
392.89051
157.84409
579.17663
217.9174
200.98178
314.74909
433.68893
430.30912
197.19196
592.18983
356.83038
359.18137
338.97832
459.35677
368.46071
218.82089
517.7452
426.92838
526.16468
172.52506
400.03953
186.79715
300.10905
487.70485
514.83628
453.04797
484.26338
160.99454
482.19629
445.42178
264.74881
454.23071
453.46236
780.97514
176.28398
384.84224
-36.48706
418.12629
350.98032
347.83457
430.15571
321.7596
127.69172
383.95623
276.53535
237.52548
444.42256
347.54811
391.71636
405.55897
402.47165
177.29877
274.15642
454.10216
359.21621
272.58309
458.42041
115.88452
67.626191
615.23687
201.76551
441.86724
590.34929
199.09461
595.72294
442.70347
145.72989
487.69472
341.75212
436.87802
342.75468
674.89595
445.25609
394.39226
617.71082
538.96329
340.10054
507.04821
468.02494
450.56985
300.04263
603.42987
369.38873
385.8603
722.93722
494.53187
632.06266
302.24429
358.22727
512.71928
391.80762
627.02345
428.14754
645.26768
457.73977
348.08512
273.17848
266.54346
131.76785
312.70655
272.85018
515.26575
481.65203
252.0537
214.64812
289.16913
662.87316
278.67847
269.60791
222.75486
570.85938
378.66117
519.11895
602.24006
379.55774
297.20116
128.08911
383.0861
142.38022
407.59155
73.511891
164.10941
447.26513
398.98625
421.70241
222.97372
298.35949
538.15292
274.99046
214.46852
300.73359
232.06299
254.95005
409.71792
194.57024
445.09714
385.96684
761.69057
419.63326
296.00385
483.61025
444.52142
374.36244
338.64118
379.27562
406.89934
257.02783
451.44307
589.36435
342.55306
200.83614
363.24012
256.97546
233.59778
309.29304
485.73864
131.95557
425.6026
342.15501
563.04442
429.17626
274.74852
299.50914
349.57825
268.26248
249.65348
438.06502
330.70584
198.015
670.51568
299.43817
436.77854
165.80756
176.53935
639.8862
375.82581
256.67216
366.71147
399.97459
459.01383
64.522909
396.89667
431.1823
503.85134
462.0499
487.71259
505.49326
291.70929
322.0258
281.0025
241.26561
282.00577
363.32918
400.36234
374.59989
350.63709
329.19461
549.1409
343.43806
416.12809
481.56535
346.67394
597.59305
235.72965
100.92845
319.8356
277.87652
565.7838
348.76429
470.9147
487.29041
641.63394
359.2255
179.76547
450.77381
354.54614
437.96408
307.19109
569.3845
398.12605
316.67799
562.40262
650.02444
295.2809
417.73174
268.40081
435.09617
448.15281
228.41592
171.32558
389.69743
164.69951
222.73027
271.91671
184.52234
364.98155
569.49667
469.82792
304.4072
303.12339
623.98507
328.69535
272.95645
507.90837
354.2424
301.8168
579.72935
576.25509
650.14218
363.20624
574.24796
545.94315
414.90565
402.88305
207.64021
195.68984
522.95493
225.69032
408.6408
547.51567
311.73845
428.26964
485.83247
212.26207
335.48613
247.89131
414.55764
349.00396
118.49967
256.17836
523.73279
351.43961
159.28582
241.4344
410.29848
413.22082
167.76815
422.3992
113.12742
383.83697
249.87065
184.42832
330.47796
393.40244
390.06551
550.16006
101.00484
495.54087
403.86286
394.35522
306.9151
451.81972
128.05052
206.05849
590.28494
198.06084
415.60923
77.480268
300.35696
254.75616
96.206118
320.12343
-30.562567
410.42203
203.46718
576.15374
602.73623
521.39296
320.09928
348.65696
179.1699
415.66735
456.51084
229.77311
251.07335
174.69593
409.00546
626.70977
532.3406
469.33676
187.81582
292.88543
444.31099
371.62684
388.33939
271.6483
443.33866
578.92582
196.57038
314.66272
365.81408
672.58199
347.59903
447.41926
413.04029
545.28448
348.78236
270.36285
353.96415
289.15332
244.50032
263.7538
690.23763
438.59316
620.16101
504.17506
358.63313
341.96364
506.27777
415.06961
254.30912
266.03101
-39.445152
80.878348
327.26013
409.4495
528.00254
579.27271
149.62717
707.0394
393.27544
306.11396
496.10894
272.1518
377.50838
496.87761
341.87268
474.07222
380.4832
741.00637
305.56493
259.95162
347.13946
378.5334
459.02839
622.3406
293.16074
213.86933
276.63272
414.42839
221.64024
323.20104
372.4714
219.32705
522.4036
246.91744
206.42627
514.71576
517.99524
576.51389
439.31462
411.99115
322.2556
496.06554
469.87987
566.82011
656.82309
377.98096
561.42576
563.25428
95.741411
204.97509
329.01381
357.17663
355.86926
523.35862
633.96657
420.31812
121.14638
366.34162
391.77712
247.77945
461.17537
460.98058
317.44163
9.0498001
269.18391
343.77751
219.93773
347.99577
361.19905
356.45383
324.43471
486.39521
375.30501
512.65764
399.75938
501.19334
249.31857
152.99835
347.56265
251.13575
400.88172
506.76272
447.86923
397.18871
324.74706
250.12263
552.60764
99.721175
236.00914
399.76755
292.19468
550.87537
450.95026
234.14172
-27.160162
350.0395
288.41239
343.94046
134.16859
124.03902
363.1479
250.88106
182.99742
433.00846
464.52345
388.49266
382.47834
338.43706
236.27899
317.22293
444.27276
446.6617
493.57565
582.8301
502.40057
329.42939
346.90754
324.1474
400.69622
142.61734
574.53821
465.21721
237.93841
171.61518
363.80903
245.80363
382.90687
347.35477
323.37982
527.87169
536.55006
392.62048
126.29119
495.86352
215.52152
401.64504
325.13982
389.90664
321.85682
405.69115
247.89186
690.99402
321.46963
243.97446
437.77777
259.12987
447.22588
243.56934
560.51132
356.601
559.53447
267.69747
591.50405
243.42013
345.99996
498.49348
498.8803
585.70613
323.23899
386.54504
305.46479
464.83903
60.081454
397.43787
335.4303
631.71416
240.86244
4.0162396
600.46148
443.546
399.41897
435.42306
457.67612
328.1536
287.55494
376.96642
473.54993
292.35075
56.061795
563.24257
21.492337
112.96062
64.348261
265.56063
-2.0296401
131.83645
268.52929
419.78164
436.98815
597.04699
110.35495
211.64328
326.73613
365.20662
270.34711
0.75416918
141.58499
343.6454
414.86286
149.28635
528.84888
379.18231
326.77917
231.69176
492.40327
341.52046
291.64442
426.18499
575.41482
386.7023
312.37118
423.34421
353.97903
239.93237
369.82963
412.696
294.13334
636.66492
596.34444
671.87554
363.26229
432.17748
400.2739
445.92385
542.04104
344.19044
476.83222
421.20645
355.91621
604.19389
278.79689
352.74442
282.45455
309.99227
303.93532
352.16336
553.78904
425.194
569.21148
-5.9704998
458.51813
253.42191
326.01778
412.96189
512.38122
794.0165
264.77107
384.52668
121.84387
90.475353
-7.564475
230.13863
277.82509
395.55274
604.2236
353.96182
449.65054
556.91285
268.50734
178.6103
474.43793
520.90529
512.16101
178.45718
310.63094
436.6723
430.50924
507.03357
260.05124
414.60755
448.9357
441.34121
742.60975
403.88534
411.45279
82.980333
85.063015
258.71038
398.32925
456.06481
614.51451
381.30602
163.74152
278.82617
365.92428
385.44759
481.89911
392.57877
288.97135
340.11525
409.47583
263.07494
222.50449
353.22777
263.42542
520.9436
497.20705
302.97279
135.00503
477.73185
246.56874
347.45251
322.19015
334.09094
581.92463
625.92896
631.41065
446.65659
355.07738
292.27449
381.52725
648.99709
352.64919
285.13057
438.9004
190.79874
165.17175
380.91258
354.52354
184.13441
366.84286
269.4987
0.19065501
452.33514
293.10987
445.3666
453.86333
389.40929
168.12657
272.38654
382.83492
405.23949
534.96629
274.37669
415.88342
145.64737
343.27444
411.49495
659.38157
488.08286
251.22851
638.81989
213.3368
378.62696
402.49402
160.04079
331.27302
603.12235
457.43918
130.75775
252.52024
385.12668
411.53885
624.38938
132.16084
197.25921
407.71602
346.71299
504.41789
385.97091
338.80889
-46.300785
470.74318
565.36231
320.87336
376.23924
554.88253
185.91138
568.75116
378.82991
475.2447
290.86413
179.94358
227.21526
443.04179
267.03012
387.30286
325.08613
548.9376
457.22061
408.0972
621.65634
384.02493
414.75431
357.67708
452.09249
392.53136
294.77715
366.15906
262.56195
434.03643
530.90316
334.73283
363.42138
260.00619
239.2948
466.23345
420.76094
489.49095
290.64112
544.17325
323.00095
225.94293
107.22651
283.04509
398.36027
572.07973
196.4685
344.78073
364.24321
395.15703
688.05706
469.84288
468.51393
415.1227
153.6075
431.99246
327.99177
385.21402
226.17125
364.97453
359.80158
106.97247
75.375033
261.25082
490.49658
191.42039
460.6578
533.59392
218.47638
453.31768
564.17575
407.70876
470.27167
437.44579
372.36607
317.81476
232.41353
412.78637
114.41744
492.31381
405.88052
503.24357
309.30347
351.65288
322.10384
235.45881
602.16554
150.67607
255.67488
447.92738
514.51427
573.16564
375.82301
571.81703
441.29726
443.96538
106.26806
-41.273271
181.01623
528.48532
254.47135
441.71463
109.1578
321.68548
402.52092
124.39809
424.04881
314.28784
79.643353
343.52731
356.05541
605.77696
248.1656
489.7384
381.80496
156.71934
350.69783
520.81283
417.39992
446.8915
400.25179
432.37448
323.00684
137.57256
219.58981
518.11738
714.14596
417.37982
394.05368
184.50122
718.70095
236.23235
363.59111
165.53761
368.00297
206.61709
656.02964
293.71806
132.9805
9.8830472
157.05914
214.50849
566.68732
270.46072
322.29641
433.33887
366.92325
370.78795
305.91311
328.56141
189.33624
107.50855
256.08224
158.73195
333.88824
335.27736
454.167
149.36513
366.22143
143.44305
340.47366
230.11541
329.21281
128.70265
72.363915
157.11243
309.92438
116.27931
380.89083
359.58402
346.21955
533.60481
383.49331
471.23402
578.60886
453.66052
470.15262
631.70527
376.76695
557.69603
610.40028
397.41486
282.8779
348.07916
108.83864
148.16515
87.371012
240.53645
123.65863
306.40759
237.7267
262.56882
235.27341
610.1289
285.12393
498.03307
-63.306378
289.9985
313.51273
313.67075
355.98294
426.22759
392.31324
281.61544
238.70691
195.04582
244.9138
712.57261
529.00223
647.86972
298.00972
225.62248
444.73514
343.27494
423.68899
494.65013
330.28179
316.64189
390.60215
335.02882
587.73351
222.20447
421.9466
268.69898
541.9489
452.54323
600.70394
512.93201
377.21868
494.41701
196.88394
353.04997
111.57616
335.31008
293.1977
541.51511
327.68772
368.24103
396.14518
343.97301
259.03373
357.29633
574.11758
313.16301
2.7644375
671.96151
276.73378
474.64962
197.94535
362.58129
405.3116
246.7093
458.72862
349.89131
390.49818
414.32159
396.07175
181.93568
146.01826
258.6426
268.8181
596.25655
290.24544
299.3216
353.04708
125.65713
217.78601
637.87273
494.75725
346.49405
469.01455
397.03759
482.44079
463.06955
326.07414
401.03623
375.60865
242.78696
43.873632
461.48737
391.15057
169.95478
432.0556
323.78094
537.55566
150.78072
401.56936
167.94791
550.38578
471.40619
304.60718
143.59194
280.23854
210.76303
146.06265
333.56962
280.02695
149.79926
120.81286
281.33487
128.41853
299.9129
437.09094
100.50391
308.32486
38.834479
425.44906
207.74441
575.95959
373.30392
420.96662
355.66999
166.22435
293.74901
543.95521
238.82316
187.69204
320.83061
-51.812549
335.81354
373.23962
325.96966
540.93647
215.08041
402.07718
-8.7417504
553.47715
404.92341
267.97314
370.52893
568.54637
105.23234
444.50021
490.8854
318.88734
275.15838
259.68227
471.32587
308.52446
341.25575
283.36751
571.90098
403.46689
158.31541
454.80799
244.36232
254.41338
443.67939
176.8005
533.13224
405.82817
228.16893
546.60412
143.85598
177.8049
320.48897
162.83976
459.86028
430.56232
613.75247
312.63565
215.52227
254.87802
253.78091
166.52509
484.74537
160.64875
583.61987
667.32806
311.08843
256.24764
141.52891
447.9086
604.85448
555.28043
364.02786
351.07909
180.39613
371.92572
432.23439
277.42454
277.06783
327.57039
314.03155
226.19517
425.27212
355.10206
294.30233
372.46664
303.63248
114.35806
377.33392
365.86789
536.25957
383.47408
406.58752
272.57484
474.01426
455.53209
474.85513
232.38819
124.41667
368.99392
373.0044
272.9262
357.1813
67.516279
475.75392
494.04123
397.0722
283.37778
323.06638
343.59057
339.03028
443.39292
517.20973
459.61882
390.58771
540.13059
447.51058
539.72421
511.31496
595.38027
507.61233
243.0699
372.7855
468.25033
196.28287
170.30157
170.53063
289.0069
318.39358
217.32837
212.1586
316.10606
214.68857
364.29957
407.69126
482.20856
493.31877
546.58506
264.72815
385.28856
319.55406
234.46541
230.36479
672.19506
478.45221
397.79457
164.59933
329.42642
557.25852
130.3394
310.59968
-40.18654
20.153174
242.03585
272.45344
324.32857
172.90372
234.62922
377.85265
222.05518
104.99571
369.42735
563.04213
257.33137
430.55774
212.26426
305.53429
269.84437
226.24874
311.40149
218.24826
47.903368
129.55907
531.54943
424.95343
250.10606
281.27246
462.47528
345.68801
255.77811
98.454014
420.94201
246.67268
333.32709
589.86328
225.48498
321.84452
318.4734
484.95733
568.68159
293.97055
267.92869
196.19893
310.84865
85.139817
610.70662
414.27112
296.55381
530.32781
164.48499
544.59786
110.2113
564.88852
349.89616
366.38924
452.90474
333.90053
287.28385
233.61276
393.42252
221.30302
473.24534
314.60997
327.31768
333.56281
491.05907
262.87917
531.01743
199.82653
350.62783
262.48788
398.68834
173.76949
559.18763
456.78224
269.37638
396.13945
239.00493
159.07533
244.73696
364.14468
253.48143
244.82284
113.893
846.33153
141.71047
401.41172
364.45147
349.0859
476.42612
535.42292
380.7504
135.76235
321.95429
316.72252
253.85536
657.23764
496.18916
191.89388
332.49267
230.30331
289.46121
259.69581
662.49375
363.33212
434.01647
214.5574
449.46939
382.86553
358.49988
575.20252
550.08978
518.35843
136.47843
-21.491643
249.75208
473.19566
349.1602
266.93897
373.25759
275.11616
439.69932
690.32332
466.01147
258.65343
712.05073
455.66609
214.77748
221.60361
82.032292
165.81959
220.7609
270.30552
313.64867
490.69415
296.96227
510.23479
577.93875
293.21629
688.3804
433.04716
196.36954
160.60486
198.26779
285.86825
628.68416
615.03674
371.23504
353.80781
244.35495
441.3745
303.73082
145.66853
208.19105
406.61245
471.6413
365.51652
323.49991
429.15856
397.59981
418.58292
366.11823
280.11399
306.57709
145.99621
465.36947
217.28874
263.71621
530.63434
272.82845
210.62927
459.58574
588.89995
497.78811
598.5138
434.0123
409.11025
345.67031
367.30046
321.7821
324.96665
408.1481
393.3516
296.49278
363.24527
350.03862
114.7046
205.76458
223.1771
354.92804
173.63286
376.24803
192.7859
519.66994
593.37538
213.30445
389.7477
388.11299
419.48739
58.990091
336.81659
223.40211
451.02652
247.74989
108.55996
313.00216
300.48674
324.95903
333.50814
583.91009
297.00259
438.97982
804.85127
534.47363
361.57802
454.03769
409.1981
341.43351
170.9845
262.36903
294.38928
457.95176
499.88668
451.81339
354.43616
437.60415
432.93307
408.97985
415.92706
370.45752
139.05057
512.88566
401.70913
212.47411
293.48002
180.25311
698.15868
530.68337
285.41732
600.17745
261.16501
131.84038
284.66607
417.10956
72.297365
421.09502
685.39476
511.62538
537.81204
555.95671
421.79168
178.30211
259.98944
474.50398
332.24335
442.26895
457.78645
498.09234
444.76425
327.72775
431.52192
80.383698
182.72849
501.90615
506.07017
487.8638
469.37157
242.80944
94.936199
356.8075
211.46478
282.97971
484.83647
516.66187
631.09826
549.50261
481.40747
132.97421
418.43044
275.26366
229.63623
584.23039
372.58315
252.57663
435.11412
206.61947
181.70691
495.08757
490.94482
293.46594
390.94539
681.40064
547.28622
349.8545
36.129049
134.65847
517.38667
611.29298
178.46286
290.44627
165.78688
632.44731
400.83073
-65.039633
437.41749
479.44604
476.36521
190.83395
317.31179
360.96729
229.82437
361.68379
332.50351
455.49246
230.25709
561.57801
163.32408
457.25835
547.65576
232.21493
309.91793
243.92882
459.04052
445.05975
271.93398
479.65499
257.78747
237.687
210.5331
368.55091
485.18708
435.83021
168.65945
441.12529
306.71236
237.13743
473.24742
193.10602
453.09901
596.0467
379.66347
396.76949
431.64226
425.34147
408.98734
414.09412
324.9527
319.14832
154.07467
308.44858
360.46847
574.47419
491.34575
369.78194
352.60728
194.8933
291.23791
475.81763
483.49778
491.6525
288.39485
403.01476
247.67935
296.88966
319.10117
452.67463
199.87505
173.18305
466.49054
596.50408
376.87799
326.28044
294.73359
242.78447
492.03706
192.91347
391.0811
640.13253
268.0246
497.1169
456.33102
492.8367
610.27197
130.21686
313.62097
381.4437
325.68951
628.41576
328.49185
291.34116
455.83165
506.88143
422.98793
275.2018
210.16418
456.14713
388.71282
552.38846
659.81621
603.87477
517.74358
315.42829
269.63951
302.88305
316.61654
273.16704
212.05897
374.00118
464.01463
550.006
356.05869
539.68144
475.66611
349.67632
101.08969
163.4918
261.32284
206.9236
357.06091
192.06268
352.783
410.58034
389.03363
339.27875
381.05265
121.01388
133.67894
484.25254
474.1757
145.98115
430.45268
223.59811
504.99846
229.89749
411.82818
398.7907
357.62629
206.55012
391.54919
310.92051
203.54559
292.6873
252.01792
281.47215
128.62344
-4.7939871
70.575481
412.65867
366.67517
157.31124
390.60098
329.29033
194.29162
362.84172
473.71752
162.15136
155.51976
169.99243
236.81056
441.85186
353.61025
358.47326
87.897778
144.5745
329.00005
391.15776
342.18359
421.39642
373.3431
225.00909
330.45544
381.98581
240.19079
342.65878
425.24129
463.40589
392.80884
341.09427
535.99343
534.16782
371.02911
420.88433
221.73421
496.63485
348.98259
338.40509
324.64238
481.53386
52.531117
277.30161
329.53691
296.94198
356.45905
422.17839
214.35018
40.997149
406.31603
463.23285
532.49156
347.21597
142.11957
138.37806
353.0514
270.41247
449.50743
428.9431
166.71832
247.3122
166.38512
304.64895
661.98355
647.12141
202.01777
334.04329
238.51084
356.99567
380.59938
315.02985
391.84898
258.83061
313.10814
624.52811
584.78342
450.47909
367.97324
308.4561
384.30783
292.38923
570.43079
458.47747
75.957009
385.5947
512.04523
386.37874
403.60252
387.61594
318.36458
413.3514
372.16249
385.80864
94.742906
569.72758
175.27106
435.5859
172.46266
360.31433
324.2969
339.54518
320.81869
210.75734
297.70737
346.50894
258.55373
192.01483
256.12883
591.55285
450.52373
678.62501
387.29252
252.03312
512.22807
256.03265
415.59921
611.56734
363.4063
383.0319
325.138
176.32866
290.76063
349.12923
268.83044
165.24763
303.76271
388.56024
193.47261
286.55778
564.42133
310.47118
547.53139
349.38985
426.72572
262.33835
360.25481
718.00869
356.68781
495.70725
277.58699
305.92423
447.21934
409.40849
234.60523
493.91516
237.71558
218.84975
393.33269
377.79587
183.23198
247.98963
393.81144
410.71947
247.31017
95.207278
440.32714
156.56349
412.20804
412.02703
412.57088
394.82909
351.4069
381.72313
246.2567
335.63146
179.91578
164.8907
217.31374
424.00166
413.0147
289.66783
227.63551
327.3688
339.73781
404.81772
316.11437
517.63431
257.40525
302.88411
248.96068
281.26237
375.22214
373.23755
340.77278
296.68823
377.34791
111.24008
450.96649
515.69151
774.16886
565.08515
366.70636
469.08185
87.499392
297.8269
85.130077
370.56252
596.70374
160.29113
351.60358
465.61008
162.67886
39.931367
278.53215
364.98482
627.94385
252.89104
216.30053
314.85882
295.52388
333.62079
377.01619
67.250868
145.9618
582.45862
723.51564
308.90954
157.69109
401.67246
316.71316
353.10393
564.39702
341.81506
208.91866
660.93868
240.07476
726.04869
529.75865
584.47375
600.16147
418.69115
304.05151
136.20395
305.24028
420.73051
451.88512
378.18586
131.16829
115.89179
485.79977
411.64838
546.44384
111.30172
430.16029
209.86286
388.19364
451.20799
106.75599
511.95404
220.86668
258.28969
288.85185
147.32888
398.99795
164.67881
248.24752
421.87114
436.36899
764.52781
404.40114
288.1099
39.851857
657.84848
286.83934
352.26091
105.02491
451.99498
297.24475
345.79429
552.8501
236.41203
347.31466
480.32098
255.91559
249.39591
389.20976
537.49499
324.97302
65.832888
248.43698
323.46311
380.3041
506.41257
222.00408
373.46058
168.01766
559.03453
579.47005
371.2461
385.762
501.25732
483.10666
536.25877
393.82442
358.55001
380.61104
522.90079
312.33248
299.91195
341.46571
514.82375
30.72343
388.56753
468.81939
583.59048
558.46902
414.04476
381.66588
360.38697
229.94667
259.46437
413.43088
287.32899
185.40587
141.37505
587.45923
388.16835
307.319
161.84491
357.3483
183.45759
402.92691
520.5172
434.83862
249.76358
664.78582
480.54562
526.14944
141.91218
99.700827
293.96205
431.20811
240.27191
338.26219
121.61539
400.12575
328.56505
466.95071
368.59624
141.29135
188.63501
218.90113
127.63954
371.66409
396.9662
626.85245
549.83135
-96.51715
18.453663
171.44957
181.79749
381.61932
37.36641
237.59042
216.52515
494.66133
496.96892
474.67053
201.54205
388.5541
531.58347
368.27425
434.4007
856.27135
343.66665
236.00162
235.03514
286.61403
382.34196
334.05105
500.32809
165.68431
462.7636
292.9622
266.36103
455.12713
552.70169
375.00292
310.99891
211.54131
339.73418
573.06134
515.72955
302.23641
393.34163
578.7783
144.4087
244.8922
358.44853
316.47747
450.75081
387.42886
90.389406
400.97569
340.63359
368.22252
488.38221
494.07093
270.89991
481.39563
541.27436
502.5657
247.55614
525.8472
384.10571
468.77928
405.20642
414.07378
285.56813
72.001132
216.76073
257.87775
137.83612
250.42488
412.63603
321.34785
201.04886
186.89046
221.53216
244.61922
-44.286683
390.31587
186.6165
516.99551
77.530509
222.53356
181.05823
382.4716
209.16707
186.91235
489.06095
443.71299
448.11648
138.06534
543.0843
144.50389
290.20982
293.32424
484.64463
85.494724
269.10111
69.969579
376.78867
328.20044
436.90254
335.81102
169.68899
401.67534
240.85442
229.77666
154.23873
228.90771
93.737075
170.17719
453.13243
664.82171
341.58025
754.06428
-2.6209075
433.91693
134.44592
583.50738
533.01962
547.44976
329.46469
318.07859
360.73765
185.3688
265.60447
116.84261
205.62339
539.26203
572.56499
314.54336
81.069354
354.55688
386.82367
387.81826
459.1831
620.92972
347.10585
548.80401
282.01678
335.80427
438.59785
348.68915
235.56489
242.30455
400.79515
458.7569
505.90535
437.75141
466.94539
478.23563
571.59494
384.84688
256.6747
446.92458
455.59145
309.07379
364.8784
518.24229
559.17364
464.14748
507.22461
196.14166
292.8008
188.55761
104.95999
127.53514
409.94149
279.32771
490.96223
219.78503
209.35009
578.0131
719.02302
179.23712
122.7518
-7.126699
301.87628
516.07409
443.83286
118.96931
379.23955
166.43387
249.5391
421.15999
488.39477
148.6538
413.55417
253.48058
293.45057
382.48281
491.03468
267.95909
384.34631
328.07834
224.61548
233.27677
257.92755
266.49683
373.19963
282.1218
459.62841
361.93554
496.08075
427.41464
111.31404
550.2227
659.30719
482.36248
193.90959
287.7362
292.28094
177.77979
273.60555
430.14976
323.19917
414.11892
156.80247
319.44496
84.791661
513.54962
393.77781
279.3729
653.97589
428.54835
251.65711
215.21978
429.21639
215.33354
397.2022
450.26654
303.40208
190.80311
373.09619
285.69572
541.0404
197.84981
444.15595
234.23586
283.82897
213.18493
319.67696
469.06185
283.37771
295.91263
459.94553
449.01263
216.32723
209.80101
336.85683
162.65363
146.34399
367.12785
464.56434
441.58194
299.04203
370.50236
325.24769
388.00795
578.73825
217.70316
321.73733
438.00148
286.16282
89.065014
37.401259
393.3171
446.61116
299.07456
184.57943
452.80919
246.76675
433.31105
238.25359
409.99555
58.121469
202.29384
465.16778
334.73877
348.07883
165.99947
300.69765
479.23716
357.54507
74.387567
513.41259
457.53499
393.59027
204.54463
246.84193
287.74643
202.8141
592.9205
291.01456
198.53135
451.7297
120.24947
523.82504
471.41648
-39.173084
503.05559
213.62897
232.75812
305.83332
448.15157
258.57183
230.11171
300.21045
299.72097
409.26016
140.46099
267.8652
328.59234
177.96001
632.1381
331.99245
311.60631
356.24742
95.45304
490.88624
316.4043
534.12611
436.86319
350.35656
471.04326
165.11569
319.56548
299.12152
278.11397
146.25603
367.54463
307.01948
313.16798
439.98214
271.80074
316.36657
579.6822
231.50294
360.66384
4.3487867
485.20597
516.82889
289.2705
464.05936
480.76246
399.95975
572.13967
226.80534
487.64241
395.94459
496.53365
129.39262
515.1935
577.15264
247.62555
151.89691
352.33119
270.08799
303.32691
232.63353
233.5161
421.68187
219.30473
413.22722
483.64857
319.69977
370.36888
521.97659
235.76612
337.81375
265.07321
460.15849
296.88863
290.18919
480.90347
131.2781
493.28243
630.76482
208.89605
509.62959
50.753719
586.88678
113.37113
326.71105
122.18383
299.15515
257.60912
212.51859
298.36836
596.08483
369.84185
265.26715
312.56108
543.95154
511.54457
487.42877
481.3123
414.48956
179.74679
222.09821
525.86519
697.55077
568.99296
449.33813
212.17465
95.407057
333.58684
397.5481
381.04422
386.00801
517.31385
164.4393
497.534
116.10437
91.740125
290.785
81.621683
74.456211
608.5577
456.44849
285.12502
450.52715
268.80621
685.71683
562.29025
366.74415
524.33249
133.9298
523.91197
538.77961
69.506173
144.96097
360.61041
377.63795
292.91961
308.6359
363.75417
204.92545
192.34091
379.39614
168.4538
172.97831
306.18021
373.47228
448.04769
276.82066
71.435603
284.33575
219.68481
491.7595
523.06579
443.61337
500.47612
326.53131
398.85403
348.86976
423.38271
512.25938
516.14565
478.00875
177.50551
434.55595
295.01158
240.50116
313.22611
280.03694
312.06738
425.4567
336.42667
513.36314
120.49316
441.35656
403.98439
479.60652
422.17186
290.40045
264.84842
530.90393
384.61365
299.66042
715.50086
695.43098
433.94631
496.37899
435.56633
125.24372
348.90247
252.8
459.73436
593.41252
564.98589
249.91715
550.30538
381.41941
481.33903
411.35995
366.74134
260.54449
487.15998
504.28269
226.03037
338.64848
294.13961
249.03254
485.55493
368.32059
586.9207
454.20186
346.50403
576.77324
583.27647
167.10407
71.231883
333.87195
255.3279
453.71944
322.11723
244.75576
559.25752
452.13997
268.34633
247.35812
206.4714
330.06919
438.13024
195.78231
182.57288
251.96576
341.17735
421.82566
175.17381
140.01459
525.60041
512.18978
267.94172
292.85084
259.20443
403.10333
294.2696
138.1971
105.29297
131.88227
582.72258
118.82041
186.83248
11.962679
316.91514
549.96732
206.10355
269.96072
213.26862
414.14061
127.52486
139.49594
-63.986494
353.67301
503.86965
452.63922
326.18465
366.88075
202.62861
421.99901
288.68221
219.05403
368.81128
329.78516
-70.932559
96.501504
549.63984
275.87935
272.76625
318.06642
456.95543
207.98397
223.63105
323.49838
366.61801
385.13912
503.41668
463.62536
302.63778
334.88973
398.66082
263.1684
265.9838
276.47667
393.00484
224.23739
308.75572
456.60906
407.78058
183.91719
534.12291
394.13907
208.91781
630.34809
271.05289
550.14627
322.78469
440.0668
583.84685
574.72974
502.42566
289.50872
133.51222
359.06557
251.6631
296.62859
331.2575
394.77046
413.21028
119.87949
388.33297
428.868
579.8808
430.58078
642.56453
470.39081
304.8882
262.75643
415.80263
256.56924
354.70698
350.42887
425.59713
225.50247
553.9858
515.05346
619.22169
499.201
67.695732
149.52455
381.57194
404.80579
657.43196
451.87495
548.86045
471.05415
433.41208
375.01169
276.17143
391.77852
575.29087
385.89263
562.1867
637.41635
362.93343
316.74238
396.75261
341.62882
237.79613
464.04657
373.6649
301.97861
462.2164
406.14103
117.95242
622.40266
450.9269
386.14674
496.80767
458.04172
324.8053
361.11931
356.61963
232.88778
585.65708
537.86589
397.89135
458.16174
467.70171
317.48601
236.10906
143.53645
365.03288
605.66316
329.14986
348.76799
540.73949
605.79221
602.60522
168.80727
297.99916
296.64696
541.58514
364.9524
241.29196
133.38985
316.37224
251.37193
334.99635
551.37304
227.04123
431.69025
151.84875
61.017389
179.47062
282.10673
152.1309
230.17992
218.67182
150.41746
323.92647
107.74179
177.80688
329.899
414.55882
176.5626
361.61521
274.33978
73.38211
577.23107
604.72717
323.25151
321.67998
393.83818
447.94096
85.384793
321.51667
312.06977
254.90608
245.97436
239.35202
315.13764
560.42678
329.88633
278.24205
383.77226
344.04767
186.20123
677.57147
141.89842
333.30953
113.27688
235.71332
468.01168
247.47069
563.30127
487.19426
431.72595
331.01655
469.15055
83.567845
210.35923
531.04362
286.56243
536.63464
301.07334
501.26467
-10.303487
178.30091
189.40459
188.42103
501.92557
674.65353
394.19485
221.3265
511.98554
541.2586
450.4816
472.59709
425.75363
576.44511
486.06437
404.99032
350.84521
-51.733679
528.36297
202.86197
543.33394
412.79512
315.26039
424.11887
289.9776
397.10507
526.85591
362.483
135.84444
447.2121
193.68541
115.41352
280.33721
299.55628
479.71648
330.05524
614.39796
314.85306
337.74173
293.89053
206.75107
202.47793
369.98639
398.54646
361.24137
58.536928
393.21093
175.86034
371.17684
439.24981
643.82961
509.09233
415.48654
282.68396
649.55662
128.95875
557.23469
331.92848
312.03047
414.03573
528.40842
434.5089
607.58041
314.85213
569.89736
377.09478
325.58126
415.76637
519.73506
667.96002
491.08458
529.25864
266.76675
489.19021
487.68974
185.09627
367.32845
363.13269
522.82658
168.20752
281.52334
588.17117
316.32247
315.24472
-6.5275246
234.22461
347.81881
515.64104
562.84407
377.14793
506.77199
258.33196
266.30436
315.41636
431.12643
517.40965
190.81263
256.48292
193.28182
158.14882
307.15539
284.56119
375.94181
423.63662
384.42599
366.11712
524.41543
307.78828
649.30094
188.70698
331.45582
436.8384
276.74145
328.83374
366.07031
513.09287
389.61598
306.68201
264.24095
344.88919
148.96518
279.18649
245.87256
436.7282
449.14507
301.56603
490.48169
461.72216
341.18349
586.48421
426.52108
597.40744
262.44588
297.44151
281.40873
291.13436
758.61628
450.49241
492.33298
183.77016
433.38312
576.62111
388.46049
345.3091
360.07006
370.77737
544.27279
423.4134
305.05408
223.71023
426.58714
597.8563
314.35729
197.58761
260.04531
522.71519
611.14705
301.26993
180.2554
400.37796
616.07356
651.46461
427.86517
483.26703
96.649125
405.14028
236.66228
418.75825
364.24982
414.4012
141.27585
315.89435
309.58429
501.00645
474.4754
376.8968
449.98347
336.82182
564.39923
480.97958
107.26563
260.65996
145.17148
344.05883
377.70117
479.65738
737.78438
317.12623
488.34232
365.6026
523.01687
269.98821
190.23644
411.96708
509.5758
332.31843
320.51218
143.18627
186.11575
222.38719
574.2724
205.21195
546.75728
82.411834
179.7203
318.53925
287.91025
241.38663
343.09227
182.43139
302.8682
51.798977
280.28923
372.73018
151.64321
283.31228
68.991515
167.08048
545.26559
437.30833
411.34356
503.5604
213.4079
367.61497
240.99388
285.84453
265.45747
102.82233
306.31526
434.29027
122.93229
281.02093
224.07029
437.66969
402.61552
459.25498
383.28914
245.82539
95.530583
208.14094
591.29571
487.42919
342.16306
359.78779
583.38993
337.80862
601.85405
432.10463
325.99776
343.47276
411.37743
325.95708
709.7654
483.50107
350.98355
388.73015
214.70035
544.57252
539.40548
194.42088
357.40062
80.428279
150.20666
340.14293
341.51735
337.75213
373.37636
191.3436
418.16256
429.95233
538.048
284.61189
321.33963
377.72743
195.52079
372.71265
582.22224
238.57308
328.88271
314.10177
170.14304
410.72472
395.15877
467.2197
335.84093
324.82764
232.09099
245.36262
271.72974
293.20778
569.74937
505.09344
363.13882
141.15823
295.36582
353.1069
357.93942
446.35315
648.92181
146.47114
372.9327
291.54044
285.71252
220.85239
381.14669
188.9477
469.37727
558.98863
565.03394
334.63452
241.22851
363.72319
401.92096
419.7796
344.39163
292.85972
476.45476
444.30563
254.07903
201.84874
597.75591
219.37196
353.09085
330.67416
168.62227
206.88236
401.85283
202.53087
246.90436
289.43119
385.01196
368.01135
326.39762
265.67978
388.28202
339.25306
227.43589
326.7329
351.422
61.202937
424.60416
409.89687
176.32927
455.51076
527.43664
431.68267
600.54518
565.29538
654.14517
430.30898
349.05381
265.26066
390.62175
561.46969
369.83109
115.57675
299.16223
463.20927
427.72052
451.01682
436.44417
309.89106
54.900728
4.5118953
344.95257
401.17362
191.61253
588.63922
170.24987
52.074534
525.7194
306.33988
303.74884
200.41004
299.62736
164.08957
239.62787
470.54943
253.78053
343.02639
459.61604
405.73054
462.86209
390.41826
324.59854
604.81217
474.5619
337.45302
500.38501
378.85765
313.35031
373.56061
232.98751
550.02049
293.12515
419.82807
512.21967
97.585047
275.14995
176.43598
561.11066
274.88561
194.91645
353.59168
267.16548
260.99007
279.14619
211.49054
302.64852
416.10554
228.37596
471.7362
484.64504
557.87941
296.55901
303.85971
60.972846
257.702
733.63464
221.48588
216.82279
443.21695
476.63
40.592244
243.23017
399.64794
253.62347
271.50214
213.76263
410.6145
459.84925
512.91058
514.22303
622.65371
456.31614
314.29311
345.00591
250.3915
322.76555
379.49965
167.93818
336.2925
433.33846
384.85074
251.05265
230.38518
98.349103
455.11371
674.37742
249.33098
434.93594
232.64288
316.95382
192.91663
559.31809
360.51206
298.88751
297.62991
398.22669
542.34231
605.99551
237.87524
219.30684
241.09339
577.61417
-39.722643
503.80552
163.64255
241.82679
280.61861
504.00539
313.45114
328.58775
191.54356
398.15547
405.85282
353.71838
352.923
233.0031
474.35913
146.01164
303.52795
102.31501
279.0657
358.71368
462.79539
498.47857
298.06698
392.92607
264.98083
177.42731
18.872118
271.92774
490.26484
226.41091
155.69251
291.81208
237.06162
230.39851
76.202743
326.39805
537.32403
298.15546
281.30986
144.24903
210.46259
276.98103
664.06348
422.90168
233.24985
591.93534
321.81137
257.24556
144.81813
282.64114
324.41841
424.01912
366.14258
589.52079
250.33652
579.10291
56.169637
197.10445
259.31981
248.23991
437.83066
570.37516
159.363
205.73212
379.40597
509.03819
207.20061
318.25794
232.47377
454.62098
384.99861
261.86937
351.1133
270.53353
249.19344
349.28708
527.22035
485.19921
267.54772
559.4615
313.80916
462.50861
333.93128
514.33609
503.72002
356.99779
435.55474
508.97921
328.91361
567.98887
67.511449
184.20974
302.13474
224.01505
55.406101
496.82656
482.53246
525.47245
297.93897
349.02245
411.09703
526.0457
396.89269
365.73277
466.23364
416.1774
360.69489
159.43494
398.97728
349.10533
530.97629
171.08767
389.39519
136.43913
595.0836
444.72383
159.75464
272.90829
522.40962
462.51285
321.76062
370.47145
174.26188
276.55594
244.02279
285.50922
217.64979
232.04056
322.22186
279.37596
174.60934
506.92494
422.55272
349.54959
397.16982
173.31325
364.2877
410.06261
304.73965
480.60726
333.70722
482.31212
267.70597
443.16935
320.82123
367.02999
299.8365
657.10192
254.54272
327.06405
472.6998
-72.198798
384.88915
105.28064
304.93046
315.39734
433.35876
357.14206
114.79523
273.78746
263.38116
391.91664
248.32339
420.10989
517.55945
350.7557
291.7077
396.07791
492.1462
507.06882
170.67259
559.83016
619.06659
399.26346
390.19549
324.53251
470.91606
253.88509
604.79425
410.00377
409.09303
439.58444
402.44823
297.42158
102.66304
300.2521
244.43867
339.35602
161.78459
85.494574
164.03424
279.60742
225.63837
228.47024
297.72352
1.2936201
367.28952
194.28848
475.5786
352.70188
324.93797
412.02012
169.47971
379.908
13.476657
346.8477
481.33094
481.00355
430.98868
204.64147
260.62996
150.3665
13.374309
329.11623
305.79685
189.39366
495.6606
394.0203
281.55767
379.97876
-119.43326
306.11677
398.39169
371.89238
249.63422
331.1693
596.05133
359.88677
302.10676
671.97022
609.29959
425.16986
210.32262
546.93168
214.82725
378.80601
330.99507
58.71982
544.56101
316.1674
405.77924
159.47407
202.76043
143.73968
34.34497
455.40215
347.05074
459.58104
588.33846
523.50159
126.62095
105.8251
329.64483
407.87214
455.9088
165.54182
419.91689
353.34959
260.71528
218.33487
408.64779
194.50668
40.596585
382.3154
192.36886
330.76279
348.13594
526.64045
683.32534
447.64422
324.58859
385.32254
377.26268
399.62901
365.2098
401.86655
271.4122
29.170024
227.41936
417.90947
600.31835
380.1328
357.80766
283.47705
316.61093
389.08528
297.6926
207.10613
246.68915
599.9943
208.09411
161.93465
517.17821
413.73038
398.16851
327.49574
256.89678
324.90349
547.7102
202.73801
674.21868
523.72411
237.67979
177.57525
403.53848
515.26537
448.4625
695.20242
298.93348
223.35617
335.35113
496.16329
447.62467
457.98883
574.50384
214.23268
334.37393
425.95986
551.03344
308.79238
489.83099
215.58046
266.07375
220.05141
482.54635
154.0997
502.93727
333.34414
113.54314
431.34066
382.96166
543.14806
265.08551
314.90519
400.31635
662.58851
245.65971
210.94914
366.31502
398.70244
515.14971
443.07307
336.17427
333.95284
372.90241
159.15396
350.60469
389.90875
412.71563
233.01326
205.6212
451.10127
414.89811
330.92968
226.46901
439.89972
287.78752
13.390508
230.00669
550.40475
502.76444
276.7539
269.96026
386.94118
274.00752
270.35622
319.00353
76.718779
37.258885
358.76103
240.71462
219.48853
202.49479
244.48605
411.28724
548.54261
189.38065
511.16366
472.30114
356.80546
211.44473
488.0849
409.25641
406.36638
688.49969
248.0568
123.78763
382.20511
233.0883
439.30034
331.95049
212.99376
467.35984
333.92777
662.19584
113.22835
599.07828
199.96809
656.1992
188.19495
429.41251
524.02531
256.51695
324.85015
132.33069
573.98655
347.64546
365.11946
549.4456
461.2946
396.12822
466.24626
386.55851
369.08586
360.9695
393.88371
330.48073
147.71411
264.79209
169.06087
209.42131
365.59524
496.24317
421.18546
379.84567
607.1727
373.27459
64.548519
37.219404
225.03435
307.10716
4.4050368
98.205529
304.4973
456.84126
276.26636
153.40265
247.71749
204.76993
457.3135
287.92459
231.58862
497.15421
495.75676
572.26544
318.30429
209.97572
465.08275
355.2164
176.95842
373.12611
507.87644
647.95846
735.1777
429.01564
294.03338
155.29983
326.86947
382.53024
351.29918
353.92157
442.62688
516.95658
443.55678
207.54033
404.10775
331.09748
441.63929
385.74153
417.90951
242.60158
171.45327
314.16938
260.82405
260.23162
200.72919
233.67545
285.23633
821.95662
-28.93992
93.413268
279.1748
385.43945
266.33839
217.64364
497.48741
609.99506
274.81499
368.24569
184.61695
415.43414
291.87013
199.82735
354.76301
321.33637
497.44088
246.46903
185.7643
250.12612
581.88839
283.80888
216.61593
554.33034
529.16921
18.482666
351.28448
194.03233
164.73877
562.92254
139.19213
121.69541
528.73121
620.53755
386.6745
449.83619
524.98583
267.85793
316.00993
529.73002
584.64004
545.53259
370.3091
70.220196
117.96542
374.11232
217.83277
143.45353
218.10525
332.71103
387.00063
432.53433
396.18437
377.01297
146.39108
507.2716
175.33975
398.88719
305.94242
294.34514
326.18299
308.84966
359.48014
236.26474
248.26466
331.61686
-29.767347
308.35589
358.85105
299.77378
308.64092
321.78567
103.35042
367.61214
274.11961
256.67818
336.63917
262.63005
530.35481
214.82702
405.62957
129.67584
594.88477
297.4439
339.93675
248.4745
370.23425
179.08714
417.66629
398.49123
152.16023
424.54899
158.65894
225.89276
442.04819
51.712142
322.81435
286.52199
129.37953
186.32017
588.96733
381.93512
181.05077
191.91541
448.90836
524.43113
690.94019
657.62457
280.02928
464.6912
410.33073
483.24722
408.3195
321.14736
243.1303
357.96072
300.17794
342.75385
529.26197
425.91528
465.3288
306.28627
494.72036
443.48492
371.62568
396.38566
576.08089
361.87116
231.37471
203.72338
286.53722
372.27034
331.6939
275.32534
340.63432
361.57357
584.59792
315.52137
163.4556
224.13601
350.67355
256.15686
656.41744
436.88471
464.49181
419.87389
205.32192
308.0367
412.10871
208.42442
132.98248
205.37899
383.83639
419.16628
351.19508
449.36396
393.56734
449.92112
395.66601
332.44543
238.05491
479.3178
334.53845
323.91
7.0810753
297.0862
217.47934
378.2183
107.59469
280.1333
164.4114
448.90529
330.97663
127.14309
282.36798
124.37109
392.70372
389.66567
341.6125
472.40385
435.60147
19.097356
315.49023
545.98377
363.78239
299.26535
249.23298
469.28516
124.90766
289.03486
376.06835
184.4334
332.44077
569.61283
502.85619
578.30579
481.61311
300.64237
142.08462
270.61971
354.12561
590.91617
264.89007
379.41916
626.92583
178.89188
274.88408
492.27201
225.10886
365.02698
427.69687
120.62349
328.54403
276.83949
566.6629
265.00468
759.70218
193.57788
319.30515
112.77602
332.2968
328.09113
145.57633
255.37012
464.32598
229.32036
384.51683
180.71146
360.59268
389.16829
438.20308
444.5196
279.45393
481.4466
477.95586
330.83102
292.84574
264.50077
119.86697
399.95494
427.55429
360.50529
73.646333
349.62193
106.00842
375.44978
270.89949
367.614
178.3274
379.11237
230.15122
277.48676
402.91202
75.93196
363.67695
647.03685
352.56535
441.70523
376.53075
524.46211
260.62088
36.999835
547.30915
17.88809
222.12254
388.56091
395.1386
433.42475
228.22814
348.60807
536.53451
305.01485
364.99107
-65.124324
302.24719
235.76891
176.12783
165.45
396.87201
177.06173
300.04188
99.237246
324.50863
185.80068
348.31394
442.94461
524.41961
288.03037
429.05701
300.84639
388.67362
194.60349
37.993156
287.56555
289.52146
147.29556
424.32983
264.64793
480.99234
542.36608
219.21176
48.267016
301.01055
170.01279
426.24828
385.26392
260.34927
375.29302
561.33426
433.15873
331.25587
400.49737
437.22565
464.12128
57.952643
449.2228
236.68655
418.60643
161.97818
161.09751
458.17371
425.62744
338.34294
355.14465
269.72789
208.23917
275.256
413.43534
434.6513
464.69672
390.93604
538.76642
333.09842
271.99219
286.88218
424.55829
528.80589
339.14256
285.34692
603.16202
197.86606
245.26743
379.02779
521.38792
326.04173
342.67596
442.9576
218.1175
333.79011
485.05706
461.83089
535.14401
510.0425
174.7064
324.40025
307.7926
402.5945
427.99378
289.90377
635.31648
419.20654
405.91699
179.11997
275.99301
61.457418
258.28667
-130.53456
251.70641
123.84322
141.16258
234.18351
493.4388
338.28453
371.34858
273.06337
167.17367
330.46025
187.82213
722.34341
357.84464
328.11159
401.63956
536.55229
294.24173
729.47403
142.93659
411.5392
413.50263
262.57083
254.49864
151.76473
448.81872
530.58891
164.95239
332.515
443.66075
511.36018
742.80711
331.82391
306.55614
227.99102
201.68742
188.71403
329.26182
361.97806
398.88552
326.38307
305.03802
174.309
286.43076
464.48736
322.78281
332.26847
280.21655
265.98437
271.40891
431.10394
365.5215
310.40245
279.35475
383.15957
594.43751
360.96787
504.67116
252.17222
479.11663
438.03498
419.37559
319.12118
539.6637
390.27582
405.97844
415.25407
236.13055
646.56588
133.18639
269.29713
446.60977
356.43746
342.45563
414.57398
391.26063
556.20116
286.60281
308.73959
341.55424
379.8637
233.11034
413.87262
411.2416
359.58515
402.6931
333.98547
262.76544
413.03919
425.5614
282.93916
318.06501
312.67426
361.52902
422.5945
273.29229
573.67723
249.69246
176.82637
530.40557
271.76322
389.2643
287.53744
197.05366
225.87084
401.14026
504.70683
276.62199
354.06157
466.40512
694.30798
417.9762
260.55379
242.60254
289.0791
434.93127
382.9607
190.39098
234.24627
173.71396
183.66286
273.24061
282.72743
341.7216
314.8728
259.16754
367.16032
415.55456
128.4575
312.4876
317.17663
100.5021
405.90403
381.50217
484.44481
342.0478
247.40928
304.33934
212.24806
429.61303
539.48904
755.05373
426.12225
363.44095
342.31609
439.82822
443.16211
465.05535
455.08643
351.16919
398.12455
215.96479
608.55528
300.68274
467.05879
241.76039
347.47565
457.66883
226.50363
142.32573
100.33935
325.63178
501.14399
505.14337
670.46111
226.70817
229.46357
266.87732
513.08525
515.49787
313.64763
193.4653
335.55318
516.59775
511.34707
302.52167
218.04218
392.58301
463.66844
289.11623
226.70908
595.40431
313.69642
265.36819
246.00202
400.02249
345.05926
243.61287
599.83486
338.45822
446.80638
339.80557
84.117876
210.00402
462.64832
566.41038
281.93746
409.12426
172.82789
376.42368
453.92826
395.93032
242.76948
252.56888
340.2619
494.50798
465.55229
89.191524
239.1175
357.32874
258.14652
331.99307
371.9513
344.8017
222.54842
414.4991
320.76095
319.67508
415.48986
507.41118
220.57401
76.934163
443.92566
245.45702
489.00972
441.22904
79.545263
214.9891
403.00135
247.29195
72.831258
237.46473
227.64805
303.8216
199.74054
382.32267
297.117
467.53154
383.17196
131.94152
434.62411
335.32502
407.06975
313.97328
488.98623
320.62952
308.54503
378.10828
346.21475
169.9968
327.20304
261.46768
432.57779
395.05237
240.75159
253.04358
426.47498
406.3795
451.05131
227.80256
376.81937
177.54742
193.97415
288.66245
347.63418
351.64035
456.23115
320.4809
125.26444
282.56153
238.37655
303.79589
485.25955
229.1906
415.36831
725.00878
381.65333
235.78622
44.900093
483.03384
334.78045
600.2905
815.15475
583.02424
522.9207
123.94838
371.32568
298.15157
340.65708
279.50577
799.34851
335.22932
206.43233
264.51311
368.13859
466.6958
602.53538
555.06207
475.03211
413.23037
313.70588
643.78737
557.35368
354.27585
463.87934
304.82002
374.21531
401.72445
522.29243
320.60072
205.15125
308.84731
260.99999
323.65196
394.1341
460.572
350.90301
616.18592
83.898061
334.68722
200.50578
466.23515
145.24753
314.60268
333.02565
219.32987
298.802
481.71572
255.00626
241.88754
303.11255
256.15462
436.50533
352.2343
301.57498
127.85505
406.69113
332.05834
449.01321
349.75528
421.99293
160.77766
150.42899
319.94224
370.29446
210.22267
290.40642
555.21379
413.62974
580.36678
259.77745
319.18839
145.12158
399.7926
406.61928
626.69064
526.57144
356.42446
339.17387
455.86882
252.84358
337.91548
391.11882
191.93001
181.27192
199.42377
245.40493
307.91978
488.07306
326.44063
459.73722
580.72816
516.55873
607.349
285.15889
271.89503
319.437
313.44583
245.86811
487.00326
453.6171
398.93623
124.41503
435.9948
514.03092
284.22818
364.08148
378.21658
234.17973
379.41349
332.09524
402.96728
536.75552
290.02415
265.43986
575.00741
647.18854
411.1026
-138.73095
196.77667
402.91819
145.39125
65.90201
199.68732
311.16063
527.3972
326.04193
153.03563
-30.927889
491.15859
406.0744
416.29856
391.13217
428.03883
274.71662
504.48434
257.29236
251.61117
336.45895
487.51744
168.84028
210.85234
354.81828
405.41517
398.53023
155.08415
329.02158
637.49183
347.9317
229.7065
150.62621
419.46453
328.19066
230.22039
573.78873
372.33594
357.39701
195.47462
374.02051
411.65312
335.55159
118.37309
410.26443
466.18782
67.508609
389.79139
376.41492
56.525516
667.82573
198.49212
638.7391
442.09649
344.77399
390.65554
491.88851
263.02532
290.06977
520.1734
183.13505
70.562428
357.499
216.92148
238.84162
467.95753
387.98739
295.14607
308.98768
380.78903
508.88359
358.96152
490.92946
415.59256
298.09504
99.214815
561.89702
344.24174
337.83706
427.38258
336.58305
451.89721
520.48143
520.7194
129.58938
447.46935
250.53593
690.39425
406.38053
312.17312
366.66109
272.50419
27.228049
238.27878
130.99244
322.39372
336.78218
221.38299
412.66772
245.25842
96.020367
521.3541
379.61326
97.245633
428.29665
360.58302
462.37335
382.44922
376.01228
489.94852
417.27614
314.8257
413.56504
529.68175
451.88341
164.76268
299.09784
228.52307
523.91046
522.78697
470.74527
261.6056
294.80699
284.65991
340.71707
266.47342
311.2081
264.0269
8.6860141
146.55891
245.47804
135.88474
277.51596
272.53287
122.12602
275.60798
269.1512
355.48248
312.86439
340.89516
491.58316
244.1361
393.92548
250.94556
313.98769
351.97696
618.61013
289.54115
671.10046
498.75297
345.78921
118.04551
370.2879
562.44048
309.47634
437.09995
182.00173
345.4881
354.60894
24.828901
155.79474
155.42757
304.43482
447.03444
393.38028
483.68909
293.96846
70.670992
494.70542
314.94815
315.85997
359.79243
255.36648
386.47886
313.56415
223.59921
48.010531
171.79417
450.44088
465.69285
351.81399
619.49545
203.89817
517.41605
321.78504
477.82012
255.72917
443.69897
430.23297
366.60148
304.86362
200.57274
142.31171
397.59194
427.16564
381.43383
54.186043
271.25793
325.39827
182.42454
507.55665
439.26045
222.2464
203.0143
558.14348
378.01616
386.36482
649.56889
318.21734
184.00339
146.03291
387.18831
532.95203
414.75986
676.88736
419.44534
515.34109
225.7299
329.74513
271.0496
590.29607
265.32887
230.24123
516.72838
288.56092
271.9484
482.31758
291.24646
445.77515
398.05329
118.48106
296.88904
384.30092
138.25798
430.35625
216.44474
571.02895
210.18041
442.42805
440.69483
467.00563
152.50441
417.43673
161.05536
389.21347
377.39651
167.86376
355.66278
334.23706
204.83825
334.19196
374.2686
440.10018
420.13066
295.39157
379.55887
446.76676
436.82264
542.90329
553.5862
355.6103
251.10875
304.14137
153.77537
255.29421
332.82186
300.75389
316.57195
428.68999
344.41972
299.58446
245.98878
186.01893
-16.708887
249.34096
377.45455
320.41029
419.71647
267.65069
531.1772
475.07533
313.34432
509.76162
465.23873
311.10839
485.43102
351.95171
342.84416
434.60086
36.407664
299.84354
285.14237
485.81923
279.28305
368.07019
427.95257
357.34365
309.55322
386.21661
308.66996
326.78507
381.57738
377.41509
513.21112
339.14171
187.65443
252.72297
187.92345
467.87198
291.1668
343.1341
312.2475
362.93462
293.6888
526.56131
398.18655
307.31085
414.40289
387.85903
152.1255
185.11395
269.03768
383.67932
256.89418
450.27053
303.66341
415.21712
321.08355
279.87198
501.06278
395.16994
240.18936
265.76045
302.66244
328.0561
502.74439
564.76093
516.10163
505.29587
433.72726
238.54238
320.00867
373.67466
504.72753
371.07249
271.50985
361.48871
514.98474
377.09091
548.41896
132.52449
203.7147
445.70703
391.01621
338.24956
426.31243
102.53686
222.47073
166.89363
343.18357
446.41258
762.59409
61.533227
654.05373
330.20121
408.61739
111.55156
375.29928
518.42031
608.83295
589.42829
232.59608
190.98905
209.50629
186.72506
283.76498
386.35281
35.043278
377.46697
187.3945
405.43009
254.60708
545.21031
206.23565
355.32365
308.57185
381.9812
7.1627991
449.62371
415.91422
476.9053
352.56328
516.87616
406.69915
111.20165
451.2296
382.64093
378.26064
382.2611
568.98372
444.89712
400.18885
412.73009
-27.543396
167.69079
165.2606
52.617483
194.24889
358.7097
380.48474
327.33007
292.60134
405.71849
699.07271
460.71391
250.54383
403.16462
473.06193
502.73295
191.42453
260.97843
468.54371
-6.1440974
415.80542
218.07175
388.3134
476.99109
441.13902
236.32237
273.91414
471.56581
384.28731
229.19201
476.29304
460.50304
370.35917
411.2163
371.88881
764.48349
297.23714
408.22658
444.40401
312.15755
422.15182
630.68876
616.86698
416.9728
601.07798
440.49873
358.32492
474.6148
-20.054256
23.041096
392.08145
443.70183
393.6097
420.37281
168.60696
438.41754
574.73571
494.89405
552.39879
525.1391
404.13484
412.47557
212.84509
320.72096
302.58364
508.68326
204.41655
265.82411
269.20019
382.63084
394.95689
516.15093
298.89007
292.00695
287.67611
338.14182
344.73989
410.70744
361.93249
432.58975
407.81956
186.51006
476.67832
462.30141
584.73543
412.4299
302.7771
252.36508
200.88041
206.16379
519.875
534.78427
103.53365
427.78726
106.11339
210.36645
333.90271
573.81534
374.60243
213.29122
165.0607
168.31834
70.483192
275.06991
434.27564
412.83994
409.41905
44.927911
514.2235
171.0312
493.37146
346.6792
391.296
500.26868
374.01234
268.88603
317.12595
221.50011
252.37796
351.04933
227.69202
258.64669
598.52999
393.9316
-1.6253589
464.25431
526.85651
306.8536
375.22604
267.82262
371.07435
255.65909
504.13619
571.31966
457.62939
72.697518
450.0332
318.30952
595.87772
351.25637
245.18
304.14511
271.59876
328.24036
125.70716
387.13266
512.12282
263.96988
361.4767
440.37298
472.81543
397.7681
457.37759
318.77569
352.9631
291.39828
284.81725
480.46423
222.05752
231.06477
226.80196
385.63006
472.86021
519.7476
592.76378
401.81629
230.73346
458.50198
-146.4489
64.40778
360.69685
402.83263
517.93388
390.00046
93.420198
311.68449
188.23149
403.78294
499.96395
376.13955
286.36043
200.46405
249.93355
208.38114
261.34665
544.10838
312.44262
493.26045
294.01921
297.26154
348.71566
391.56668
397.77921
468.78796
565.94528
548.40502
184.46773
-10.183402
108.257
180.52345
193.40387
291.69272
333.40489
401.98344
477.49006
547.77031
556.6187
326.01009
555.22045
514.97921
653.04436
294.4294
427.43763
300.10896
341.62583
399.922
471.3611
357.05342
311.67925
500.90544
358.80183
401.45667
344.24359
254.77345
84.232482
334.92457
229.21045
246.4701
403.57796
459.2084
332.83767
145.89185
306.31719
428.32257
595.84785
378.24028
341.1156
302.35018
409.53474
258.27094
269.03043
402.9825
95.72081
377.25184
395.27596
420.9647
381.81573
468.37483
205.50401
183.15179
211.19185
582.02635
401.04313
573.89126
557.84362
344.30142
452.05244
599.84517
730.18883
379.83512
308.21365
206.24228
108.1241
149.97433
277.38891
593.94967
387.0533
316.41724
419.14614
298.52298
319.63728
332.95005
427.87154
425.85704
-2.5855342
541.83031
335.67079
370.74844
273.45272
365.84126
483.82862
141.44616
319.55045
360.96693
141.18018
385.15004
327.98714
543.51042
168.98182
508.55665
476.40138
359.49864
335.37125
-7.4178602
230.44787
447.90723
568.22188
469.76345
295.77094
239.62224
471.5218
555.30833
363.34239
255.1607
74.049467
373.23743
354.47989
494.43284
643.79195
340.88179
447.78008
573.6944
541.27598
342.62498
324.30287
419.39522
404.7962
317.75415
318.49198
313.37474
184.74143
264.16671
272.63859
295.74407
430.60713
546.67948
225.66243
323.05094
636.32396
202.98664
559.56236
277.31165
301.86321
301.41441
306.20128
381.88011
127.4176
360.3985
373.1893
547.95746
338.63158
195.10669
410.32181
430.29544
364.77969
127.09062
617.53815
495.1479
466.27812
391.38317
382.60855
703.58082
452.43486
614.57873
622.08753
349.537
661.45126
553.52082
372.61194
474.1402
392.34686
229.47208
101.07862
441.5421
298.49887
189.15229
223.88749
417.33625
356.81768
278.69362
190.16552
468.81477
455.74541
393.6617
362.46514
180.97995
606.89553
438.45352
-8.6950506
-4.5744217
286.77779
383.72811
90.21388
363.04611
247.70016
318.36521
342.76976
296.96093
422.39534
419.45374
122.56102
524.42395
250.86577
490.95061
538.71767
382.01808
351.03917
125.68591
142.34419
377.52595
450.32473
326.11979
348.01949
257.31831
335.69921
461.69067
469.43197
548.7894
262.28428
353.43733
262.39604
285.43133
474.59459
40.92081
200.17528
131.38423
393.92973
641.09499
491.58697
392.54327
193.22093
406.29907
154.42563
335.54398
395.99572
279.96879
126.44567
296.30054
250.73717
314.77807
376.80025
317.79848
254.0353
241.09726
508.77057
236.59121
584.93505
469.24013
377.28123
252.07352
223.69908
66.573539
381.2526
359.74485
421.8295
392.5636
131.22257
197.4086
207.44393
279.05959
550.31493
410.69211
546.6033
257.91438
329.59651
455.29332
537.69011
504.68271
342.17228
409.6713
212.58994
553.01618
487.00112
185.19063
122.44588
126.96319
308.59732
201.07804
245.26289
413.5289
486.39729
452.47599
165.34711
274.00046
551.69845
396.97534
555.26109
553.15091
259.16894
426.97732
105.09533
576.2069
343.86113
229.70516
636.75508
484.32344
316.04241
465.71946
197.7609
639.61228
273.74967
211.19214
499.64557
476.76197
292.51309
53.616587
163.59894
286.24707
310.28559
283.64156
415.78475
312.31005
243.7041
133.62353
477.89554
337.34212
230.47025
495.31
348.41136
181.28868
352.05179
93.555194
559.39751
562.39892
84.935182
315.46064
361.27689
123.52854
537.595
317.13753
22.91719
372.57219
198.7849
380.84315
582.87975
462.76737
433.0672
438.61922
200.09539
375.74607
260.40247
344.21747
576.65498
385.22436
182.84256
183.11056
81.556687
427.34972
314.05189
234.77057
299.35608
367.85307
92.202516
272.14692
251.17146
244.81625
201.98948
360.26104
518.47283
506.97254
243.79992
221.34806
307.21993
215.87885
269.28599
317.91948
281.41913
241.38216
271.62678
756.35256
335.44599
432.21154
586.51772
373.17031
139.68447
366.21208
152.54928
283.4605
304.17909
437.70809
332.42313
307.59132
400.75357
266.30558
14.498747
463.45548
184.44012
367.95058
651.12759
491.46265
387.19555
444.41586
336.32567
489.38078
500.65961
557.98608
249.54162
488.03744
509.72612
558.59537
434.24638
420.7244
425.02736
434.24414
350.36829
511.41651
432.97604
451.03703
506.84195
401.09588
422.46972
223.2594
344.03676
425.57326
287.75898
23.804798
499.7412
504.45743
357.83449
325.99151
336.78933
394.92938
646.69922
474.43344
379.88924
276.54198
165.50067
332.5927
192.97812
341.60233
473.80095
361.41659
386.62762
126.52826
350.11032
760.91777
248.26146
239.7135
239.43625
534.28199
223.11451
383.27741
372.96002
443.0628
242.014
280.69233
317.22915
513.7684
311.54441
153.8736
486.93415
466.57905
240.26388
334.44781
448.04986
334.6802
267.96024
266.15957
319.96584
190.50159
280.14829
474.41427
590.00169
422.81102
357.2022
127.61672
225.15479
483.04482
267.57303
109.88547
201.07904
354.71708
255.52325
333.91465
337.07199
413.95168
511.354
463.13121
310.06174
224.99898
137.24647
235.24271
96.671336
441.40852
130.46421
404.52609
513.62472
165.74103
334.90102
428.41403
386.3265
606.37206
610.14395
70.578485
272.08531
322.94436
238.2883
108.54199
201.19266
286.13704
300.86807
95.31424
621.72541
265.29296
246.70591
-40.610782
297.82932
359.27996
377.05919
195.77971
354.47425
306.67247
448.61178
181.90048
228.94323
333.49289
443.71226
314.87573
412.72025
184.3133
220.76673
282.87126
572.15349
333.19714
312.78002
377.63422
677.11762
723.89172
255.92751
463.17165
403.08273
155.25307
335.19177
552.38952
288.48376
214.36422
356.30287
236.25891
246.20495
363.00972
341.86077
285.31387
586.81819
422.3816
460.96715
243.63552
463.53594
81.561173
416.42089
185.99832
488.39864
510.81723
388.60436
325.55271
590.28319
395.91356
73.261358
543.35999
500.82342
454.90958
305.78763
174.83376
202.2781
209.76683
127.82775
351.18852
366.88791
458.72737
510.21713
548.47367
231.51727
181.46179
503.30643
250.83656
455.38931
325.12319
427.32827
473.57774
380.05033
457.63428
107.422
325.78625
659.05262
301.43267
366.97883
387.58943
220.99875
245.20014
176.3911
400.7548
500.42782
366.52642
378.65761
514.85845
153.1112
202.42106
225.86132
483.05244
456.58615
490.47084
511.14485
372.69817
250.61173
363.77
256.38906
434.11546
191.28939
439.36149
237.34685
574.63277
763.30346
478.99378
143.45402
332.32341
481.99237
238.60962
493.20607
392.40145
402.7682
149.38306
389.15776
318.43804
342.77792
369.71644
335.63722
690.61474
596.28207
249.35109
360.07941
124.73955
349.52021
220.01558
424.6806
508.63798
437.14211
338.9953
107.56143
279.72483
384.48495
252.16833
415.36167
597.74496
275.33254
442.30653
272.11858
307.29209
221.20218
368.70249
351.61363
479.19703
521.66978
258.98184
317.28996
484.60544
524.2341
318.27441
375.81655
485.85722
238.52354
225.73602
392.93281
473.26422
383.44727
333.29159
450.43707
575.13411
335.05007
198.15834
45.7481
381.95622
486.6846
350.50941
670.0462
425.00365
-1.5935488
354.77881
103.78404
427.83275
512.66778
612.6975
471.46744
337.088
550.99557
316.04009
393.99206
562.37725
414.68144
357.13044
549.55366
447.08199
343.28289
441.46649
542.92911
482.48289
327.02523
536.71691
103.76657
408.22036
546.65496
339.22731
304.50898
303.26784
252.70785
173.38199
404.97532
330.47122
295.25639
575.1656
404.267
363.21608
284.0418
394.62448
347.83103
285.83804
299.67886
285.4303
350.06534
240.90471
266.9586
105.30945
411.94747
474.7796
342.45479
532.86501
606.71736
9.3747699
341.99181
326.18186
279.01869
618.21296
164.07646
343.04507
331.93538
612.09111
274.15367
486.79298
469.46025
231.86155
318.85354
442.33966
350.99471
482.98358
355.13416
449.57964
284.83192
280.14985
242.21193
458.37144
547.30651
478.58204
279.75063
511.74387
191.37858
559.56164
390.9573
234.32084
409.33743
386.0824
247.84779
378.45983
211.04261
255.93802
41.383579
364.84805
667.53614
497.28467
404.90771
554.33909
405.40462
559.65561
289.75171
375.4864
368.78975
225.25144
392.39616
474.6911
578.97234
262.5209
328.27757
368.26165
167.02005
334.47248
299.94742
526.80107
212.49119
180.41196
251.79259
323.1735
415.14349
679.94208
294.53799
292.74009
306.6536
710.89579
152.34117
600.89834
241.48905
140.8874
197.44856
345.82776
387.64122
409.21073
240.85989
263.26956
312.802
381.65604
87.475578
437.10983
424.6155
352.73822
552.81246
314.12677
383.09532
366.63084
363.49523
256.31596
389.94793
356.26426
409.03961
385.09613
380.66772
233.52156
515.60043
120.41761
235.72927
351.69394
263.48212
247.18282
509.81131
246.43934
507.10204
129.07859
382.46976
290.42442
223.36709
454.88255
590.36866
539.89162
253.58561
428.44337
600.39346
198.76803
434.66152
461.39936
341.6467
193.69932
434.23774
211.22254
241.74184
303.31856
300.83282
271.16553
130.36836
111.01334
122.41861
420.26136
326.85335
552.68784
462.12927
27.846938
148.257
450.45723
314.75089
472.00063
501.31379
408.24331
209.30308
426.48601
284.83396
496.41557
313.49321
475.83864
638.02017
484.06708
506.56546
288.60203
422.17621
533.0943
578.86727
260.23092
280.95495
66.110475
268.08624
433.42116
389.21019
324.17881
576.76693
452.8236
385.96544
534.02052
486.4432
593.04988
370.2689
417.99589
388.26272
405.98358
553.49245
491.8048
503.55677
553.12864
621.97052
463.8881
89.551425
315.63747
307.67857
576.42898
649.72406
186.14334
372.68307
466.90831
560.4686
160.68487
98.831274
472.18451
455.20852
238.47242
336.81547
468.48594
330.07372
235.59018
247.51973
289.39044
18.858801
496.03597
345.2037
443.51305
424.31764
298.45188
552.39106
436.09569
345.3541
536.90795
499.65069
224.87788
189.19616
335.32076
584.24193
528.84855
290.72551
279.7843
-32.617547
475.05283
344.64639
141.95796
141.01559
341.42637
148.69963
142.32171
320.47284
427.18559
421.94485
436.30316
267.87509
370.7154
178.40463
355.83683
471.98152
343.74366
150.70671
370.7728
241.14834
354.52153
245.039
391.08531
265.73469
294.88436
262.87092
535.12399
196.97306
380.72584
387.50495
388.98763
551.5793
614.79118
215.37052
388.03289
431.81073
235.342
487.87308
499.63477
482.11596
462.97206
122.6566
99.317683
48.087327
342.07266
229.14545
346.60116
246.63274
123.92017
281.77517
558.44209
553.68848
213.01676
100.85091
198.05605
466.4501
453.73882
627.12304
527.43023
451.83703
182.00086
559.16096
308.39553
479.18187
392.12157
418.82545
519.32456
269.26073
331.52849
233.00693
443.41021
277.6385
315.70428
341.42757
410.43499
308.63549
557.32886
355.19398
573.2003
493.44016
375.51098
178.59182
293.53265
197.06664
253.43232
249.95841
66.503981
305.94851
439.9813
253.40076
223.82741
229.05569
522.15353
314.29105
446.14696
542.61996
464.35305
373.97573
493.61866
413.68754
458.75208
136.30431
119.98378
74.087003
510.65978
408.0992
352.68863
552.48026
294.70878
503.40652
463.84703
215.50844
281.98049
258.1124
508.22161
273.26403
474.05361
485.63585
217.08286
119.69588
414.0379
496.38593
258.1013
554.718
358.57409
266.03353
160.51477
517.16973
377.49078
238.87783
444.69748
388.18327
470.6327
171.11856
210.94409
100.43582
228.6546
481.70004
251.66047
551.73261
775.07721
467.99978
564.9287
666.89269
343.49729
346.00589
284.27511
294.22059
390.25527
292.5313
349.6608
431.78959
684.57719
133.97978
382.33559
-3.9831837
152.13256
197.20638
245.01187
428.63718
315.40988
109.75322
511.01771
403.90853
369.42696
465.89663
506.02353
287.10925
208.16547
137.49851
606.61915
494.4363
580.54052
446.38078
546.8284
427.1028
166.27413
370.19278
420.42595
463.08325
647.11
182.48544
405.59567
484.16242
372.35111
393.2011
224.3405
266.84908
579.2091
211.97109
534.35971
427.77319
37.431899
157.87979
279.78437
187.37077
323.3184
436.52365
355.71317
303.9569
435.02648
161.38388
505.15644
535.46854
380.74581
669.76232
460.22539
375.52872
323.75013
410.22471
276.72431
344.61155
70.288163
479.29011
385.95896
333.51209
239.33097
459.2313
634.6909
549.48405
458.62822
284.91653
217.33964
12.14093
314.97778
499.45157
259.67832
475.1085
284.3149
238.04648
305.07006
340.86676
411.60085
476.02243
760.84082
358.08083
257.32186
393.47029
617.26837
304.82012
408.29359
117.85223
326.42673
471.75395
199.77682
330.34568
209.6675
218.00362
538.0885
406.32526
376.44504
818.71406
253.83188
128.07739
208.36819
569.66919
359.4473
290.5509
302.77943
280.29081
158.44321
479.85854
480.53126
81.608138
36.559302
319.75826
405.74957
176.2982
500.33071
100.49263
528.03154
5.254944
309.99206
477.98358
467.70251
290.52673
362.5248
317.06409
411.22294
86.248756
420.87177
396.63175
398.75288
505.64006
286.81653
286.36933
363.22086
489.23254
452.02531
583.48866
540.38381
316.61183
47.455914
438.15886
594.37072
505.26946
302.86121
697.24898
236.55924
147.41432
358.54516
456.02584
260.39603
537.19767
634.50641
344.63305
617.22781
376.98129
366.29514
683.58066
396.26644
589.42139
396.81222
311.6093
249.67281
255.0225
346.59787
393.93536
423.39786
274.93056
221.4502
408.54361
395.46585
195.08305
241.05428
202.41401
295.03917
519.12515
339.59187
590.03727
395.37622
235.82747
302.80637
340.48944
276.45876
664.27774
320.66544
470.35888
204.69582
53.863691
589.14178
246.86072
215.56728
346.73855
519.42903
175.71778
121.03636
230.86654
194.56929
342.02689
480.35661
413.77153
318.49928
617.79064
366.23494
325.31615
317.01054
474.09063
394.48181
355.95323
205.54484
453.50839
757.12323
481.13994
427.58826
-28.122448
340.17865
329.18181
707.28689
527.21764
508.36247
480.22584
507.29785
349.86547
152.7038
244.29556
465.0846
32.304842
303.88433
286.72997
279.83852
247.37719
511.50284
449.93726
237.43073
365.08145
233.05473
472.35715
454.05503
458.9049
330.11507
170.03309
205.45441
432.4055
640.27596
509.55954
438.71152
451.23061
439.19868
389.61386
375.27198
252.94648
269.41292
373.55161
620.51159
387.86652
517.78926
263.85313
327.48083
159.56496
428.96408
386.74344
421.05487
386.59365
222.60019
364.17791
709.3425
437.56411
258.72181
199.08017
269.76027
445.09238
360.52164
305.36069
165.1836
316.26546
610.72116
503.65521
-75.504822
80.306235
251.04004
123.35497
484.19272
463.00822
517.52823
419.32194
271.49755
290.1337
412.92505
252.07515
348.18728
408.9598
732.5064
680.23113
265.4052
363.28608
192.95264
234.55513
336.19769
300.44569
88.999266
454.93784
326.95649
396.60575
570.53638
379.13906
567.17252
289.62089
155.73606
216.33934
-47.575522
360.60996
325.30256
411.54468
486.06658
448.79672
146.22809
296.03954
192.09527
332.5378
471.69288
140.17599
515.03045
586.69827
398.91068
427.69541
562.75718
112.4419
199.05455
146.3468
394.97601
161.28242
427.16773
11.157468
493.62601
200.88916
288.66961
463.84896
350.35376
426.20704
361.62827
108.61789
121.09681
216.53679
399.47237
462.0853
78.939883
57.014629
244.96737
125.75843
387.87978
304.08571
412.664
407.03393
384.77216
317.25318
186.88394
208.28139
591.23796
511.7801
411.95835
373.47694
241.93177
588.16653
234.01497
307.3664
351.20235
345.11473
199.42636
166.87016
525.40788
208.32091
220.86492
227.43999
445.68481
532.2503
371.80885
580.86024
383.04006
390.58994
562.35959
319.75001
590.83538
430.80761
321.46101
181.37058
494.93669
419.33234
233.86457
366.62407
398.75811
403.63119
295.25206
780.26084
428.21642
392.70934
401.65539
220.90195
405.36338
386.94623
390.90824
374.12879
500.28168
683.1637
493.57781
445.13818
378.58067
640.88988
549.71237
159.88959
230.89723
412.38969
100.82227
465.48927
324.72615
75.840011
310.90691
322.05043
271.11865
327.34574
194.06042
416.80889
507.21273
280.21247
113.68485
463.39262
158.96343
264.93291
590.54982
448.93914
290.92855
567.98545
546.40344
300.62753
411.08146
90.229924
500.1343
130.8695
546.92566
229.0224
361.90529
294.9328
243.77471
470.69212
547.55769
541.72525
523.20164
334.68768
355.357
620.04782
487.39355
525.12425
293.78646
415.73075
200.02771
99.094387
176.61564
347.86708
351.1851
365.18166
283.41139
420.15948
442.68289
518.32663
74.083315
371.47053
-33.410513
448.71789
360.60615
306.86741
124.56279
338.81442
453.85794
181.05574
124.15003
474.93117
275.49229
238.23669
522.83761
518.09372
562.4949
561.38722
422.30548
831.68969
697.81399
173.49356
289.05078
16.785428
273.95627
276.48775
443.90732
151.80302
483.42246
242.94341
95.514747
167.32037
302.3385
267.9539
270.3566
114.57587
121.78009
155.46715
625.64072
399.44951
431.65693
565.84677
236.68544
414.88574
224.96019
246.82747
353.75364
206.45523
373.40925
371.0582
422.81891
368.20995
436.92386
485.80614
306.85111
393.91733
275.11633
370.95984
575.87792
498.7671
-32.6056
398.57249
166.12822
551.54764
534.42273
120.8137
336.367
302.59442
559.85652
42.350777
-81.399454
368.36466
358.52842
354.85284
393.73541
242.20699
294.91642
336.22338
617.67852
363.12929
170.38747
492.26941
426.56111
390.83964
282.53169
444.14914
450.76181
326.52419
432.49889
487.07949
437.08732
438.08589
303.95347
371.4695
530.44693
540.64951
119.49646
518.58685
454.05686
527.31512
355.15295
280.47847
352.93113
387.45397
256.50795
362.2403
351.44703
211.94678
379.57239
378.18169
232.15535
421.25594
307.01905
510.18551
249.22009
283.05929
246.15487
380.66591
544.38759
530.4931
273.62052
565.82795
435.67262
420.99393
346.89465
583.38579
299.15109
344.33126
259.34655
266.90725
196.90541
64.120184
409.41214
245.04344
144.84551
333.49175
355.86106
412.01593
313.61252
351.60249
436.53847
298.00771
424.49797
480.18743
575.60605
534.67969
492.74835
451.82767
59.107154
495.52255
339.30179
328.8254
414.49529
669.67821
580.3571
434.67258
746.39729
432.55817
333.50803
347.71302
277.28044
395.41014
473.88026
596.26191
147.55318
542.86356
337.49722
388.77439
267.77788
419.26889
498.19511
298.52819
44.546052
117.052
18.298742
488.61596
237.53728
374.23436
328.22566
676.02982
593.04471
279.56607
507.65835
388.59897
270.48088
441.73332
161.99782
314.83515
374.95409
411.97934
630.76775
221.72821
378.08271
348.63722
266.95137
457.12468
558.65066
528.38204
335.10143
360.13214
304.53104
220.61587
324.06458
435.25863
508.01328
266.21822
314.82768
465.7437
466.91375
594.17013
408.65655
524.41136
374.09412
304.60351
36.509599
327.67403
185.00194
328.13193
501.53152
265.80585
404.57498
466.76859
386.21879
444.47731
492.49906
600.54144
271.99595
377.94715
354.44064
425.04606
289.55276
320.70867
224.98147
268.59275
438.41004
704.96477
202.22323
91.14244
229.78013
393.22588
312.91686
268.59569
439.26438
200.73223
440.01161
265.97425
339.05329
290.16546
471.0947
272.90862
236.40585
291.66412
504.72917
448.53885
453.88061
312.39716
333.66109
494.30274
229.90754
380.09131
145.20766
363.24182
570.238
437.55792
489.22749
489.88555
250.36603
18.433633
253.21801
631.13878
399.92037
571.44411
620.31028
421.85083
272.39996
426.96517
61.395123
296.79745
624.79883
500.9118
250.91752
385.73948
260.09739
167.03331
321.74113
525.81774
332.35195
483.50635
470.09871
283.02518
347.12568
334.83337
433.26309
527.42696
528.42698
560.63462
511.62586
715.43873
284.21891
573.90784
449.09594
479.10653
306.70309
536.54995
500.09673
353.47246
506.9557
427.22903
350.39697
433.77061
429.10055
240.74698
573.43486
477.73926
274.37581
461.49064
179.14206
428.29508
538.24237
454.5788
484.52232
357.59745
286.71
146.24153
436.83053
354.41158
312.64848
427.49709
452.88839
167.15358
489.08804
369.84591
456.88457
267.54431
384.38629
421.16727
304.54798
483.90357
366.99576
409.93481
570.34686
504.54286
102.47589
302.74677
399.54138
230.30331
299.70197
59.831576
558.61504
668.36335
517.3664
407.80903
398.79718
301.08547
277.14589
586.78217
294.27269
396.18828
223.22472
172.34727
374.6439
446.1268
493.28063
337.47205
339.83672
306.35748
211.76148
519.43421
124.45094
458.33579
173.03566
257.52719
297.29457
275.72691
294.8284
505.10022
395.23917
378.35713
457.41505
332.1651
491.75877
540.79812
380.47362
350.72386
321.73738
189.6514
291.7626
340.42945
81.952765
182.52962
270.95153
546.51897
344.24046
329.05015
342.76359
288.1885
595.12852
314.04881
483.86513
305.75884
613.57005
366.97355
439.96915
400.71447
176.55391
-17.184634
-32.294753
588.8537
492.92437
328.4591
280.77628
644.8631
235.16513
200.5979
330.60706
334.82432
480.49482
579.88994
320.03945
308.12202
364.55695
337.99494
338.40163
642.41022
452.57539
333.7624
289.71515
404.94386
274.55596
494.5836
775.57075
351.19612
588.92229
274.53449
601.38272
339.57853
303.53886
180.80722
308.82553
336.42912
96.179435
295.38771
373.46096
262.49524
322.53874
2.4531907
303.26473
311.14071
330.1607
381.12235
217.86843
334.71794
267.90415
398.12535
509.97564
-39.169457
319.59469
160.6661
119.24306
314.20434
302.54883
328.79526
296.84692
327.79997
130.02269
330.82697
484.5702
36.145454
614.92375
170.67302
365.21275
450.83472
234.06896
144.2617
178.24303
567.62975
156.75213
276.34611
417.20058
624.27071
282.17688
198.30899
150.54108
304.12317
457.49055
466.00984
303.31082
399.09066
287.54305
391.42431
375.58611
32.130202
456.40763
605.33252
148.07736
240.78881
249.80273
192.10957
561.71497
228.19148
411.2957
546.68857
388.84442
410.35888
298.23829
268.88857
189.81013
540.77041
524.50914
325.08902
452.64634
170.95291
409.16817
571.48167
220.24506
444.8582
332.97707
411.55011
240.92989
383.01499
57.332571
366.72427
222.26935
247.52425
220.02094
212.97095
381.58807
249.74204
456.84592
313.03776
293.29266
300.93526
365.54375
359.15688
287.50537
488.06207
278.22334
355.25539
484.21827
381.41503
443.60434
222.13989
403.31773
330.68385
333.95168
139.72333
454.81682
331.10403
309.59064
407.74497
437.23677
413.49673
169.44328
461.0412
477.51464
269.6102
303.74434
209.93127
167.31027
501.94865
462.62046
465.00282
248.32212
481.55779
288.16662
488.81641
241.45382
639.6848
267.04345
351.62798
416.8302
410.65744
418.23037
431.89196
344.88912
163.34969
257.75755
550.75474
433.71243
229.02179
409.2896
-43.655648
304.66312
447.37301
507.26396
541.13499
319.08007
149.27175
471.41383
337.213
275.37113
46.451946
359.09676
210.57515
310.96291
380.89995
164.98938
215.177
346.33995
441.71355
101.98269
332.26274
363.06112
132.03155
228.29846
360.63948
321.35925
304.64037
252.94888
377.71319
135.06006
156.98041
125.09766
373.96275
460.0229
455.41364
48.22262
481.84061
417.88873
294.61009
588.74119
295.13612
281.8705
435.08382
481.87293
483.73017
443.81916
500.92725
126.26476
513.6223
516.91121
618.18368
429.62975
164.13984
169.44557
245.70548
530.80477
487.07726
608.14532
324.93607
427.58175
335.28375
266.98024
472.33638
258.94805
412.22028
345.60836
399.07725
299.84283
476.04573
382.71823
666.68333
652.36226
385.85811
31.065883
509.67156
774.09699
714.85261
272.20245
259.83504
242.13163
262.28546
337.26102
279.81498
253.96608
413.42395
272.74195
290.39208
334.18496
188.14122
287.78644
475.92003
616.72363
411.66326
180.88679
302.53216
306.99012
445.79249
428.79232
146.70529
402.35783
284.862
204.21237
560.60593
36.840455
94.96126
520.21565
360.35712
201.80839
567.7979
436.33308
210.23615
239.60948
131.54186
449.36413
249.89294
477.26833
460.61249
675.75086
496.41465
575.7699
573.02996
367.28294
502.72687
488.39104
325.28304
282.27749
411.17715
327.84585
278.14192
439.40352
169.86474
206.98362
358.35041
465.29463
460.39691
236.32226
429.14914
322.63724
365.87055
391.90724
