404.04429
1090.5647
1482.4137
1666.5267
1717.16
1879.5808
1544.7073
1304.162
1205.239
1369.1495
1470.8791
1126.1674
1420.2212
1173.2201
1195.5202
1174.8012
1087.2854
1256.7513
1256.4553
1401.0645
1067.7074
1128.5112
1366.5981
1371.6753
1417.6921
1235.7433
1430.1139
1389.151
1324.5201
1754.0907
1356.8428
1331.2364
1373.1427
1330.7859
1164.7173
1411.6345
1222.5816
1282.3331
1427.769
1340.2461
1170.7831
1268.6337
1239.8637
1611.3106
1513.7943
1282.4104
1331.1489
1291.164
1273.1655
1534.3451
1318.1551
1283.8271
1374.0996
1338.5793
1429.3016
1426.1547
1466.3924
1329.327
1134.3149
1282.9206
1342.4451
1421.7703
1179.9299
1031.0185
1423.1821
1288.5471
1247.5113
1354.4633
1497.2011
1369.7246
1352.1948
1385.7352
1312.1862
1031.5825
1477.5124
1322.6298
1099.1364
1180.7264
1266.4399
1378.3616
984.43789
1255.4043
1193.9171
1384.847
1379.5617
1004.7437
1215.1037
1458.299
1458.9858
1705.4248
1056.9538
1344.0933
1626.4627
1425.6753
1162.8499
1574.6304
1352.3688
1378.6835
1200.6777
1459.9958
1229.4124
1332.1774
1382.009
1397.7962
1181.681
1252.4043
1629.9925
1409.2872
1532.6865
1205.1579
1112.3463
972.47419
1286.9515
1201.7977
948.97102
1247.0224
1408.0157
1337.7829
1198.2442
1371.6455
1361.3292
1312.3491
1460.9432
1038.0348
1333.0259
1367.5929
1572.7899
1413.8184
1253.5243
1343.368
1303.4025
1244.8506
1120.2249
1286.124
1162.7514
1540.3466
1508.3489
1019.8428
1311.5522
1311.7165
1052.1922
1322.5348
1111.5035
1547.6954
1568.4786
1601.7287
1559.653
1479.493
1282.8007
1123.2239
1185.1891
1025.6038
1367.3787
1385.1227
1436.3597
1319.5766
1315.9699
1249.9674
1290.069
1357.5218
1310.3774
1116.6724
847.6077
1312.8338
1392.6126
1477.0996
1457.1099
1421.1203
1656.9125
1525.7548
1426.2661
1169.6602
1338.8723
965.64157
1169.8215
1281.0165
1185.5279
1448.0794
1279.559
1105.1054
1582.1776
1372.1333
1389.9727
1256.2947
1242.8922
1466.8037
1353.4251
1423.5015
899.3362
1429.0297
1516.1802
1146.2391
986.86287
1261.9486
1293.7992
1430.9896
1605.2777
1455.1389
1213.8545
1154.7681
1260.2395
950.67181
1291.1171
1471.8362
1468.1691
1359.8206
1342.2561
1152.099
1349.5459
1473.2761
1513.4148
1329.7426
1266.1519
1376.4192
1269.4882
1091.0437
1389.7574
1344.1379
1293.608
1392.7332
1156.295
1618.0649
1157.4948
1217.723
1269.4134
1216.4943
1620.0846
1563.9546
1281.7792
1111.903
1293.991
1226.9325
1125.9065
1115.508
1436.6679
1386.9628
1535.8418
1364.4789
1221.0235
1309.2829
1241.1839
1425.4597
1220.2637
1188.3807
1423.8335
1233.078
1158.7436
1169.2573
1142.3361
1222.8823
1483.0808
1300.7302
1315.7524
1077.5365
1110.3978
1247.4526
1008.6351
1475.6824
1155.4412
1355.0788
1228.4879
1168.541
1142.8466
1194.4338
1119.4525
1215.8511
1252.8471
1275.2712
1442.0457
1516.9961
1120.0927
1174.4378
1520.7073
1381.0368
1272.8973
1451.7951
1441.7931
1203.3262
1409.1628
1412.4195
1310.6036
1259.4957
1269.7853
1316.6329
1463.7816
1282.8351
1206.7838
1393.9102
1412.1382
1641.3304
1254.5906
1411.0946
1230.5686
1299.0754
1058.9802
1198.5016
1393.821
1449.9556
1114.1213
1355.0931
1386.3287
1274.7061
1458.7828
1021.2592
1343.9644
1306.167
1110.7973
1299.4624
1366.4747
1333.4194
1513.3641
1307.3173
1255.5241
1216.4447
1210.3698
1456.3283
1138.1748
1168.6763
1178.1878
1073.1366
1137.0286
1256.2423
1041.4597
1248.0082
1249.1442
1493.8844
1428.6625
1378.239
1316.6963
1432.0923
1162.8333
1103.9272
1394.7019
1342.3706
1511.8479
1593.5803
1512.7385
1408.7442
1269.1957
1277.5804
1270.597
1033.875
1217.3919
982.56944
1058.2572
1232.6742
1469.8265
1355.65
1422.8444
1323.3596
1560.6105
1651.5609
1748.9429
1698.7899
1384.2754
1191.5681
1185.2913
1367.8957
1641.6758
1457.124
1448.6859
1548.9199
1456.2613
1083.4093
1514.3384
1356.4448
1548.6764
1468.5166
1414.2359
1463.6688
1394.0369
1378.8654
1432.5322
1536.1817
1460.5787
1549.1135
1383.5757
1401.5007
1476.9396
1305.0812
1315.5578
1637.7204
1338.08
1380.059
1056.7372
1023.3461
1044.8061
1430.6429
1414.7704
1052.8615
1284.3249
1436.4734
1184.6369
1368.9486
1059.6185
1227.953
1444.3686
1400.3968
1430.9557
1365.9646
1104.0574
928.02113
1169.1623
1134.3611
1094.8544
1339.4521
1272.0067
1198.9656
1110.0749
1189.9224
1438.0922
1284.3359
1367.7081
1072.9518
1291.2045
1037.0985
917.66696
1061.8778
1293.5045
1230.0388
1370.3678
1298.2407
1347.7863
1173.709
1233.3172
1231.6765
1650.2793
1608.3997
1102.9427
1260.087
1263.3022
1361.6006
1118.8208
981.35372
1302.5974
1184.9674
1387.7049
1010.007
1037.8291
1017.3717
1306.3162
1447.6769
1264.5201
1294.6983
1118.7546
1401.9426
1248.4459
1399.174
1115.3044
1334.9735
1300.8353
1422.8761
1201.0078
1021.59
1437.3604
1111.8996
1571.2958
1347.9937
1253.3718
1327.2836
1318.1596
1375.6406
1423.4865
1405.7253
1135.4649
1104.3006
1150.8699
1623.4233
1191.9659
1136.1436
1098.123
1260.8117
1243.1857
1192.0656
1304.8769
1442.4605
1581.7523
1234.303
1526.1305
1602.1558
1551.4179
1198.9292
1206.7031
1162.7363
1282.8049
1172.5659
1180.7302
1012.1623
1132.037
1034.3768
1331.1708
1269.8342
1262.1401
1322.6513
1402.2443
1529.4371
1033.0949
1390.0543
1502.8151
1338.8305
1291.8064
989.44901
1221.9558
1140.2607
1159.6814
1186.9315
1158.6569
1258.0479
1339.8273
1370.4031
1400.7148
1295.1931
1144.1554
1231.9044
1148.525
1319.5185
1558.1891
1302.9451
1289.5379
1181.7062
1312.2275
1222.82
1268.5772
1039.639
1220.2505
1336.8348
1700.6446
1509.3509
1327.7097
1333.8148
1595.3473
1341.8154
1026.8558
1294.3562
1307.7513
1385.5273
1331.8189
1061.0849
1394.0087
1660.9459
1406.3677
1541.3804
1271.5355
1158.4507
1447.9627
1392.7564
1321.2696
1364.8888
1491.9762
1600.6524
1297.0315
1207.2057
1275.8523
1200.0214
1338.2081
1169.5783
1423.0092
1418.9508
1398.3102
1647.3334
1689.7872
1427.7838
1398.9595
1432.7764
1277.9376
1682.2131
1257.4855
1313.9364
1007.2045
1053.8631
1369.6262
1365.9983
1442.6212
1366.276
1375.7633
1105.9279
1253.3558
1297.4727
1338.7034
1365.307
1026.7447
1287.3398
1122.2102
1022.2151
1397.3102
1340.4076
1328.0364
1382.9323
1381.5455
1054.6104
1536.7839
1438.5153
1413.5408
1392.3124
1300.9948
1126.4499
1110.6818
1153.3448
1384.5152
1287.4987
1109.4322
1123.3458
1312.8138
1177.7746
1128.1727
1300.9293
1508.2486
1263.3747
1254.249
1132.8774
1291.1115
1414.8642
1189.8228
1673.8342
1555.0155
1468.5359
1278.9478
1350.2666
1158.8626
1255.8703
1102.6706
1286.0428
1303.8054
1221.6305
1254.4511
1416.545
1082.3065
1427.2235
1096.4132
1323.7215
1239.6082
1453.7454
1529.2147
1229.082
1135.5305
1191.1537
1236.9966
1112.7656
1199.1939
1132.2037
1166.5407
1124.9759
1198.447
1133.4964
1212.7167
1404.9303
1294.1803
1247.6683
1401.4238
1207.17
968.03009
1104.8372
1141.8648
1233.9068
1386.5043
1510.4271
1322.5073
1335.6022
1309.2543
1272.2349
1393.2709
1194.7174
1390.1017
1504.6575
1267.911
1464.7892
1388.5612
1404.2626
1304.8727
1636.1983
1214.5203
1194.6925
1405.1417
1366.0086
1328.6246
1244.2255
1342.5928
1443.6106
1441.3958
1384.307
1462.7821
1110.2264
1136.7008
1074.1475
1181.4196
1278.9306
1391.5349
1290.3469
1164.2991
1276.923
1238.421
1496.2576
1455.8861
1474.631
925.96491
1157.1639
1159.009
1523.6012
1172.6881
1457.2698
1369.0717
1079.8651
1191.955
1312.7242
1353.2991
1219.4006
1188.7934
1336.9762
1574.3654
1174.8222
1326.9981
1351.8251
1213.8844
1329.1004
1406.1646
1346.9557
1264.7238
1170.4971
843.71078
1202.2332
1231.7678
1294.3048
1302.189
1111.2576
1583.5486
1385.7456
1234.4479
1135.7462
1287.7624
1027.364
1070.5652
1312.4426
1481.2535
1507.0139
1417.972
1055.8708
1146.7694
1515.4502
1403.3351
1546.1394
1513.8838
1485.6369
1385.7605
1133.7372
1113.0066
1495.9954
1288.8719
1092.6094
1204.2678
1145.212
1328.5003
1215.0979
1206.1194
1447.4081
1286.71
1349.1824
1386.3738
1149.3374
1357.4634
1165.865
1221.1013
1198.5208
1481.5857
1345.2302
1396.55
1187.5649
1327.6834
1465.6725
1563.0256
1525.5926
1534.9271
1440.7334
1362.4271
1349.1208
1372.6612
1349.4974
1369.1418
1256.512
1286.8897
1432.1815
1704.9008
1692.5184
1475.7914
1687.2794
1538.2652
1292.3594
1389.5909
1209.6074
1463.8663
1230.5943
1486.1526
1576.0799
1505.8862
1454.1805
1186.6989
1241.2339
1209.5111
1391.8448
1403.0594
1409.625
951.56139
1416.0404
1298.0733
1533.9612
1631.3202
1383.2336
1372.0863
1413.2763
1515.8036
1312.8902
1310.8176
1555.2362
1523.9534
1308.414
1373.3303
1644.4737
1549.2985
1252.4441
1363.2994
1399.1081
1460.5854
1332.8152
1365.7453
1118.8918
1586.264
1512.0874
1563.287
1219.6228
1268.7729
1346.9671
1337.1236
1194.1739
1209.8844
1416.9087
1577.4717
1607.6763
1448.2847
1493.624
1299.5056
1500.2532
1158.3725
1126.5764
958.17462
1372.7216
1268.3671
1505.2673
1342.4979
1467.7408
1383.8412
1603.5231
1568.5773
1539.8423
1157.9965
1218.1035
1363.7948
1408.0665
863.80113
952.33004
993.69283
1519.3557
1241.9787
1060.1743
1206.3688
1354.5462
915.58226
874.26165
1161.1005
1275.5107
1276.7885
1347.3712
1536.1667
1560.4843
1362.8425
1292.0122
1569.6105
1564.3363
1592.9444
1678.0483
1249.4767
1318.5739
1185.0439
1574.8155
1533.6927
1440.8318
1308.6591
1392.2873
1234.3266
1440.7772
1615.084
1442.5409
1289.0372
1475.9372
1415.3992
1612.1935
1484.1542
1638.3422
1239.7526
1017.7322
1382.6873
1315.5803
1462.2442
1302.5975
1271.2868
1203.9474
1387.4565
1448.2923
1816.7181
1421.3414
1706.7552
1552.9781
1283.8241
1341.7007
1303.3594
1643.2717
1359.5861
1331.5193
1317.2658
1398.4724
1379.3848
1423.0486
865.57437
1442.8661
1634.1349
1469.4156
1415.7157
1302.648
1296.1224
1196.6629
1187.328
1191.2668
1166.8157
1334.2136
1479.7404
1313.2495
1453.8377
1417.2454
1230.3433
1218.3199
1212.0587
1346.4012
1816.4898
1606.8684
1369.9982
1251.7356
1240.1548
1303.3573
1408.1605
1447.7238
1507.5535
1210.2754
1430.4942
1284.9257
958.78101
1253.2786
1501.9523
1765.4422
1434.922
1400.7835
1433.1988
1495.6042
1498.1928
1591.4817
1377.2467
1405.8135
1420.9839
1378.3454
1436.3535
965.08271
1548.635
1386.8821
1611.5428
1292.8512
1478.8058
1203.9423
1329.9262
1505.4672
1515.5826
1603.7201
1405.2425
1397.6495
1393.9245
1323.8995
1488.1238
1583.1914
1431.1838
1290.9264
1272.9321
1627.3744
1403.6997
1388.9737
1319.6885
1276.6388
1416.5377
1355.589
1260.9325
1425.4362
1581.9449
1546.2863
1612.6429
1465.6275
1185.4712
1340.5173
1277.3441
1373.0693
1280.5184
1298.2494
1452.2178
1330.1241
1418.5585
1306.0519
1477.8341
1285.9493
1221.3831
1402.9368
1630.4965
1337.8238
1123.4181
1184.833
1283.5069
1482.2933
1388.8321
1119.1322
1364.5027
1244.9617
1332.3446
1114.721
1123.3575
1057.3422
1472.6942
1378.2643
1557.1819
1321.7408
1337.6838
1318.8969
1075.6465
1496.1408
1208.0994
1026.47
1157.1924
1150.6188
1342.7128
1207.3357
1428.1686
967.35349
1184.943
1129.1274
1450.9782
1284.9046
1074.1291
1253.9665
1547.9842
1257.2543
1056.1147
1336.7077
1233.9592
1361.8362
1709.7443
1512.5433
1286.4801
1341.2949
1336.13
1503.9438
1568.142
1705.1179
1418.2289
1576.8275
1467.4105
1312.9927
1185.5998
1420.6228
1440.2498
1532.2484
1209.4606
1316.1665
1294.3078
1236.8218
1118.7177
1251.3465
1115.3498
1290.7726
1323.8038
1611.2845
1621.4965
1291.4862
1689.5573
1024.0094
1024.5356
1313.4699
1506.4205
1159.3923
1170.7977
1256.4207
1359.936
1195.7693
1428.0243
1090.9266
1005.27
1201.5406
1372.9218
1495.515
1433.1377
1241.8326
1368.1852
1153.4057
1495.6088
1447.3401
1296.7125
1229.8774
1316.115
1464.033
1702.5381
1445.0597
1417.5957
1815.0833
1451.6512
1269.8775
1310.4509
1377.9342
1401.7342
1312.6744
1139.3522
1253.9352
1273.4466
1354.4407
1365.9601
1544.2999
1433.0146
1187.0397
1329.4789
1082.1013
1088.2531
1216.1802
1192.6837
1213.8135
1178.1192
716.38177
1181.2365
815.70607
1317.3077
1171.0323
1171.0791
1288.0177
1275.3866
1223.3031
1634.1884
1458.5601
1540.7172
1556.0941
1169.0642
998.53926
1195.1903
1369.8437
1459.6246
1558.5758
1447.556
1532.5969
1345.8603
1306.8598
1274.9847
1334.6726
1282.5507
1551.6477
1310.9167
1362.0701
1316.7912
1400.5052
1461.8351
1317.2606
1302.0905
1042.9184
1263.4387
1291.9873
1311.8776
1107.3439
1278.7843
1255.5131
1236.3598
1249.5392
1248.0122
1121.8097
1069.7234
1295.0266
1120.2407
1317.2998
1366.611
1215.7161
1154.4488
1057.6927
1190.0818
1281.3683
1341.0998
1412.4753
1312.9958
1472.6401
1301.8435
1315.2379
1500.783
1391.6349
1284.1292
1598.4157
1362.8588
1268.4259
1448.2162
1215.672
1151.8622
1441.3712
1103.4324
1113.4708
1286.78
1227.1925
1179.5467
1125.3608
1161.8807
1150.8767
918.90865
1138.1981
1161.988
956.56742
1070.4301
1111.8746
1071.1806
981.61998
1164.8935
1248.8273
1192.4134
1135.8151
977.41063
1135.2234
965.59998
1090.7404
1168.8089
837.17679
925.06645
1060.817
979.4663
1101.1656
1067.4276
978.34641
927.36468
996.55948
1041.9201
967.66957
1234.398
1124.9013
1436.0484
970.04509
1116.647
968.26245
836.00332
920.1542
961.66853
991.65203
1171.1221
1227.8899
1148.3859
1098.179
1188.5372
1395.9487
1284.1848
1291.6338
1201.3316
1112.8481
1111.5881
1068.8414
1124.1769
879.76848
1098.1436
956.64174
1171.7934
1075.0183
757.86928
847.42155
1036.7464
978.48558
1000.2935
1063.3132
800.67879
1098.944
990.12858
1038.0371
1038.5501
728.77879
1041.2027
846.71322
1043.9795
1183.1055
879.09454
1125.933
967.12499
1209.8172
903.62376
974.02234
782.01329
1362.6483
1335.0954
1310.9404
1091.5769
1110.1981
1258.2114
1374.614
1308.3283
1303.2386
1392.9812
1376.5947
1357.9373
1371.4158
1360.0982
1468.6673
1420.3796
1255.4515
1221.5359
1274.3876
1281.85
1307.8996
1536.6032
1241.4066
1293.4114
1423.0937
1066.1976
1059.008
1202.9585
1335.0184
1521.596
1499.4815
1429.783
1345.6514
1280.7362
1350.9889
1398.8747
1252.5691
1166.5241
1376.0825
1378.9296
1313.976
1295.6877
1136.5198
1394.3864
1222.0325
1338.132
1255.8116
1568.7614
1201.1513
1305.1432
1299.947
1239.5906
1097.1438
1262.5836
1202.0172
1518.1913
1072.2444
1569.6489
1311.1317
1427.163
1434.7586
1261.9149
1417.9012
1280.1263
1573.236
1470.4836
1227.7607
1200.035
1461.4138
1338.3158
1419.5334
1229.658
1159.8843
1682.8461
1366.9095
1532.3617
1391.2221
1547.5114
1435.5648
1130.3628
1345.2918
1151.1491
1136.1585
1098.516
1391.5401
1688.9435
1150.3287
1324.9512
1303.6832
1111.7536
1172.279
1317.8534
1490.8117
1354.7541
1329.4543
1358.6502
1449.9402
1252.7516
1116.9063
930.77598
1300.6562
1216.5159
1312.3644
1424.0565
1668.6403
1267.9161
1230.7249
1181.3146
1232.4451
1281.9228
1669.7609
1313.0019
1419.6859
1402.575
1508.0434
1245.814
1374.8637
1435.8146
1448.1864
1487.0209
1348.9033
1127.0866
997.58801
1351.7658
1287.875
1170.7979
1216.4578
1529.2664
1477.4199
1245.8025
1153.9287
1062.8211
1210.7509
1141.6793
1397.3255
1576.1782
1254.9242
1102.6732
1267.425
1045.522
1258.6062
1375.3458
1469.1038
1248.9472
1257.2489
1083.2936
1232.8603
1143.226
1158.8107
1216.7652
1095.7746
1046.0609
1227.421
1147.644
1365.9078
1531.431
1383.3523
1420.687
990.87642
1149.1668
1149.2651
1031.2031
1377.0229
1296.097
1077.1068
1177.7532
1122.6272
1021.3854
1098.4107
1302.9517
1307.5287
1230.9064
1180.6914
1302.5873
947.08807
1180.2601
1317.7609
1285.1325
1157.2192
1183.2373
1284.0296
1036.5243
1115.6027
1002.5842
1164.9218
1098.8421
1340.8584
1043.0438
1134.2571
1094.3286
1343.9856
1451.3563
1350.4426
1116.6205
1148.0321
1177.6482
1115.162
1422.5602
1397.353
1336.3721
1352.99
1357.498
1298.8775
1103.7649
1134.4418
1262.95
1127.2357
1219.9064
1165.1984
929.851
878.15292
1335.7357
1274.9037
1286.0182
1246.9692
1183.9215
1251.5241
1017.9269
1288.7702
1193.6365
1094.6633
1288.604
1429.8365
1177.5894
1445.3761
1110.3133
1391.8278
1351.5153
1402.3428
1470.0005
1383.8374
1270.1549
915.21002
774.16221
1230.4542
1437.9396
1301.6351
1444.1901
1242.3838
1364.2205
1288.5304
1157.5649
1232.1436
1283.8787
1306.9789
1320.327
1349.8796
1347.369
1681.7243
1606.5546
1367.5248
1174.4577
1496.3978
1373.0443
1415.0026
1277.8671
1538.7924
1450.0518
1390.9316
1535.2962
1261.9577
1223.0797
1317.8401
1218.5418
1313.834
1338.4604
1005.8107
1184.4825
1070.5441
1144.916
1215.6103
1128.1771
1517.543
1516.8196
1444.5188
1318.716
1358.0719
1070.9693
1336.4101
962.20311
1215.1054
1217.308
1133.4647
1220.074
1280.9852
1266.8505
1255.0487
1426.5856
1179.5644
1311.4808
1078.6088
925.41853
1187.8932
1187.2311
1483.152
1267.4034
1195.6532
1522.0195
1162.8392
1190.7015
1293.6526
1439.972
1331.2789
1362.1033
1288.4265
1279.6977
1355.2591
1369.7592
1169.1062
1190.7058
1406.6023
1077.0796
842.86346
1224.2148
1267.7368
1191.5592
1223.2777
1153.4331
970.2095
1178.8153
1142.7748
1192.3889
983.96377
1195.3593
927.63235
904.57294
928.77299
1047.594
1251.8277
1212.003
1256.4738
854.15349
942.11687
1078.1816
1062.1522
966.90663
1446.2392
1207.5685
1148.151
752.12476
1010.9176
1204.0924
1178.5669
1295.0502
1345.4213
1087.2749
1034.1898
1313.6062
1046.1796
1136.0931
1464.3065
1074.2258
1184.9536
978.28115
1219.1254
1101.1501
1093.7399
1289.939
1393.4557
1012.4048
939.77845
1076.1258
1275.7534
1143.6997
1246.8487
1140.3094
1059.5775
1057.4996
1298.3434
1059.5079
1078.6251
1111.6952
995.72879
1268.9529
1199.6829
1138.9081
1239.7609
1063.6985
889.03522
1063.2573
1156.111
1298.7524
1289.7063
841.88618
1025.8887
1084.5658
863.42901
915.39346
1245.6843
1220.7258
1500.9786
1232.0743
1410.5686
1050.696
1203.4877
1289.8418
1372.1956
1377.8193
1197.2047
1182.9862
1293.9563
1104.8419
1205.825
1303.6748
1209.8601
1218.1814
1232.922
1237.9426
1387.3517
1176.5756
1197.4544
1275.5796
971.21051
1348.7716
1084.9634
1194.3705
1382.2492
1032.8002
1332.4193
1159.9335
870.56338
819.96355
861.96658
1237.4179
1323.1493
1090.1143
1337.1754
1124.2287
1000.4748
1018.1769
1268.2183
1072.5156
1355.711
1520.6755
1418.4687
1425.8869
1528.6746
1565.6049
1218.4051
1110.8595
1146.2492
1176.1771
1394.6962
1324.1936
1468.0152
1388.3595
1348.6871
1138.6856
969.21749
1118.9049
1194.0996
1269.3203
1331.7944
1402.8277
1088.7168
921.8805
871.03821
897.14475
846.42288
1049.9043
1207.3697
1176.9488
1344.5522
1315.6737
1259.7004
890.54405
1189.1906
1379.5945
1608.2331
1063.6782
1125.2309
1194.069
1156.3718
1215.4982
1321.0321
977.1478
982.25445
1156.8277
1157.7063
1168.0189
1130.1225
1249.7723
1049.7392
1214.9036
953.75842
1121.6009
964.21444
998.55932
1167.5508
1314.7949
954.15558
1168.4473
1095.9051
1149.8024
958.80269
1166.4336
920.60269
1115.5776
1197.5197
1087.1331
1232.1478
1245.1675
1323.4431
1275.3727
1318.7155
1300.8137
1393.7907
1635.8907
1485.7286
1250.9119
1243.4862
1317.4556
1173.2847
1170.9097
853.15866
1103.271
1081.9151
1117.8084
1212.7138
1172.3072
1115.6666
1240.0655
1252.6612
1089.6383
1151.7016
1250.3527
1378.5396
1092.2203
1263.128
1210.2761
1254.0119
1197.9309
1493.4977
1427.802
1447.5163
1542.6302
1269.0566
1338.15
1398.9106
1480.1584
1134.1746
1036.6014
1207.1825
1132.2477
1319.5295
1046.3676
1372.1649
1093.5054
1612.3901
1380.322
1335.737
1252.6367
1224.2496
1338.2991
1479.2561
1351.6218
1362.7695
1520.2853
1370.326
1363.779
1313.0577
1263.5906
1397.3293
1379.4704
1310.2392
1468.3232
1443.6558
1442.3092
1451.5656
1190.1194
1180.6093
1309.3958
1276.5575
1308.2741
1065.2873
1198.39
1300.6048
1349.2017
1325.486
1142.3427
1300.5931
1341.8767
1170.926
1264.0983
1319.7713
1237.78
1272.4989
1428.1993
1184.5067
1134.0416
1321.8598
1028.7539
1042.2561
1165.4104
1471.52
1292.4648
1269.1759
1246.8062
1254.0058
1436.1411
1242.8052
1191.5246
1265.9325
1164.9254
1399.905
1376.6002
1273.4059
1448.231
1124.8199
1291.9601
1393.3319
1340.36
1549.0324
1511.8607
1191.0186
1269.0003
1356.6833
1164.1679
1290.9638
1350.2722
1260.9184
1397.7293
1082.3065
1467.5575
1333.0289
1184.7288
1266.944
1148.1678
1246.1976
1296.4243
1300.2288
1013.1929
1403.4531
936.91361
1431.9961
1159.7404
1165.2619
1047.2816
997.06267
1248.0137
1252.8444
1166.5431
1394.4996
1182.6878
1190.9484
1088.829
1084.997
1275.7771
1209.4666
1354.3481
1067.2861
1256.2739
1172.6677
1085.1827
1208.8727
1107.9218
1139.3452
1116.9317
1332.0066
1141.2927
1010.3572
1281.9062
1277.8506
1215.0768
964.07534
1208.0558
1342.2079
1177.5926
1054.9738
1192.6723
863.44077
856.66079
1206.2408
1179.7552
1334.5581
967.18698
1073.6139
827.75461
1273.2701
1325.9902
1179.222
1395.8858
1296.2314
1062.8065
1457.9954
1351.2026
1050.2792
1233.8382
1346.6918
1315.433
580.3082
982.04073
1181.8672
1196.1691
1116.1914
1159.4769
1380.8516
1262.8013
1225.4318
1302.1048
1581.3188
1413.1877
1402.3573
1218.115
1143.9372
1294.737
1243.475
1273.8963
1334.7406
1233.7268
1289.6205
1325.8131
1542.7486
1314.7726
1236.0246
1440.4227
853.25678
805.73058
870.79867
1045.0249
939.75926
658.70136
771.07106
1017.7985
1084.7823
1085.5158
1127.9447
1181.5684
1155.1572
1169.1066
1382.9483
1088.2042
1277.5131
1153.6079
1114.6146
1388.4864
1192.9105
624.17094
1168.9374
1234.0789
1458.6871
1452.1482
1183.58
1218.5147
1171.3924
1132.2541
1438.9568
1150.8039
1284.607
1072.3904
1169.3301
1337.7935
1129.603
1431.9332
1190.0182
1104.2439
1419.1298
1305.7276
1393.9828
1230.7087
1173.8171
1148.8044
1256.0547
1331.8171
1269.1387
1289.8367
1409.6491
1377.5842
1124.8116
1051.1482
1152.5579
1436.1289
1283.1427
1218.8403
1021.658
1277.7269
1347.825
1460.6507
1058.0774
1296.5127
1212.0928
1334.7117
1260.2714
1050.8059
1305.4311
1215.3848
1284.0151
1214.2938
1319.8788
1219.5833
1265.166
1287.8942
1180.2265
1239.3715
1107.2476
1236.39
1388.8442
1216.0621
1365.2383
1416.4724
1016.6307
1220.8708
1090.7655
1078.3733
1067.6413
1035.0677
1270.7801
1547.7975
1367.8099
1344.4487
1125.1431
974.66552
1064.186
975.82933
1342.7355
1289.6604
1455.8097
1331.6857
1360.0282
1190.6486
1356.7361
1157.0616
1245.906
1233.8085
1611.2751
1197.3727
1251.432
1137.2282
1169.5893
1374.6654
1244.2389
1310.7111
1325.1542
1275.4764
1509.0114
1038.0744
1277.624
1191.7195
1363.1262
1109.413
1179.2954
1139.0328
1301.8502
1125.1822
1181.2826
1115.5249
925.22397
1077.6958
1102.9757
1315.7847
1210.3157
1066.6845
1192.2991
993.46729
1524.6863
1054.9315
1128.3926
1022.9874
999.03682
1198.091
1383.5337
1312.6426
1352.9911
1138.0701
1207.6953
955.76687
1091.615
1173.9579
1339.7085
1071.1134
1121.2619
1414.7425
1124.1645
1229.8871
1312.7826
1179.7206
1401.3642
1212.1677
1174.7062
1182.1163
1401.045
1254.9094
1035.626
1137.0889
1159.0528
1078.9115
1583.0104
1449.3189
1258.8219
1359.5879
1355.5228
1232.9393
1170.6049
1410.774
1275.2218
1271.0328
1281.2844
1167.3952
1257.3328
1404.5468
1375.3924
1044.459
1242.2177
1112.6864
1277.5367
1211.8836
857.23822
1180.3876
1059.7795
1262.2827
1345.4474
922.59983
1259.7143
1147.4673
1446.2489
1383.9531
1603.2208
1391.1623
1348.3247
1251.1965
1248.1139
1436.6011
1331.6757
915.25367
1199.3281
1410.5609
784.1287
975.2233
1184.9972
1204.3394
1276.7599
1355.955
1364.8172
1264.3785
1401.8757
1064.104
1107.3228
1076.5231
1156.865
1102.3309
1249.7619
1082.2785
1060.0396
1189.6726
1293.088
1271.227
1294.6303
1377.0506
1300.4327
1228.761
1436.8759
1130.0873
1022.4393
1440.0266
1338.2809
1192.3439
1380.0268
1160.3105
1148.0332
847.26924
989.16799
1265.6105
1188.8545
1242.1495
1363.0887
899.93666
1107.4765
1304.0163
1335.3488
1254.5452
901.56175
1133.0616
1414.3903
1012.0145
1071.8114
1061.9934
1130.3647
1013.6179
1230.2682
1305.1835
1274.5434
1221.9484
1221.4946
1238.212
1279.6076
1258.1231
1391.8563
1290.4435
1334.8258
1271.3838
1179.2706
1321.769
1268.4297
1360.3871
1384.124
1059.0047
1059.1505
1245.4512
1553.6691
1362.638
1090.8357
1160.0929
1227.9144
1231.2347
1474.5198
1104.5794
950.30442
1009.864
1098.0222
1145.0658
1239.8089
1138.434
1321.3153
1269.0661
1267.1838
982.20559
1103.7855
1078.6432
1206.6969
1265.8463
1098.241
1142.6524
1100.8129
1324.0058
1356.7634
1291.7498
1164.0738
875.99475
1434.926
1165.3846
1073.4057
1337.3338
1164.843
1353.22
1114.5209
1137.5473
1179.1004
1209.5546
1271.3166
1494.4448
1177.624
1380.044
1104.0923
1336.1641
1020.4399
1106.4607
1255.6202
1051.0658
1195.4055
1213.911
1251.9709
964.84255
1123.3763
1153.4015
972.15864
1029.186
983.68135
929.98393
1448.8883
1298.8051
1160.5303
1253.9639
836.68673
1156.894
1157.187
1111.6544
1142.8984
957.84838
1196.5837
1245.9444
1592.3056
1263.9183
1139.1345
1504.6455
1141.0424
1432.787
1416.1391
1275.465
1376.5614
1541.0198
1358.5581
1466.6968
1438.3477
1268.0772
1172.0325
1031.2489
1619.0205
1138.0664
1214.4814
1412.4753
1100.1964
1130.0687
1259.8023
1051.1163
1061.9167
1407.8945
1183.8854
1315.5884
1110.1531
978.52263
1327.9021
1454.6013
1229.4381
1284.7747
1216.2729
1214.6306
1061.3448
1283.3712
1301.7844
1226.5346
1093.8725
1181.9114
1317.6504
1279.1009
1066.8617
1277.4661
1116.8712
1231.3799
1108.6496
1218.665
1157.4643
1005.4888
1279.8536
1292.8305
1188.2115
805.55144
899.26267
1115.1767
1011.2846
1195.8718
1433.9979
1094.8967
895.39128
1229.8606
1053.677
954.30566
1104.1671
1082.5255
799.76088
972.20663
938.40257
1271.6234
1218.0269
1150.4866
1040.905
1196.3212
1069.7713
869.55122
997.38111
1075.2896
1103.5523
1005.5769
1229.3356
1258.4032
1239.1206
1222.3816
802.77894
903.92352
909.21382
842.18642
919.84813
1012.1398
815.89991
973.84258
814.28406
828.01186
861.44494
908.76702
845.96005
820.93226
964.1315
605.03042
821.31092
962.00837
935.63728
1312.0968
983.44154
909.3543
843.71724
1079.0807
1025.4259
1015.1723
1108.0451
1293.6721
1163.256
1157.7998
931.48123
1260.929
1146.8983
1143.8753
1312.3746
904.22783
1033.4089
915.52819
811.96303
722.3907
741.99332
1213.6755
1261.3046
1273.1137
1222.2312
1191.6534
1052.3668
1174.9484
1234.3058
1221.4549
1162.7615
690.06198
1308.1329
1154.7425
1338.408
1013.1443
1164.2716
1083.6979
1073.5539
1123.9126
710.72277
767.87302
1014.1028
1202.6979
1165.6701
1058.1981
999.36864
824.27032
1309.987
1004.7835
952.27912
968.98065
1139.795
977.59873
985.45545
1043.9226
1187.7334
1105.8515
1237.2741
1176.9184
1102.1459
975.97211
1432.7713
715.01315
637.01203
871.72854
1130.1845
1032.4514
1070.2436
1021.7679
1113.8877
1091.8183
920.0043
983.58289
973.01097
1177.0681
1291.643
1090.0998
1135.8839
1041.0505
1019.2882
1335.5893
1246.2301
1062.0199
1205.8583
838.86468
861.32401
1169.3801
1021.5591
1053.7371
1004.3437
925.3848
1065.9979
1150.35
607.1197
1125.0471
1085.6836
964.61363
1003.7401
830.86521
1017.17
1188.6111
1031.6415
1176.3371
1345.8469
1195.1741
1098.457
1042.2503
1213.2302
1182.8509
1111.9311
1078.0586
1085.7558
1070.2298
1152.2361
1022.2998
1340.9613
1013.9548
1101.024
1117.2988
1113.9786
1178.0697
1260.4027
1213.5893
1440.6512
1316.187
1193.466
1189.8085
1205.9797
1179.1079
1284.473
1279.8554
1284.9712
1564.3153
1123.2165
1519.5311
1331.4426
1461.8731
1306.5134
1316.1636
1191.6489
1272.2559
1077.4341
1214.0018
1006.3318
1053.6621
1113.1528
981.84475
1186.5925
1067.3613
1209.1018
1044.1976
1269.333
1220.6214
1114.441
1299.2614
1443.7396
1375.686
1096.6376
1065.0884
1004.7577
1116.6244
1127.008
1259.4234
1126.8703
945.28174
1101.223
1148.0294
1229.9043
1414.816
1506.3771
1114.2226
863.51294
745.96357
918.83382
1273.2411
1032.2159
1065.4989
1052.4427
1126.642
966.10408
1061.9085
1410.6982
964.04848
790.44885
872.20286
838.0581
1068.9019
975.92822
945.89231
1076.4105
1282.8352
1156.0195
979.74048
1326.2336
1133.0553
710.546
626.85338
984.51878
954.31253
904.80166
940.01752
724.23625
1001.0219
1362.2751
832.56855
1080.7744
806.16349
977.22991
984.96149
1011.0197
803.23972
1124.2033
1306.6727
1131.3644
973.5673
1104.2431
1475.896
1119.2021
1417.0872
1326.518
1156.2965
1141.7622
1034.3639
1008.5142
1281.3127
922.03637
1655.2072
1419.3029
1399.3781
1075.1562
868.56721
1132.7609
1298.7826
1192.0363
1179.9746
942.87013
1269.7978
1382.1489
1047.1737
1409.492
1472.1678
1327.8764
1298.9586
1451.9207
1472.5421
1564.372
1626.2289
1252.5457
1111.2889
1199.3166
1373.1602
1228.1038
1465.3923
1323.2627
1366.665
787.17631
917.18519
1196.6944
1189.0798
1291.9536
1037.0017
1308.1934
1284.7689
1107.1062
1273.4575
1205.946
1164.2406
1104.3682
1128.1703
1142.7913
774.56013
1355.0863
1123.0089
1262.0961
1264.1472
904.94599
1001.0291
1176.5284
1261.218
1241.2693
1047.2419
1195.2966
1415.7318
1009.0534
1436.121
1363.4038
1026.4022
967.75201
919.09394
1131.1927
1355.3335
1546.4209
1438.3775
1358.4484
1421.8167
1190.567
1323.6961
1018.4716
1203.3078
1385.2338
1126.0947
1172.3355
1610.851
1611.6846
1126.3544
831.6467
1211.553
1167.038
1382.9551
1272.6597
1151.876
1162.946
1240.8635
1218.1085
1375.642
1299.5152
1329.2722
1453.4719
1265.2285
1168.1894
1265.9157
1286.0418
1373.7437
1221.216
1449.7793
1173.4567
1303.1527
1250.7697
1285.783
1369.4894
1278.036
1243.6763
962.39319
1005.3249
1093.8051
1108.2255
1179.7615
1130.9389
1156.5646
1065.8883
1257.0289
1116.2059
1389.0498
1241.2378
983.33596
1050.4265
900.37517
1108.5462
1281.006
1158.4396
1049.515
799.99107
1209.0817
1156.2691
1156.8171
1060.1195
913.32726
1608.9003
1242.7249
1204.4081
1091.5681
1360.2099
1491.0281
1205.7258
1530.5585
1195.9305
1226.1426
1078.5085
1092.2197
1032.7285
1240.0406
1256.9339
1201.103
1196.0188
865.84245
1435.2938
1321.0637
1282.9418
1238.1305
1251.0462
1180.272
1275.3306
1341.0215
1203.3903
1237.6086
1128.067
1184.4854
1186.9168
1228.7441
1211.0216
1194.0237
1031.2144
1172.5034
1179.7608
1287.8586
1285.9642
1119.3192
1136.2492
1318.5268
1275.7543
1184.794
1030.9819
1097.1453
1193.7917
1159.918
1045.1447
1323.3292
1169.0884
1363.4062
1349.0443
1499.5545
1476.4159
1300.0056
1278.3207
1233.9785
1368.977
1219.4132
1205.2576
1369.9018
1038.1893
1122.2258
1457.7574
1282.9484
1432.503
1041.4118
1161.729
1273.0482
1233.673
1210.5294
1337.1466
1320.2732
1499.9022
1580.2663
1368.4963
1180.0572
1071.1387
1187.9975
1424.6005
1139.9225
1048.906
1272.3078
1218.8898
1372.3275
1135.9382
1326.0092
1466.4933
1214.2464
1200.4575
1495.9815
1479.0797
1286.5418
1264.1538
1127.9043
1205.8353
1365.3196
1161.4183
1182.4309
1103.3374
1234.4787
1200.2227
991.52987
1089.2266
1497.1133
1136.5935
1264.973
1173.3028
1516.5811
1226.906
1287.6266
1230.1384
1143.0459
1249.3583
1279.3986
1276.2132
1232.6847
934.68934
1275.1553
1016.2768
1103.7782
1253.8481
1441.8056
1432.533
1149.8581
1365.786
1235.8627
1095.8695
1145.2576
1257.8544
1203.3912
1461.4578
1152.1053
1318.4114
1162.5971
1442.1392
1432.0515
1458.9523
1330.0396
1189.9124
1029.5885
1312.0422
1114.575
1329.453
1330.4705
1134.486
1080.9868
1105.8573
1067.978
1447.7032
1025.4053
1466.635
1327.9282
1430.0795
1333.1501
1131.8664
1177.7284
1353.0363
999.69148
1050.9622
937.26915
1258.4404
987.57278
1297.9231
1208.6348
1264.386
1028.7747
1152.9063
1052.4981
972.66386
949.09079
1016.6253
985.84922
885.33259
918.30217
1039.939
1201.6712
1333.7543
1173.6319
1101.0864
1186.7293
1197.6396
1233.8503
1208.35
1086.5395
1136.8879
1060.7173
1143.3394
1063.6966
1069.412
1215.3174
1243.8559
843.44869
981.03159
1206.4298
1354.7809
1322.9458
1239.1828
1366.0879
1128.239
1347.2114
1270.9404
1273.9946
1331.845
1239.4129
1072.4018
1272.3295
993.90027
1171.0337
1168.8756
1024.9228
1031.2316
1029.1869
1035.0631
978.14135
1201.0534
1050.8866
1217.5433
1202.4175
962.21788
929.42038
1163.553
1276.0415
944.45121
1060.8405
1159.2368
1091.2082
926.16255
1009.2825
909.69301
948.02792
1186.927
1140.9798
1391.1585
1356.8873
1326.2589
1098.3239
1032.3733
1027.3906
1126.0073
1182.2712
1065.6848
1344.3467
1074.8962
954.14727
1139.7012
993.26992
1120.672
920.88546
1189.1214
1242.6317
1247.6847
1387.0598
1143.2465
1203.0221
1073.1305
1179.4975
1251.2599
1138.0498
975.10993
1010.017
1053.0944
1095.3976
1347.4965
1248.4972
991.91648
1228.9257
1164.566
1186.9941
1146.9463
1032.2766
969.7065
811.34696
1260.2797
1245.6366
1114.3996
1282.7851
1235.8404
1163.3823
1066.6144
1096.2131
1164.1819
1102.8206
1149.5736
1232.2558
1326.6065
1305.9333
1566.5006
1203.7161
1218.7184
1076.5024
1266.7005
986.45468
1181.5859
1155.9996
1232.6421
1108.7468
1301.0395
1190.0037
900.78241
1065.6267
1021.8937
1269.108
1554.7964
1390.2067
1154.4094
1219.6449
975.69632
975.49329
912.28466
1435.5069
941.61267
1054.6547
1275.2863
1057.2542
1060.2313
1183.1654
1038.7663
963.9877
884.6578
1228.0548
1133.3056
1269.3097
1306.0669
1072.5569
1182.2721
1148.3031
992.23734
1254.1245
1177.0668
988.36465
957.29507
1317.6843
1282.1048
1213.4384
1284.5778
1347.5735
1060.1207
1019.5553
1031.0131
843.4839
1250.0803
952.79236
808.30492
884.98942
692.49639
1123.3514
1201.3298
1087.2887
925.99573
752.24565
1127.121
1112.7925
760.53062
1040.3892
1137.0667
1193.7097
1233.0349
1115.6329
1266.7842
1051.119
1197.994
862.75929
892.22068
1006.7653
1063.4284
1054.921
1006.6412
817.70466
941.5332
1133.1
1141.0422
1032.8051
1069.4923
1114.2994
899.25679
969.90035
890.99506
1016.8014
780.8181
1016.2918
1179.8507
929.77159
1223.181
1123.1201
990.12172
1214.8142
1147.8149
939.82469
1214.5011
1401.908
1098.3471
791.42509
1049.8925
1288.2531
1099.9395
769.15679
946.31869
926.40717
1094.0052
826.83109
1243.5486
1311.8846
1316.6526
767.50439
1050.2793
1082.2729
941.74273
1185.9281
986.62769
982.45936
937.20824
1074.4276
1166.3113
1070.5348
966.45179
1084.2167
1167.5226
1056.36
1096.1566
1106.5871
1065.0348
1250.3872
1042.0915
1032.416
1104.913
1060.5419
1205.9856
1118.4842
887.85944
1054.456
1133.1921
1023.8418
1129.448
1073.6868
871.45791
1035.3051
858.22532
952.99023
1025.794
1139.24
1141.2817
1037.6914
1238.8013
992.87812
975.61851
1059.6041
780.42923
1142.8369
1060.7724
1045.0943
1041.1399
790.76049
831.47459
959.78889
751.55723
936.95828
812.56399
795.32585
946.78216
865.8245
964.23882
774.50126
911.18599
1034.5318
1068.6569
964.29891
911.51051
929.69909
898.1516
664.52883
943.99245
877.49877
1137.6861
823.69969
763.36986
753.35024
830.66641
1085.9061
1063.9972
1094.5135
1004.1164
916.79715
1169.5634
1277.8038
1299.9441
1061.6271
1135.2678
1046.0883
890.67476
1024.693
1072.3605
771.63792
1067.9071
1134.459
938.97996
690.85161
841.39857
1252.5069
902.23861
967.05439
994.51186
983.1013
1029.788
1192.7952
1312.385
918.36903
1127.8629
1212.4105
645.24861
1035.0809
1005.9363
969.79839
926.86648
845.70098
1008.1846
985.24296
842.26661
1031.3735
1110.4272
1176.4548
947.82377
1153.7202
1439.0816
978.35856
1319.2269
1079.5782
1018.4268
1251.2861
1127.9146
1094.6293
860.36402
1268.2135
947.03337
1038.4406
1066.4053
978.41611
1026.2842
1197.6572
989.77172
718.14807
1238.7818
790.30826
773.50956
1078.4446
693.24237
1229.4133
1110.968
1051.4872
860.49133
934.959
1109.8941
730.4175
987.09903
1221.1515
1101.7225
1006.9185
936.60267
1098.8472
1094.5691
1215.7707
969.01026
1005.5379
988.70971
1326.7333
1102.4208
957.0836
1104.919
1101.8668
1417.3705
895.86661
1051.0822
1046.6086
839.68112
1119.7584
1003.8806
925.91571
1077.4868
780.98611
871.0424
1063.1808
1282.2529
1198.9567
1040.9473
1089.901
1066.0338
1294.7657
1203.0988
1158.9837
1062.6521
870.3486
1052.0656
1121.4197
1172.485
838.69102
1072.7315
953.62397
1033.4844
855.68154
1209.9805
1092.5653
1090.3107
1056.8774
940.52222
1109.1655
1055.1196
795.24071
902.47823
909.69348
1188.7061
1301.0235
1512.7446
1213.9531
1157.4818
1277.3784
739.05277
1096.0895
1025.9168
1112.7646
1293.8438
1089.7469
990.25609
1076.0019
1291.3058
1266.7487
1309.9482
978.30159
1256.8898
1117.9632
1010.6366
1053.9487
1052.2729
993.47951
1016.7584
1218.1072
1330.0952
1289.0609
1065.0494
1096.0362
1254.2283
1000.2178
1119.4965
1111.2111
900.65635
829.59569
935.61092
920.81809
1164.3013
1099.4208
1437.9414
1611.1911
1095.5984
1313.1776
1196.342
1088.7167
1056.8901
1120.5739
1207.6527
1205.1969
1201.0455
1194.9227
1032.5352
1112.0372
1345.9581
1048.9943
1080.6607
986.6041
942.11193
976.95694
1377.4589
1181.162
1200.4985
1124.5311
983.30298
1239.9051
1028.2471
1003.5312
1184.0364
1260.6725
1387.4177
1239.2733
1003.8958
877.24632
1191.2932
1177.992
1294.2893
871.91452
1123.438
1046.0298
1018.1322
1181.8832
1393.461
1154.0828
1011.3933
993.12603
1053.3283
1311.6318
1407.6476
1319.2555
1253.5152
1264.0178
1045.0391
1234.6016
1327.6609
1538.4776
1080.7253
840.77294
1010.3486
887.54641
1012.4031
986.39684
970.40942
1034.985
1031.055
1362.7605
1151.9416
973.02687
1000.6313
1110.7444
966.68528
961.39644
1084.7098
1016.0864
1131.1995
960.13648
1216.7292
1215.1914
1327.8077
1054.0846
1108.5318
980.31732
953.95911
875.08986
837.92785
976.81772
730.63678
1053.0305
1299.1084
1298.2182
1002.156
1033.3008
1251.684
929.36838
864.11262
995.65442
1018.2299
962.46642
1176.3812
1170.1278
1090.7642
1194.5546
789.74386
637.22737
1057.099
1202.0268
1301.2541
1402.9659
1276.3126
1167.4561
792.00274
951.20798
892.3808
842.04751
1001.7338
1204.1822
924.85056
1053.6086
984.63057
884.51826
896.67526
1062.2557
949.09229
1016.0445
1160.5343
828.51135
854.15205
874.17063
956.32314
998.89929
1080.2367
645.81213
934.39074
767.05457
450.21209
654.43282
940.43759
838.3665
949.37353
1069.3973
990.09048
1243.1537
1096.4821
1400.4183
1156.1343
1293.3414
1057.9228
718.45455
1052.8273
1289.236
990.00194
1344.7391
1003.181
1260.1153
1129.2241
1187.2441
1026.7762
929.15628
1228.0579
1265.8457
1139.7687
1076.3047
937.71725
692.29099
955.44402
1120.2853
1056.5063
1054.6217
978.60526
897.95953
1216.3092
1069.5955
1208.1781
1119.3314
1103.4943
1043.4739
993.17049
891.63606
1036.5817
976.29844
1003.9435
960.76318
1184.0591
1058.8579
1091.9666
970.51208
1174.3171
1132.6893
1032.3158
1237.1224
1147.2699
692.00971
1187.6384
1051.0583
1231.9635
1292.2221
974.3111
932.85269
1128.5283
1174.8927
995.31753
858.70631
1124.7525
1217.1432
1033.7475
1163.8192
945.44901
888.14003
1313.0098
1074.5191
991.37346
986.37668
1148.2409
1062.7801
994.8772
772.28201
1407.5496
1207.6357
1061.4262
1112.7803
1045.1092
1145.5717
850.47453
1528.6623
1301.0344
789.02605
1021.4742
1289.6766
1472.8527
1157.6421
872.00991
1321.5301
986.88093
1069.8517
1124.053
986.20907
1042.7802
630.49093
1013.2205
949.68925
913.32894
922.79957
1068.6705
792.15378
1084.9954
1146.8959
1053.908
1009.5626
788.76014
855.29064
966.02311
1206.8317
1373.0928
1268.2324
1182.7572
756.26347
807.27821
798.3427
828.1065
1126.5403
1008.2664
995.22476
808.4733
1015.7883
1022.7979
1015.7251
1098.7022
980.15207
832.899
804.25082
1013.1916
1028.8144
961.55973
1020.7508
841.98755
1116.6372
1284.7848
994.31943
1298.6691
1244.4741
1158.5377
1192.2823
803.21974
875.91497
1020.7774
910.81513
1260.8613
1050.7678
893.05911
846.11022
771.66938
1300.4406
1186.2014
1167.7305
1168.9862
987.45344
899.85092
985.14326
1094.0777
1341.3821
1144.2539
993.33748
1178.4607
1166.2931
1138.6745
1259.4779
1042.3852
1132.2092
1309.9789
1170.9141
933.16358
1131.4247
1194.1533
963.05483
1288.5287
1011.7301
938.39826
1092.9015
1081.9755
1202.8703
1130.4957
1089.6787
1205.0802
1004.2019
1168.4182
1336.4462
1245.279
1139.2151
1253.1622
1204.187
1154.9786
1249.7008
1149.3007
1239.139
1308.7194
1013.7206
1152.451
1161.5346
1382.6968
1356.7295
1095.975
1232.0163
986.04765
825.69129
942.30883
1135.2978
1155.3653
1232.9135
1023.5941
1429.1893
1216.9952
1324.1348
1306.7162
1490.5846
1236.4228
937.21701
1526.1521
1299.8108
994.92851
913.85559
1262.2298
1075.9464
1123.4734
1342.8125
1024.4594
1091.8797
1016.5389
1043.514
1253.2288
1285.8399
1064.7056
1116.3595
1134.8031
1307.6481
1291.6968
996.88588
654.27669
1050.7145
1256.7643
1161.9104
996.11964
1138.1444
1210.6221
1162.4335
1437.3685
1209.6432
1399.8647
1321.7715
1534.7491
1265.0373
889.1615
1426.7262
1186.9233
1188.3812
1072.0318
1217.64
1225.5464
1082.7042
1146.467
1310.5098
1126.213
1088.1212
933.3149
1090.4242
1050.3188
1144.6893
1077.8886
1240.1879
1239.9178
1171.5894
671.66074
828.13303
1100.84
856.25696
852.52571
770.25336
1309.3586
954.72887
985.82742
1018.8601
890.29491
1186.9473
1221.978
1041.4984
988.3345
889.21914
1055.1208
1066.1041
1405.7085
1286.3659
1260.2839
990.10253
1209.2741
923.02077
1108.6442
1170.6428
1023.5373
1027.7074
1131.6044
1051.5198
1186.6073
724.88822
1059.7337
1231.4408
1225.1707
1022.0083
1282.6463
1210.2472
1286.5504
892.56557
877.13685
824.26455
941.10558
1101.8218
964.4918
1114.8335
901.8315
689.75988
773.00502
759.25459
673.05129
1475.9861
1239.6063
1366.1412
1324.9565
1165.3855
1227.6564
1318.1717
1191.0224
1117.7039
1246.589
1191.5236
1189.2979
908.79377
1269.4826
939.8762
940.90646
962.26248
1124.7726
1004.162
1090.5398
1210.3119
1269.8483
887.90434
920.01467
822.64823
1088.9534
1248.3155
1154.3837
949.25839
1047.2028
1343.4992
879.62884
910.89146
1068.7788
1137.4726
1000.1574
748.8141
1038.0263
852.71635
1135.0315
1297.9518
1224.9246
1300.1918
1195.4082
994.09695
1097.034
1009.9498
1054.7141
1298.4172
1170.4329
1126.7537
1168.6637
1219.7264
1114.3264
1126.8603
1249.8864
1144.6036
1047.128
1026.2541
984.60656
986.66489
1313.3032
1195.1118
1122.2414
1277.1394
1209.8683
1132.0405
998.89978
994.65412
1283.9982
1011.8322
1402.7085
1297.5867
1110.1142
1331.1779
1204.3861
1113.9385
817.34543
988.41915
885.89768
1064.1092
1190.3025
1052.1185
742.104
1024.2634
932.91339
1178.4473
1062.8146
1113.6924
972.97352
896.14543
697.94636
657.2367
940.56453
964.20244
934.82346
1391.2965
640.68308
943.60443
1058.9352
1237.8004
1175.0681
1049.3255
1495.9312
1317.7411
1105.0348
1138.5715
1099.871
942.57407
1017.5406
876.41834
1267.7368
956.84456
841.41251
905.24056
815.78525
1419.5393
1254.7914
1031.8831
1213.035
1111.1333
1298.7562
1040.0575
803.87018
1394.4708
1370.0197
1289.4871
1055.6266
864.09847
1144.2949
1075.1267
1158.0317
1165.5735
813.51203
906.54698
1221.8704
939.04914
981.9311
1195.6633
1039.091
1133.6852
878.53442
875.28479
591.80941
1105.0794
814.42266
1053.8814
1143.7968
1178.2295
1326.4354
1158.3695
1230.2727
1081.374
895.5283
859.63863
1092.1585
1018.3466
1331.2447
985.87232
1082.3467
1094.1427
1206.8794
991.88573
1156.0162
1272.5856
1243.01
1232.0052
914.69133
1186.5442
1101.1743
1274.9659
1177.3589
1249.6347
1337.9678
892.35084
928.03513
1211.3641
990.51003
969.68842
1189.6302
1015.8409
1440.0468
1177.7156
1242.794
1297.029
996.09606
1224.0087
1203.1828
1301.3749
1187.2067
999.39227
1009.8211
1306.9312
1075.9305
1296.5988
903.7934
992.64178
1014.3311
1279.1754
1039.0873
909.5669
1235.5242
698.39233
929.09982
799.16393
1243.7492
885.31119
907.58478
901.43158
908.28467
972.948
1009.8939
892.77877
1091.6157
719.35252
1164.7499
914.83722
1056.8178
872.20537
812.38865
1008.5998
991.80391
1093.06
1097.8678
1003.0789
844.05744
1178.775
1113.8384
1186.7479
770.91686
681.79992
997.78131
1155.6765
1078.5133
958.01478
852.74299
818.07137
867.813
1088.6784
1059.9367
1130.1404
802.98833
855.61428
828.18046
984.32562
744.77251
979.05073
915.61073
821.57896
886.37404
671.12215
987.07183
870.01492
753.77071
847.93644
1292.3856
913.85057
540.73535
597.32629
971.04701
835.13158
1067.6415
821.2309
981.55797
1100.6861
1445.1413
918.71324
969.35876
1005.9624
1014.3017
949.31773
825.15425
932.14629
697.02892
882.72817
1067.8593
917.52875
855.24284
1032.6642
990.87537
985.35688
928.32965
949.64158
1032.8874
923.06802
1053.1627
1220.0118
1142.8736
873.66653
917.03504
1115.9131
1040.1276
950.20805
953.83486
704.59369
816.36868
742.57156
955.94384
818.71002
1099.5415
775.1342
1095.2259
962.0154
910.81024
944.49889
1448.9241
986.94685
888.90543
1060.8587
723.77818
710.49651
932.74594
1027.4961
1190.5944
1194.947
1062.5601
892.31336
1048.163
872.79612
1057.162
972.06515
596.22237
892.11562
1086.0676
937.94218
710.93171
1176.1129
1190.6913
1045.706
1132.3478
875.86178
854.97428
951.30835
1024.6607
1279.9644
791.29328
975.88213
808.86836
926.06923
955.10898
868.29631
851.01622
1141.6246
922.54908
809.66791
885.2737
1190.5499
1007.0542
1027.9361
1007.5216
1207.0341
1293.1958
1255.7806
957.77824
1332.9331
1006.2304
1063.3073
917.66588
883.74794
999.17346
1074.2797
1114.0844
1052.0978
897.3171
983.29088
965.59067
1074.0229
1320.7127
1293.8771
1150.964
1037.5967
1057.6527
949.41119
1128.5578
1271.0568
843.13626
1141.5562
973.95322
1212.4442
1270.6562
850.60721
1042.6965
1203.9047
1082.4859
935.1559
788.05871
760.04457
947.23866
802.92771
1077.7927
1012.674
856.86119
1231.7911
901.32561
1123.3529
697.63687
1200.7696
1087.3039
1159.2856
726.72553
1037.2387
996.91983
1040.7187
1152.8354
948.28774
985.00553
510.58916
796.31297
1119.619
1055.1134
1085.6096
859.30737
950.60634
1263.5092
977.9002
989.06771
818.77763
1055.5921
1260.8728
955.42571
1239.9956
872.45602
1216.1958
1232.9876
1145.6104
780.6301
983.85369
774.7768
937.29871
864.42783
835.71895
820.61675
988.60234
1205.1885
917.02453
1068.9194
1232.2933
1031.49
1201.7135
1263.1308
1300.4955
1227.1626
1143.6131
1350.8104
1238.1776
1200.8735
1206.7017
1280.1347
1212.1954
1254.9039
1438.2528
1145.2951
1022.3946
1077.0297
1142.3067
1129.0822
1268.3695
1250.9667
1250.2495
1356.6906
1224.7646
1348.1782
1092.3892
973.11748
1241.2642
942.81991
955.47379
1141.5321
815.34696
1138.8511
1042.8317
1154.5635
1080.1312
987.36311
1287.1136
1303.2971
1211.0936
1228.2745
879.72435
927.31064
1162.0644
995.75779
1313.1382
1075.5354
919.85562
1145.1824
1304.9361
1270.8213
732.73641
991.24134
972.45769
1163.7032
1033.4395
1167.4849
1083.2047
1104.7255
783.48963
1257.2775
1249.4173
1228.7595
1166.5972
1019.162
1187.3867
1157.6195
1353.1697
1233.6048
1234.5629
1156.8084
1137.9991
847.06841
1024.948
1341.0057
990.72643
846.4089
946.42704
987.0164
888.56227
1202.1206
894.45099
1131.5662
689.79848
1182.9836
894.62534
1308.5215
1032.6807
890.94185
1042.2416
1141.7659
1198.2858
910.28459
1087.0568
1349.3789
888.84697
1049.3037
924.38537
794.3896
1022.657
1063.4421
1055.2556
849.39045
735.91655
754.97381
1057.1801
1260.1996
1136.1864
884.07471
913.08266
879.52831
911.24429
1014.6872
1383.5783
802.5692
706.73259
1198.5591
908.64537
971.90479
1056.8801
1055.6554
1177.2914
958.9546
1218.2424
950.26531
978.71445
1222.0605
1405.7238
876.48319
959.04102
1010.7088
892.72361
1151.8988
885.14776
1010.1923
1102.1663
885.76636
1278.1163
1237.2354
983.95052
1143.0091
1131.5678
1106.9171
946.35809
1066.4706
1101.1522
873.63536
1077.0129
767.63543
571.85732
858.21105
1039.5247
976.89772
1127.8159
1009.6357
995.64478
772.15449
1012.4873
1113.0094
1038.7543
1045.0077
895.03851
858.78556
973.71305
837.10562
861.28604
860.71914
565.37886
852.8417
860.69146
1165.0348
818.30612
1067.7648
1073.9228
879.65849
1038.0485
1145.2749
757.96771
861.22413
979.64108
1318.6036
1034.0368
1164.3653
851.09065
764.95771
795.68917
1098.7458
1165.3754
966.22122
909.08689
840.26124
1004.8376
774.64954
865.46236
583.70686
635.51293
927.35368
1180.6254
1095.9388
1182.406
981.59994
894.35258
766.39311
1081.7763
938.42736
1136.7147
862.52649
901.36827
793.32317
824.08114
845.36747
788.8649
1294.6403
897.51752
970.98538
1072.1119
732.58481
897.14753
962.7585
940.36376
921.91705
721.72789
1015.9565
906.61459
703.68555
954.81024
869.07323
947.63882
899.73435
632.45337
879.00368
917.36697
810.13237
954.01571
1097.7292
1126.4195
761.5566
1033.9936
695.00751
788.45864
774.46222
815.57241
960.68174
916.04963
881.22609
731.76129
877.51321
1159.1231
858.12623
869.22898
876.55266
944.85013
1002.176
1130.9687
921.87484
1002.1619
1080.9586
976.85635
915.22979
766.74654
871.92582
949.17829
1038.8202
1072.9939
835.34449
893.49725
780.364
854.10937
1023.9783
617.06339
884.55288
771.21806
1048.3941
609.7388
1139.2721
1101.1828
1105.4386
1345.3994
1088.7125
925.92533
1037.3562
979.23084
1091.2795
863.71375
1247.7815
1197.3636
1028.2728
800.33705
938.76308
715.04295
604.77049
907.07883
1178.6262
977.65953
1017.5515
936.65937
884.81932
771.9092
861.06593
862.35364
1084.7134
980.33701
741.73751
1041.1665
915.10415
1017.2151
1013.3637
895.11065
805.35292
957.49828
1236.2066
962.91888
753.76038
879.224
943.48075
1034.5906
1004.6015
959.47153
947.40305
1060.3252
1203.8276
822.03958
1008.2139
885.4978
870.86131
979.81952
814.90191
787.4726
814.86734
944.91783
1007.526
755.70265
949.62126
689.41525
893.22733
902.02693
813.92916
1127.3762
767.00073
787.22456
973.81281
992.41114
1054.1812
919.00821
1041.4557
1110.2738
717.96395
1040.8981
1038.465
1087.0802
939.31825
1143.1214
816.80258
755.60205
929.74397
790.8854
834.01611
762.79535
863.71709
793.10841
716.30473
1031.0372
830.00199
728.16061
653.4279
734.84351
782.60547
737.91549
904.91438
639.17211
834.17252
836.41227
987.12285
957.60264
723.237
1039.8505
816.09974
865.80684
820.65128
986.61292
758.21209
528.82383
682.4355
858.10338
952.13905
998.44516
790.35989
942.03293
762.02187
811.4256
854.76481
579.33469
948.06069
980.08649
805.78738
1066.3878
1322.8932
1400.9465
688.70381
1001.671
758.46882
918.14904
753.97908
828.80279
876.27978
792.14053
866.84623
890.0506
862.8759
1154.4679
817.16005
974.18438
1120.1692
1191.1333
1150.583
1053.1971
956.63476
1056.131
784.20056
881.63655
1243.4041
1024.2255
902.80224
922.5769
1116.8011
958.31122
1250.9395
1186.1972
659.21928
903.63672
1150.4138
834.96582
975.02932
901.95817
1249.3069
1404.7192
1256.0338
1047.2444
769.9448
882.90078
1083.4324
901.9402
1404.3035
792.79851
637.65229
1106.835
642.33414
964.9034
840.28023
691.26111
714.66486
763.18168
1030.3455
1136.0289
955.03985
1131.7938
796.6671
956.93495
983.99666
883.43275
926.36504
1101.8703
815.27755
1219.9778
741.74804
1266.5811
1103.7449
1134.0708
1145.0983
963.50466
950.76309
958.43538
804.81035
1205.2568
1061.9203
806.93464
670.60331
994.35442
1003.8804
1059.7404
963.91418
1251.9311
1022.1198
1019.2713
959.39228
971.74456
810.9461
1081.6024
1009.6046
1080.6697
952.21898
1101.2276
1225.9909
1431.8804
1444.5569
1127.2014
737.34779
767.08771
1134.9766
885.18667
812.63082
1223.482
1113.3473
992.66626
1292.8706
966.79176
920.28548
867.57542
1093.89
953.26066
752.32376
898.63497
1005.5076
1230.3664
1042.5787
1057.7051
1073.4404
1048.0723
1021.7148
1221.2168
846.42458
959.53527
1058.9664
819.44386
873.13085
1168.1062
1189.1031
1134.8861
814.91032
932.91243
1079.5528
811.31435
880.51632
709.57725
814.54647
559.5985
962.87591
864.56105
610.16502
801.96946
867.57907
1132.168
982.22015
1069.1084
728.9041
1041.1592
712.25635
910.43038
970.03905
860.27954
1271.8503
912.65041
1106.7805
980.34664
959.24254
954.54278
924.8708
1099.8121
924.07834
705.2981
893.2851
857.83148
887.54402
846.24793
867.73278
853.2188
879.17282
1050.1175
905.69494
1038.0266
1068.3201
867.79197
1167.7024
1028.3175
975.00301
542.35081
768.17125
835.00179
1002.2052
1053.3909
886.54361
1062.1953
640.74779
999.82864
810.77569
770.89401
733.43893
518.31992
805.5802
1077.2315
928.0821
1067.2155
977.69977
1041.702
875.20669
807.92946
760.77587
749.37348
667.66635
866.78
978.02283
788.76016
864.43974
981.13351
839.38944
982.19967
967.56687
927.74138
859.14278
875.43083
856.8203
768.1438
736.82423
976.73735
666.31988
509.45878
885.00815
760.98705
975.67709
1034.149
1005.2451
1056.62
704.56844
872.47483
823.52366
629.7234
812.99086
757.02261
759.93073
540.11912
900.8739
905.74883
1112.2173
762.23183
997.39169
537.42901
1024.6157
899.16854
921.70569
1170.236
1109.4036
856.81104
1031.2057
826.99572
966.13985
804.62296
1100.4895
1004.0307
859.91449
930.82436
843.29521
491.51175
1017.9249
861.20796
666.75307
668.81797
719.37632
994.95853
600.20727
670.12209
995.06454
1073.4276
900.67425
703.1382
935.79392
676.40637
1020.2477
723.31664
576.27396
942.92801
1019.7984
642.2134
1188.7922
844.8578
1047.4868
788.37229
863.70216
1068.0603
801.29504
963.92488
817.87279
1095.7775
834.149
927.59077
690.99104
981.12235
819.46802
1089.9174
825.97324
1012.7256
1123.5898
1052.629
798.93482
623.43594
682.28911
863.12576
709.48442
1016.2
1058.8187
784.45726
662.37869
878.20921
1122.1571
968.78183
1006.0337
942.41521
1056.4661
1048.5381
938.12495
1030.5865
1010.7496
904.6643
875.5668
1198.1938
1118.3339
766.48832
619.39468
781.07364
854.20285
930.79224
914.06823
994.71525
1026.8835
974.91514
1142.5111
822.77478
971.48625
750.29065
1066.2681
1218.5508
961.26549
1058.7279
996.15858
988.45574
764.79721
826.46868
665.49335
815.07793
834.7091
709.04705
665.95254
800.15652
792.63955
964.9363
647.66833
715.86433
772.50914
844.38179
741.80663
1045.3901
1043.4474
867.14656
1080.3157
813.07175
712.98426
594.37654
953.91408
921.42223
1045.2429
954.79311
993.35123
895.24386
1132.4377
964.91375
667.31556
729.9988
832.64921
825.31704
938.70225
893.93336
907.09851
679.34522
714.40807
731.30176
1045.0587
1047.2344
822.24609
953.73888
807.57466
1005.454
1103.8102
893.61304
939.44091
1094.2152
910.89043
958.86822
846.00511
609.36843
712.15479
837.68565
613.04818
871.94908
634.51606
976.55398
1063.9658
773.05977
1122.531
962.66066
981.14223
855.08987
925.20913
1160.0966
1044.0225
994.22238
942.61243
683.00708
926.13435
910.79242
801.17164
807.5874
1053.1594
999.87235
940.30083
1074.188
797.18777
1002.1535
859.35746
1130.9742
1000.9674
931.32912
847.59551
775.6788
906.94143
913.18213
973.85283
876.04951
919.5555
967.16401
832.89767
827.64483
956.94182
826.16956
792.93539
802.70894
938.27754
1053.9951
888.9179
861.07715
711.46344
824.70139
970.2198
885.37096
1196.8667
770.66488
687.32896
823.97643
997.89872
780.85907
929.61516
1110.6558
900.16331
978.82355
782.02464
622.35982
629.59611
697.13624
853.44488
1031.1196
758.02152
722.45697
720.84523
1053.5807
1046.9615
846.44232
887.6612
1271.1356
1153.0246
963.13304
983.46929
727.73873
1080.1911
1203.5127
1252.4002
839.25783
1153.2166
832.59409
807.75787
940.68747
1110.839
1084.6289
1000.2372
1004.1783
1022.7597
847.91715
834.74864
814.09913
832.28506
659.728
804.08685
737.24506
925.05962
911.13117
955.19225
820.60659
1109.613
914.85193
854.74627
812.69367
893.20962
768.41791
824.05868
413.53605
1056.1502
959.55133
754.18192
855.78638
977.20289
922.37054
1117.424
825.13709
725.16285
843.74606
1062.3454
1038.3536
974.28814
791.59813
745.77755
1052.3893
636.54857
895.99021
760.82318
781.72904
742.06248
727.84037
1022.5311
1037.5181
1011.6372
796.427
916.52052
775.79341
707.09093
1016.1928
805.86582
877.63482
775.82586
593.76113
785.88566
753.76616
789.71321
688.77318
948.08814
1117.0104
808.58952
602.59337
703.83897
759.70813
768.37265
866.27758
765.43039
737.98629
843.30022
1108.0299
995.04474
666.14817
885.37853
819.72896
770.07148
863.27117
730.18544
952.43076
677.57638
671.34682
490.07438
852.88214
1048.9303
788.88615
1000.8604
820.76546
694.37295
642.32315
989.36264
761.00178
835.8979
818.12785
807.85077
480.33305
597.01972
931.33693
554.44898
823.09989
658.31908
624.85459
875.20742
904.04839
703.72864
717.57746
614.63879
858.19081
788.19485
825.70056
1043.7005
1052.1004
834.54261
956.22488
985.29042
978.54626
840.77769
792.64086
466.08373
703.85292
930.00267
666.68092
784.10068
933.58401
785.29773
514.80404
816.90297
822.59035
428.8923
660.72759
750.56547
623.84862
702.00392
767.36602
620.08295
823.58129
787.87028
757.27427
807.17513
686.82563
691.7901
777.93512
900.64301
468.23445
786.48273
861.80051
1035.0637
822.3763
844.05403
673.53029
719.09674
744.13391
635.68012
753.86176
678.75065
531.2288
752.49471
1027.0694
854.55624
963.19187
928.38671
647.27396
781.85673
832.78798
619.23209
776.70607
652.19615
523.67355
664.24351
705.97649
820.63092
801.04512
600.26782
653.39519
769.24464
727.37243
939.52809
943.67916
838.65168
909.20293
806.51875
592.77711
715.21966
533.99743
776.29705
596.75853
878.11227
875.04668
810.45625
688.0266
844.62436
977.45339
712.9242
573.64435
849.79085
516.06251
934.72808
1069.1688
882.36175
549.37591
732.83213
667.2799
831.48786
873.7929
887.36892
1018.3484
1193.1371
536.71863
1099.0352
659.2988
686.20709
672.10695
803.17856
680.67838
852.2237
757.33493
896.97219
897.74606
792.409
720.81268
562.11341
478.37356
716.7564
707.79422
744.73152
1013.9308
1032.5771
495.5655
722.98389
803.64117
803.17598
843.94219
761.48899
854.18878
984.02179
977.86317
863.34947
1008.6528
614.68507
660.33509
936.39186
924.19765
725.04538
824.44015
817.67518
702.34706
828.58148
659.15201
870.28531
1016.0569
690.27369
1028.3329
1068.7995
1045.9156
792.38055
985.63817
668.65156
1045.0044
940.74269
955.29908
940.80051
916.94571
389.44161
811.26192
699.22633
793.9358
888.33881
908.24412
674.96879
808.29502
793.47635
627.4865
761.754
867.37666
769.64788
589.0218
618.21116
564.56633
662.3918
654.41645
822.88561
847.06813
836.49472
892.35824
706.99625
950.46215
735.50094
972.81246
963.35402
846.01601
670.54329
702.67481
813.8802
965.18908
1133.0669
562.38172
856.74282
723.51404
568.3033
629.25943
910.97703
653.66167
700.29787
734.2603
864.01796
824.49364
843.66356
564.36914
634.35422
879.83559
615.23634
815.45425
803.05232
1025.295
801.35563
599.51718
612.76649
980.78502
784.83519
828.53722
1041.9333
691.01844
1025.2109
897.36387
779.08049
1075.8512
985.41835
769.46917
665.87726
993.24446
731.91853
922.3351
891.32
956.23645
832.56708
789.16266
790.50646
513.44607
962.275
941.79344
961.33551
866.21633
642.99122
769.67894
833.03678
1015.3277
871.43123
1064.0523
1005.851
792.18769
1056.5525
1075.9255
1130.7186
687.63459
958.67099
938.84704
876.33786
930.49988
1208.8653
999.41368
1062.7006
964.61997
921.88643
754.27171
975.83124
829.5924
693.85099
738.95264
877.73747
748.94347
941.51534
869.91725
1074.5158
1013.8839
956.90187
1029.8684
1139.3172
1129.3269
878.08075
1052.2916
945.98394
527.15861
676.50776
794.11345
902.43606
1161.5121
887.19861
797.11189
896.58462
997.85717
811.41505
995.02403
902.99149
942.68919
536.52392
830.86187
619.575
528.46557
938.94085
903.50904
1035.4096
889.28528
930.40131
800.84523
672.98721
959.98118
965.70519
607.33463
891.91568
749.6731
716.10477
1012.3386
1066.1433
901.92406
704.06689
1022.2938
1080.7804
959.07138
936.25844
814.30115
687.97497
1003.4616
1175.8639
916.36713
1002.3248
840.78228
800.17842
890.80656
959.44278
779.66464
810.17773
785.11361
928.09815
1054.2736
773.37662
875.11574
865.94598
767.41038
881.3128
835.36752
510.78169
773.01261
797.68953
867.06949
589.70743
779.11557
1016.2446
932.43833
985.61634
840.07034
833.63442
863.71191
791.77166
632.34261
1047.5273
817.30503
729.90586
579.70287
884.54573
880.24772
637.87691
445.2289
664.46903
741.36329
663.25973
856.13294
748.75735
787.56946
481.68517
870.22529
814.97433
720.88999
804.63239
1097.3695
550.98703
446.09659
584.95516
750.07431
748.68224
665.83331
738.52348
815.87923
1025.6994
835.56226
901.32167
604.24477
795.58621
619.36987
641.6653
464.97254
1007.9043
778.65937
874.03358
614.95378
678.05938
624.37331
954.23183
803.01323
761.5552
768.61502
720.3088
816.57707
805.03751
812.16248
625.817
650.02099
884.30345
733.3198
838.7601
639.53219
825.83897
842.28732
859.57798
906.2042
941.85967
894.73279
732.22062
909.48199
864.28105
1171.7674
418.19963
793.14696
759.32798
1007.4008
887.55679
792.1802
796.20173
1014.1672
853.69872
831.16739
898.07158
849.11365
869.69457
721.40436
837.88308
879.58409
795.38268
870.51254
815.57902
805.59407
961.3116
1051.3748
869.82939
946.14556
777.96503
774.23547
855.60376
1226.3386
922.01266
799.58587
912.95372
680.80409
611.86401
618.6089
1065.6166
935.18189
1021.4867
732.88148
758.70252
865.37623
958.344
862.87348
1000.4379
923.28952
596.71666
806.47201
805.8595
792.74616
681.32602
909.14222
459.62595
680.36111
724.23395
591.48643
768.87394
819.88695
724.06896
771.32472
717.13526
763.24886
679.28624
763.6068
987.48326
779.34584
895.21916
919.49536
848.56293
952.34994
961.89144
773.62802
840.77548
799.86674
830.21848
842.58344
963.42309
649.24022
690.2868
887.62719
771.78668
843.82346
830.01598
838.41809
775.70804
960.22367
959.08853
1004.8565
759.84404
867.53492
737.6515
694.80432
1209.8573
982.04652
901.02169
1080.7757
949.28682
785.02073
857.28572
917.04092
972.42421
1093.3446
641.15
460.1618
633.6881
696.78886
954.08573
794.10288
993.20143
780.57369
780.48991
496.2086
693.14539
610.77587
1042.0971
824.03256
789.09791
1008.1668
753.68504
784.90646
569.18423
680.1576
864.84813
972.6646
720.03913
917.16675
802.28935
927.65656
1074.7578
647.33209
1010.7282
797.7185
565.66093
904.24506
710.91664
655.05266
913.72958
885.2588
892.22653
1120.2798
784.69365
505.34929
518.08307
789.4842
876.75984
661.70056
880.72638
922.74275
852.67845
605.48946
913.09214
655.54013
693.05185
822.01696
754.7125
726.61823
780.72408
745.43576
810.65287
879.42721
626.71524
841.40706
653.6814
384.74919
788.16309
870.37546
973.55933
888.74071
791.4283
813.00911
783.93266
777.22382
628.94458
929.79364
475.16627
621.955
746.48607
507.28438
875.52113
967.27202
755.78383
814.13757
960.90863
838.82821
1035.5453
828.9513
935.04756
401.30713
535.13192
515.05079
953.21646
629.89438
532.87292
969.13843
936.04701
743.44249
936.08992
646.7883
619.85112
751.4857
646.35501
802.78964
945.03237
1047.2544
945.80055
687.45687
816.05497
861.62104
818.1472
713.27235
703.32018
721.56763
564.93346
694.19636
607.02399
669.40523
703.83314
581.16085
838.97351
792.49865
729.5012
687.47414
584.6656
740.33258
921.46694
706.44652
955.87564
677.79883
559.9517
914.47396
667.39487
662.9946
877.32422
848.43522
675.34476
903.34912
806.7171
735.40014
520.6283
628.94478
1223.2115
898.41858
1170.0222
811.2355
706.74606
596.53755
1111.865
1183.191
1031.5061
967.48354
874.29636
638.67736
747.75465
494.93512
832.40485
780.58099
754.98417
769.13405
773.16382
550.42404
582.60314
691.07543
731.4232
899.28268
919.13176
774.4584
1023.0688
593.9923
913.03443
699.3941
703.93341
718.50134
1062.5414
723.71236
608.55374
602.98877
795.98035
830.52372
758.62779
581.75723
632.2431
493.34311
860.11335
1004.8479
1053.8605
597.1301
866.56137
546.60944
616.01281
841.42501
552.45204
979.8043
863.60361
774.43223
882.02024
673.44915
628.36611
762.9027
483.89499
575.34214
519.41219
883.09318
711.71798
607.92664
540.78435
408.84377
820.71235
718.98831
610.72309
536.11054
518.14924
581.88439
612.09312
1128.1882
689.02003
601.54541
854.67068
797.50904
815.01695
561.22385
491.24992
534.63841
626.49157
756.26337
863.81943
732.09614
669.32051
722.98038
856.44007
844.53084
935.09588
1048.5651
790.36894
686.55491
684.41049
600.36001
599.47803
872.91462
882.08801
874.3482
619.51991
594.44637
808.12448
1064.5035
645.68715
682.38765
922.90793
1033.9014
673.69182
827.63439
752.68973
724.84823
613.08008
631.49286
871.98358
606.20971
366.11151
454.31929
676.11624
379.04967
794.44735
660.22301
861.23837
766.32533
496.5252
560.00224
758.77181
664.13995
950.52674
855.01974
574.47715
635.2058
658.70896
619.04457
555.94772
822.37749
845.2907
1081.9435
908.46189
1106.7915
611.05976
771.97289
462.40572
731.46024
561.80468
814.39736
483.40827
540.34702
708.43357
973.66332
863.81782
858.25651
651.25316
895.19568
953.93502
792.58862
835.86225
738.00664
1075.8199
1103.0736
801.56785
764.89246
780.26833
708.42593
870.9576
834.34271
855.76092
677.52874
596.95446
680.11699
878.4573
911.35665
680.16781
676.30482
883.75022
979.04154
1049.4269
847.18
725.83912
714.95872
907.47056
802.03166
841.51638
669.67319
646.49829
761.47954
783.66434
664.24365
931.84505
629.87825
975.94058
699.14175
992.60772
702.51887
704.87887
858.91436
772.47984
751.81366
529.16656
983.85418
1022.1755
769.91252
1060.7601
882.19267
746.73725
912.96282
883.79884
625.9411
893.05035
560.23667
572.03045
597.82636
858.416
1034.3888
865.13888
818.38277
751.01556
685.8974
1004.4981
795.38
872.07805
861.42462
949.32252
626.35124
718.18349
481.52754
606.65549
702.02028
877.94704
625.79579
708.72827
653.41997
787.08371
529.90324
926.01745
449.28944
762.80609
828.68354
781.32192
628.79711
668.68555
794.53921
552.53002
876.91302
808.68187
822.53386
860.57163
667.34637
781.19979
771.62461
804.77714
849.37966
815.63618
450.86663
566.30015
881.32243
1044.0924
719.57463
582.78737
682.98137
788.05643
681.94604
569.83704
778.55157
705.98553
799.90128
826.01284
546.41623
780.33756
789.24276
737.77193
733.76069
846.03057
723.45409
586.44985
891.00295
922.94616
681.84896
870.18473
959.3854
746.70971
735.79001
986.15179
718.65968
955.23791
588.26695
730.9757
719.85819
729.46304
603.69412
912.12393
800.23676
688.76154
643.42105
816.31458
601.58187
876.20977
864.83799
886.69175
1006.654
780.55742
773.2452
812.2936
702.73332
760.61923
1117.5357
899.03691
827.23395
681.71506
670.93493
715.26554
594.23457
970.81425
823.4063
945.55524
830.68872
736.05597
648.53543
876.8525
847.75151
721.48562
519.93994
598.59425
808.80188
857.88763
909.34494
1025.9086
794.43871
749.67533
966.0966
1155.1157
568.9933
930.79514
665.48361
929.87723
828.0201
499.9627
1001.7187
515.93369
989.66326
889.80655
661.72441
697.77031
455.88509
641.62532
805.56719
621.55528
468.91364
579.27952
775.57092
791.79288
719.08469
822.54939
567.62596
829.1853
814.39438
542.44071
967.20433
626.00859
725.66093
542.38689
705.75757
660.62787
678.68698
764.53741
636.3145
865.78678
811.80425
939.11613
999.34669
921.29581
727.04427
1061.3325
845.09442
833.67265
847.61982
964.80965
586.65166
887.30059
838.1375
810.26349
1195.6374
540.99238
635.9257
653.11
710.52893
825.30144
854.41206
1019.9634
910.36448
944.73204
880.05041
950.5298
834.40254
708.22273
870.59498
805.89812
745.69817
987.70374
1044.7594
893.21508
628.86961
572.53808
819.34639
1035.1207
812.72794
1174.4552
911.79847
453.28891
814.61673
597.18013
730.30166
943.13788
928.04926
957.57324
763.55785
736.85329
801.37032
1147.2679
941.86887
813.08202
824.72049
540.86195
873.66643
812.87213
630.40529
838.50429
968.34034
920.99162
681.26308
642.38105
687.99665
633.9943
997.8037
832.43022
845.23144
534.47922
708.51805
450.08659
798.66681
774.49507
986.70709
633.1354
795.37676
915.87647
865.07505
883.11729
716.39577
796.62773
669.09229
803.09422
579.65632
779.51147
918.29134
1000.7087
836.89993
1196.7771
640.76891
704.07959
699.04706
1100.5168
972.02417
824.03115
1047.1022
903.17059
788.1096
757.40639
697.87375
708.92735
717.71106
669.59686
973.93053
684.25342
537.49544
709.06078
662.03011
1012.7162
805.75088
508.29933
790.06224
772.51438
703.39934
968.67172
1337.4488
706.41419
659.32097
693.44302
731.36067
868.4088
782.5228
923.39419
743.24782
834.39449
856.54315
699.72289
868.90101
1144.1493
765.92015
732.16552
779.3375
594.21771
854.59193
884.82117
676.68907
1195.6803
902.57778
942.43183
912.70816
804.18811
583.82239
896.36235
901.76636
895.92039
933.80753
854.43038
647.27362
785.3095
604.64075
828.81859
726.04947
849.25796
922.49006
663.08595
1018.7516
553.83758
758.78898
949.49859
918.80062
1083.9011
1112.2688
1003.2978
889.50608
879.52291
927.59038
667.06801
764.17933
642.20663
683.16761
790.57478
475.05925
865.75546
766.61637
703.54218
1023.3592
947.79471
998.36513
991.96222
913.27611
973.87838
803.31242
830.91254
663.95051
613.96242
1058.5829
626.38442
864.87163
838.63693
779.39398
712.84553
933.61712
798.88974
782.33392
728.81919
656.11775
935.32036
1104.0073
780.35516
944.52769
708.65446
655.30288
643.57339
642.91436
1104.3136
645.57007
916.13597
620.26952
790.64363
727.44207
496.76607
892.85804
825.55242
935.26351
890.62395
629.90485
532.92466
559.84719
648.9035
562.03094
950.55195
706.93524
923.62992
791.32317
742.586
765.0237
884.36568
813.09628
866.80813
569.89423
887.26258
828.40559
769.85915
819.03102
928.12231
826.4924
712.02208
678.3333
602.61831
601.8034
648.97956
490.34837
826.84175
848.99537
744.24238
706.1996
1105.35
627.40547
713.64118
724.15146
650.51231
785.56284
791.32467
688.39236
641.11719
723.28366
1002.5886
677.21923
837.19794
885.12691
540.92416
924.34067
762.59983
1085.8526
592.29111
1035.5062
917.06716
727.48124
926.22454
970.00694
696.60278
885.97568
864.72542
765.23698
618.65007
1055.204
855.81878
667.71889
974.02697
715.16784
879.35182
697.78324
642.64719
612.17513
846.37486
940.46949
696.88771
639.31723
650.96715
391.73571
629.99225
642.75784
451.17758
455.89243
760.67907
626.28166
703.17074
842.17346
774.52553
718.94278
605.17975
849.5489
928.13626
984.83315
900.81285
911.83662
785.68149
945.44316
827.60401
653.39405
620.58311
721.7572
588.31
607.04278
709.50241
951.21544
808.30618
816.77719
627.94807
814.96728
694.80807
837.01066
684.45371
789.50351
847.98904
942.89123
706.82722
662.07599
680.93734
793.78117
755.88057
761.07738
898.21609
972.84519
624.75628
516.8053
830.79418
1043.3738
730.04844
770.34379
435.66549
865.49851
707.15493
847.71094
547.40983
724.69155
756.8469
875.71392
802.02442
939.75587
804.52424
637.0062
800.84619
804.24175
609.30245
756.38528
876.23329
765.21155
620.97672
823.71085
596.46576
796.18046
755.78099
742.13235
741.94402
823.11871
600.31918
739.78124
666.96708
754.35978
555.21957
404.04447
743.01464
720.77345
1009.0094
927.20511
760.60266
560.21166
637.4287
798.6084
601.05204
832.86395
658.65916
636.45417
776.97979
768.23335
708.80621
660.83347
842.18746
909.999
637.19566
641.22399
529.41739
785.13225
1006.2658
906.11795
941.77163
768.78037
764.21175
653.05754
699.06503
882.21016
950.939
889.7799
825.20457
672.01517
924.88634
697.49171
874.30136
1070.6642
771.16671
548.78138
766.67373
878.32704
864.99575
897.55637
724.8224
745.80021
835.51263
717.37928
635.34159
497.09
675.86174
591.29499
745.23006
831.02254
819.52624
703.17595
951.7991
920.04632
930.66667
874.44976
846.83501
985.16886
868.3411
685.2512
589.49149
736.35009
705.02732
602.60466
838.01234
843.4031
1082.0812
760.52953
970.88843
815.75097
928.01204
1021.0843
881.26347
927.79064
692.66402
749.69019
872.87347
529.40339
512.54828
677.99155
754.29013
516.43739
576.04677
649.65957
638.37684
491.27156
624.91481
775.31247
737.2129
975.45714
692.45397
657.24715
708.70875
550.06492
852.62563
682.06194
760.87183
637.39422
694.23431
668.94948
816.61925
575.10483
648.5154
506.31302
741.64555
270.19271
552.19799
833.93737
779.13051
634.06556
800.59192
597.41496
616.8269
960.11058
494.27835
706.99638
967.51461
728.43656
950.31761
791.26789
901.96007
1066.2993
801.27127
584.23028
629.73259
583.37256
983.72194
858.94104
777.77929
830.97481
837.22125
802.2681
571.57994
590.44145
581.65685
689.09748
684.43806
793.29131
956.68173
709.83494
848.64649
835.84081
963.55751
857.5171
777.60027
696.08048
708.51161
553.59573
694.09536
458.86652
703.81732
614.54501
298.1171
436.91593
756.52746
707.56804
507.0334
516.65616
555.63661
454.88164
629.51972
1048.3842
851.81859
771.89473
639.32811
738.39083
929.55584
575.11125
505.85272
528.1079
526.60633
618.01122
813.09894
597.39372
645.15135
680.04344
477.82293
849.55811
527.82437
657.9466
217.7986
619.67228
755.07921
580.45104
1088.549
987.70261
729.80099
889.47998
814.9331
677.94163
565.53951
951.23733
999.15073
785.58106
664.06115
686.27035
520.76868
704.99626
862.9234
867.19867
853.93559
879.73644
810.47573
567.95898
695.3331
766.93461
814.74625
640.37829
808.86357
684.2219
744.92688
874.42944
1017.5353
555.3042
809.92209
892.39557
469.33384
636.12111
740.08441
798.23607
754.31045
531.08545
880.19609
696.99333
653.35533
711.85565
508.00157
568.43407
679.38034
765.35802
664.14097
693.43596
648.88198
510.84644
506.15342
722.47248
638.33364
676.81471
686.52987
831.91901
885.60166
783.17606
744.45861
886.10292
635.84894
660.32363
587.04768
345.22926
443.16933
746.12041
462.30454
756.90901
715.67869
627.54519
921.81645
621.19487
1039.673
408.47302
824.48871
476.75133
839.52199
701.32883
1022.3581
608.79293
612.68892
772.04022
783.499
364.54864
652.02529
746.54949
669.37864
630.6625
457.0891
517.89924
524.97018
603.70888
581.23257
664.39982
546.49528
568.4137
679.90546
782.61774
513.15912
809.54636
794.93374
842.03943
683.07899
707.60175
721.88062
701.10102
776.75383
594.99545
742.43121
632.13927
705.92767
964.95375
698.08088
739.19942
619.75
256.18905
789.62366
816.87468
797.73631
560.95777
748.95452
651.30875
468.61104
469.27813
600.18443
489.22949
821.17952
488.67256
598.85166
833.21987
543.98394
576.14179
496.17309
619.34559
439.13064
709.32916
655.69018
731.53957
593.3468
740.05265
610.66378
523.88354
493.28585
580.76741
705.73305
801.38419
834.49059
549.43115
518.59899
826.30312
583.99853
649.26075
743.03006
773.04496
568.19163
397.88726
634.86665
989.16807
561.77758
503.82584
605.30155
590.05642
452.86608
620.39716
585.06285
448.18783
381.79037
739.23274
503.4308
792.3459
786.72113
779.60635
637.35948
642.47987
526.57454
633.00603
703.72205
655.13818
682.02483
395.9352
413.3385
685.7685
585.13734
515.91071
584.24185
277.94235
828.34197
747.46857
714.1617
624.06938
556.64252
857.53985
860.95096
349.4556
558.01012
809.87336
863.82107
773.26584
870.99964
745.36627
510.72215
725.07157
481.11492
861.72144
570.83728
691.49125
621.20827
595.69388
629.83732
732.25992
578.62749
869.47844
347.51392
535.07533
370.69898
539.06286
693.88487
606.7424
563.36288
508.23864
589.845
850.54051
632.50157
486.95832
519.20626
484.24649
784.56667
816.40404
389.67233
572.29339
763.63469
670.1279
673.12883
982.4073
980.42301
721.18032
814.42312
909.5104
717.23522
744.98499
547.25784
609.57257
867.04945
794.01349
579.06459
658.62238
1074.4104
959.12124
974.33225
712.18045
633.3164
414.0616
815.63591
529.08985
508.75238
667.18474
470.32587
673.40481
644.81264
293.27101
743.71881
831.27675
746.70927
611.14152
684.14288
654.61218
679.40216
499.73301
792.28638
611.35323
892.98363
534.76317
677.65197
562.47201
490.93794
740.06733
800.34512
740.29952
673.52455
755.31136
590.21707
714.47193
725.4233
643.41595
873.80566
794.57645
923.9089
671.65595
400.98183
524.15629
626.17256
647.72954
351.00773
595.98257
641.91349
461.42083
689.7172
630.76199
697.76504
599.31165
556.84104
556.13993
826.03015
978.43409
659.29406
494.76973
464.5313
646.08084
678.5947
414.34009
556.88655
740.8567
635.77804
606.36971
598.99039
472.31121
395.70465
743.3819
544.29597
410.62245
328.79009
539.68163
587.67732
548.84797
793.03171
615.71501
573.50239
548.09069
821.25174
831.91807
641.4314
735.3387
577.87555
597.27084
392.15417
582.13275
514.05279
539.97034
710.15778
674.20236
572.50531
722.20295
709.93183
480.66466
446.4581
562.31264
461.56926
733.49167
471.39137
337.10707
740.10725
507.10075
308.48024
627.59731
536.21127
692.78956
658.14483
620.53072
521.48991
420.38027
656.4478
518.2397
815.36169
758.95574
978.01076
621.40826
481.09456
453.32998
611.04781
550.84107
523.81968
975.02409
844.47463
821.33433
762.24599
690.11239
555.98033
650.20852
787.84967
649.15552
769.15287
788.22594
595.61271
869.17358
972.17701
816.71279
343.27337
746.46289
790.26162
852.50682
831.61527
737.9479
620.39759
766.73354
649.01677
725.90881
635.64348
918.11919
555.8381
538.61729
684.01851
684.49669
723.43132
833.05272
646.08351
624.71812
791.36566
681.08595
698.81833
651.10689
772.61941
650.3342
429.30914
735.37665
794.17246
801.97863
510.67445
481.39456
459.15201
698.24351
532.25867
523.02376
632.82154
377.60172
674.69986
539.40497
659.40719
671.48917
600.40754
607.76306
812.11923
649.90308
605.04726
924.29871
698.11085
627.06834
431.5237
431.04644
491.32768
917.86745
813.46034
851.03591
471.47023
686.53546
491.05018
769.9542
544.17602
726.79426
709.45873
545.60619
549.72405
863.85643
761.61392
763.55552
874.27468
615.52677
658.51739
692.11139
568.57253
695.31652
448.3115
455.72166
372.14831
800.46928
689.59033
762.87997
949.00744
605.13281
723.93671
633.54828
806.26393
492.26227
697.12652
477.65314
575.29534
490.95745
458.88453
492.39508
720.3987
603.65671
360.68282
613.97446
509.57118
406.58034
374.0247
829.33775
725.17898
649.72814
423.03897
798.22117
910.80011
737.42879
822.87744
744.90451
553.49271
649.918
629.18721
609.14367
687.47119
725.9798
694.52252
734.38804
760.87155
605.00783
599.46127
536.12072
618.46499
758.12587
897.38168
551.12701
521.97509
482.47883
413.37926
367.21185
471.20408
408.7092
834.9092
910.44615
592.01631
538.77758
768.71417
788.87034
670.74704
817.53087
581.02045
654.94719
753.63743
349.62279
632.58391
225.10749
354.63554
514.13733
830.15329
675.95119
532.67106
697.6534
617.03822
541.60243
795.60151
545.5625
665.95045
551.07055
621.88175
819.60065
467.23588
660.97954
601.42439
717.92416
774.58949
624.77743
419.4872
601.38868
813.05584
901.98874
649.01215
642.54413
315.63317
425.08223
705.95422
788.32007
831.54257
642.12523
585.60154
846.77263
407.40211
396.63147
650.94586
710.33871
874.87152
862.53544
769.52523
795.88506
378.61757
511.37507
429.37839
587.84183
570.58967
419.58254
581.17983
880.92238
239.00701
596.05779
490.85264
780.98251
783.3419
897.50477
587.21555
682.73065
939.85522
440.56243
663.40749
529.68372
524.31297
608.59515
586.30345
656.6887
761.54304
884.35541
771.7453
861.47127
489.71807
684.00094
1051.1858
328.34816
454.06676
739.33915
616.3706
527.94251
719.01028
381.37703
728.63473
849.86385
662.78696
610.49425
505.36562
792.41771
474.331
644.43109
544.58494
505.28926
551.09123
648.82681
622.9695
811.48459
725.4
748.46942
610.16974
725.6199
650.77616
721.22639
736.30536
622.12303
572.50695
368.36528
605.49083
697.20549
668.32174
642.82278
578.72162
693.0392
565.74807
798.68816
903.77203
791.2094
563.5069
458.0677
615.02605
493.43268
604.0268
540.4201
534.26373
954.71746
522.10327
628.16441
870.91035
946.89842
407.04616
763.74008
502.62883
365.37148
759.13427
591.10291
703.20446
513.9099
594.53128
585.28109
670.47758
541.03127
497.54338
604.33879
374.47861
693.13273
677.93914
387.55694
1101.3834
722.09932
668.39447
532.64336
799.7508
675.43198
897.343
738.28544
778.44338
787.45978
544.28096
589.37142
754.16608
509.53803
679.76189
724.4058
658.20021
642.92732
211.06431
521.3489
840.84871
831.92436
852.70193
796.87556
712.66262
574.09261
943.04435
704.71736
521.87111
720.39544
852.24055
770.75617
731.69332
734.87498
612.62531
569.32294
525.69768
907.02548
1001.9216
748.43796
1042.6791
602.03005
793.25418
900.81927
674.70499
706.34901
963.41083
1127.3946
674.48552
688.32904
672.65661
597.40172
630.69031
457.18115
739.31657
578.0225
553.45901
804.04281
496.37979
560.51321
592.38417
368.75232
538.23508
831.39198
768.47145
863.54291
856.16027
966.32123
384.66122
443.49032
784.86685
732.41872
706.24281
815.52868
651.6772
518.01134
701.40164
586.68554
749.02535
675.94357
737.60273
628.50205
622.54237
684.25668
689.89317
901.82008
669.39621
668.83382
506.61729
521.97087
740.45877
559.33189
588.44235
563.69114
692.52574
699.62799
820.7997
477.84951
301.94229
385.69645
597.33749
719.25598
794.53098
393.04815
566.34236
299.47858
723.72764
646.20749
487.12706
624.4078
586.68949
534.93123
627.6646
750.31802
712.56979
740.93818
680.77808
749.43762
636.95921
664.07332
968.2731
609.57528
376.22374
699.58698
818.2553
839.20554
534.36941
439.71304
712.86953
825.65891
874.79436
586.8027
565.38547
524.81913
579.57736
713.35946
506.62696
571.04009
673.71823
758.61222
689.33833
549.40634
911.41881
768.16874
739.63376
700.40866
675.76499
492.11326
940.95813
805.50459
672.22931
652.11417
753.32799
639.70287
530.55393
436.32647
853.42231
551.41051
664.19431
763.35146
800.68746
741.0982
780.9852
553.62616
532.41686
587.8604
354.35479
688.0591
722.39325
418.04315
613.63145
701.81965
579.80387
911.48011
751.01158
778.6315
557.92412
704.18659
374.54679
642.71683
874.89791
573.45446
847.0809
845.70357
593.62515
544.14299
516.83753
378.03566
462.00683
758.87501
539.0347
265.53448
448.60332
478.45501
719.63933
678.47141
961.90581
741.8077
502.00624
565.22454
527.25346
574.22425
603.07254
743.03666
417.00779
779.55893
811.34893
793.93285
641.63049
631.02289
885.44682
894.96001
799.98983
496.15703
745.45217
619.4356
602.13961
778.88926
407.88417
615.77952
625.65926
468.54663
523.67207
590.24581
726.34893
547.60048
442.70527
695.3746
860.94808
591.14215
505.30628
498.44891
659.65176
541.11044
551.61218
847.86029
762.64664
787.92828
710.2578
846.55244
568.36996
542.66124
527.01104
608.10978
684.94037
622.02659
871.84042
944.49097
743.37921
536.5707
808.67684
642.92831
910.66219
785.53001
653.39181
828.24235
658.93634
721.19151
603.98243
567.94778
573.1875
820.40707
639.35292
428.07964
694.44197
673.69023
676.71258
655.18918
484.76033
846.56769
401.59386
409.01852
860.47572
528.91948
953.37439
812.75682
718.36166
643.94664
889.36284
538.2171
616.40418
800.66997
764.46827
626.64156
676.80954
773.77162
841.99941
552.07751
850.54489
639.70913
595.53888
703.6432
706.47276
958.65629
634.07837
846.5835
746.19671
662.663
737.0397
557.82601
549.79719
679.78642
873.56541
865.95818
695.35085
770.15883
604.22064
858.24829
766.59957
782.09006
960.58925
894.28782
984.53344
778.49551
809.91683
960.03404
842.83072
550.58147
1010.1491
716.38336
789.8995
931.92978
732.08825
651.18931
934.11517
595.10703
544.09066
560.2265
946.03735
708.24425
563.83232
711.80976
564.89517
795.89858
469.44813
559.2109
904.96056
827.55388
846.91858
631.21309
339.31091
645.40445
781.90824
1111.1742
721.79561
629.73019
559.65186
720.8069
670.49104
463.47819
500.6898
899.06395
892.8005
854.03512
823.40451
810.81818
792.18707
764.22178
652.17956
859.54462
553.29261
783.17625
681.26291
687.23866
584.28984
364.1001
648.1468
517.14114
745.02002
627.4889
973.70354
918.26289
1006.5537
816.84833
661.68741
764.27818
835.86027
667.47943
906.65849
484.3775
482.02062
600.18684
747.80419
700.74162
578.63407
829.68797
532.4468
1023.2556
485.11656
703.80821
447.72878
608.77792
828.73762
708.41119
607.82153
376.72795
805.04669
704.17746
905.81733
626.06584
519.19627
609.6142
650.44231
688.11912
702.79103
796.49478
1022.9326
816.30596
1055.6206
1038.1469
719.35387
521.46311
574.31702
693.43976
945.41722
1086.6916
648.26284
739.24229
823.60834
418.86277
608.50862
647.52126
495.69365
894.6765
604.13255
573.9394
564.756
610.96513
657.69266
726.56135
633.24392
508.00452
334.39489
501.66386
521.58153
536.64996
619.20918
521.99423
374.9488
437.16835
491.19359
622.2032
582.01148
767.48816
739.40835
892.01747
495.2302
441.21694
880.34764
676.66041
645.95371
718.90518
602.00557
527.99325
614.21789
576.711
985.10548
671.27366
639.32725
411.88058
582.41579
569.04319
924.89009
579.40251
422.65677
568.68676
824.80416
818.34308
760.07443
734.72833
697.63036
788.41517
542.16832
664.2846
768.02168
666.71895
658.35394
649.16804
475.23208
530.52059
804.68268
805.55942
603.81671
389.49665
451.49052
678.30785
860.54474
780.5463
718.49105
906.11621
956.04941
984.69886
886.25766
666.9564
489.80008
966.96194
536.22011
571.26033
643.87497
682.68145
857.43065
847.29997
772.62797
651.94444
677.15271
396.22454
786.61467
815.94408
699.68817
686.98632
809.07289
663.74328
520.83024
807.52002
625.18394
793.55572
738.82347
890.41831
743.38611
1045.1297
662.20836
629.28791
710.66737
770.68072
584.98282
535.30117
899.76806
753.2984
647.25884
724.47459
802.59481
473.68128
662.48167
690.88646
741.92381
742.04237
508.12537
722.21131
666.882
512.83683
716.14936
562.21936
627.24917
852.01844
813.28521
407.52186
820.32166
735.15226
572.01739
676.09046
693.80015
818.0718
505.66017
697.29855
706.46316
645.33373
573.87882
686.99016
708.09194
841.39466
877.14483
564.33102
446.52476
518.00406
767.35415
771.85427
731.72669
480.70908
641.35486
562.00799
601.06988
669.5216
631.14215
584.67658
720.57163
600.47784
640.66881
882.53359
840.01842
443.60157
495.27305
500.26185
536.83491
511.78541
799.85947
893.99425
1033.2272
538.55798
532.12109
498.11923
651.01772
688.89574
881.06047
754.80503
744.29161
698.1569
387.88479
493.58804
652.38292
658.55665
701.96608
695.48907
640.866
626.63431
810.20416
371.56095
467.59027
846.05422
678.65359
831.71762
814.16268
434.28501
349.03885
533.23595
736.53061
590.20428
567.52203
479.11849
771.28745
489.18356
448.0728
369.94626
636.6797
688.99751
727.21596
368.29524
737.29387
799.75942
587.00724
836.07342
535.4296
490.19197
520.41919
723.68396
706.8948
656.71134
664.83913
876.70195
784.96507
640.26773
857.54516
367.53093
586.29023
166.42576
281.06676
619.38974
1045.9064
734.09251
622.59508
602.21095
830.54058
655.23059
691.46318
719.14178
604.73888
636.5361
641.53368
562.34256
649.64596
671.40437
770.01875
341.17313
515.24885
728.14651
715.60268
718.64669
493.23499
447.51012
433.62594
381.15968
740.00302
810.11302
575.48425
497.00097
777.18822
653.30021
421.6486
978.35761
648.7141
664.85074
863.63079
646.26604
606.98834
532.05413
458.112
352.82689
674.79024
612.86211
390.54563
630.00979
550.71036
459.64234
416.04827
536.83312
649.96635
750.48021
761.19484
752.5777
553.93708
764.8213
451.16341
852.07135
601.83003
618.02465
357.36766
441.06918
604.38301
486.80275
643.89242
826.87178
512.34184
509.5675
347.77019
554.37955
498.36162
726.6824
648.02101
641.77577
841.05978
554.32912
541.23602
705.97956
668.56239
809.16349
643.59571
624.62992
780.08738
733.22359
707.14823
577.61472
549.15014
408.69007
627.09084
604.3365
295.78747
586.07334
686.16745
622.53834
774.35527
570.52617
654.20453
643.0194
610.35914
1101.1205
536.243
776.88691
732.92685
664.67451
686.2316
564.15652
721.32834
626.65589
496.35954
792.80887
440.22745
668.50295
540.95437
757.05732
481.28219
338.03898
642.70112
448.14655
663.13595
886.45381
843.1811
525.47378
625.91762
928.22658
595.07303
809.83448
826.06436
643.30091
636.64637
628.95629
752.04862
447.81581
741.35341
484.89198
602.53363
591.38064
729.47457
662.55267
861.94551
671.04329
782.62929
660.57047
781.15743
862.36293
680.82059
817.02754
774.68659
749.32312
518.52205
841.68042
868.54232
761.32499
842.10079
604.72542
823.25046
669.82563
760.89027
945.95363
682.23122
847.79985
654.35073
746.53337
742.65534
999.12009
872.22314
904.21691
586.84628
580.60422
683.80849
600.56926
713.53629
680.69065
814.99444
381.0217
609.76609
783.26104
783.93084
616.12968
722.64351
683.56361
988.8515
966.25952
738.15693
787.25431
618.10239
375.62651
456.85675
664.03022
634.52693
552.74262
675.17543
789.92054
821.72028
738.35991
616.69798
863.72995
612.56464
907.7754
548.44709
704.86378
815.04037
624.31355
816.63919
435.91578
572.45758
267.0575
791.75921
560.78195
758.9735
651.59211
443.0663
597.6305
631.77282
548.14413
660.88938
553.86383
812.22955
838.34771
765.50395
807.77389
666.821
678.36972
468.90371
657.38055
678.62185
584.81362
863.05089
595.41799
604.1201
764.31299
563.83303
502.74649
625.77947
413.51559
1013.8423
268.16269
476.0186
427.32469
688.94207
984.78178
592.27397
527.35126
749.30199
581.455
558.57477
958.57739
522.41739
677.44017
619.98119
742.93533
956.18035
705.73019
710.55178
481.60799
711.59812
602.7918
606.82753
609.23691
435.63798
800.27331
668.27065
718.31946
703.81932
512.13508
938.95319
700.12138
810.07742
689.18471
880.84308
668.04718
563.70178
719.92999
604.31201
685.65802
571.32462
736.96948
717.58549
484.7127
606.5771
708.44947
877.53486
718.10572
691.00613
390.70692
572.69582
531.89067
408.32463
683.48408
703.19749
460.10647
945.32051
513.1586
864.42131
844.63565
566.14394
768.06988
879.1085
1029.3451
792.22513
718.71189
962.12237
831.50389
661.10065
691.08563
687.3004
837.06769
964.13593
732.9055
539.53562
695.92309
594.25473
649.27457
726.91247
756.04344
534.9018
681.39699
571.11865
644.84028
823.10849
672.07036
594.06446
419.92535
620.1288
532.20162
789.60339
808.59576
371.91259
488.89981
665.07975
348.14034
551.02299
841.32207
667.32768
905.01567
685.54388
832.84025
985.26212
927.69144
828.13466
545.44651
872.1479
780.12573
672.9686
765.00193
860.23506
530.75693
816.38169
653.42487
624.98315
598.53517
819.7566
449.668
539.95527
478.40401
570.03245
660.44512
704.41823
600.93428
325.37883
395.05945
760.36402
803.99449
572.29776
919.19415
629.89849
633.72859
838.00532
778.48524
517.52427
669.47832
425.50944
385.17679
841.6409
622.50614
656.78944
570.8155
473.25472
497.33012
693.39063
816.56191
921.77567
607.03675
749.16472
639.62902
672.08991
585.56448
564.15579
770.17064
617.18869
740.14512
436.85604
606.26013
664.37102
400.65266
553.00576
684.04587
691.76912
690.03377
726.91252
638.10128
824.86593
585.0657
700.37104
725.17045
618.72172
677.66396
516.59804
705.46684
599.24577
544.99594
670.6946
837.72648
949.02885
823.15855
641.33005
431.9956
497.2422
684.00068
521.85333
727.66096
579.63394
456.07093
538.36079
418.54903
661.91342
688.51491
843.2406
619.02617
735.88107
345.19762
724.13752
674.5485
634.45393
457.56282
530.10369
825.60596
597.53371
723.86913
560.99112
686.27671
775.7421
596.15398
821.1207
580.35489
468.86188
651.36977
687.13874
781.30303
671.67061
662.43466
612.37608
849.83839
706.29434
532.80178
537.25617
453.40754
625.65719
747.87624
666.71576
829.20072
701.50669
759.76919
386.53061
556.15398
591.40127
569.45978
614.81421
484.01958
900.31391
936.70057
818.2709
771.52267
561.78615
434.95782
462.72508
410.28679
591.10946
702.46638
563.94833
703.59681
622.38758
584.43491
602.21418
458.72452
763.0002
635.93703
922.0687
876.56375
493.33465
482.49813
884.07353
396.68838
386.58465
531.31145
384.34696
643.13258
619.61955
815.59869
520.8596
593.49566
608.90922
769.65656
551.53602
541.22294
416.40282
453.18426
639.76216
567.55284
422.65571
544.92655
627.63231
352.46232
564.97588
635.30619
666.64883
560.05115
640.0827
683.6014
520.45756
469.65741
658.88558
824.15299
740.08033
745.22451
585.47666
771.08596
445.99453
744.68391
833.25012
841.268
644.69727
672.96755
522.3556
440.89284
651.28508
539.40022
649.77581
616.71794
531.10106
574.84744
632.89047
660.55686
532.89281
539.82299
516.5482
648.5073
845.61039
591.60288
850.76803
667.88899
757.56228
428.19717
480.42387
385.74686
671.00019
728.55986
464.18443
649.12018
480.34085
407.25875
750.14469
826.49477
582.99824
855.30929
784.66597
549.36704
491.28096
488.24174
705.686
782.45703
748.53574
562.89636
703.09981
379.13044
496.32423
545.60827
543.04229
733.86032
904.1803
487.59996
443.13626
501.3614
558.10277
633.17088
570.70319
458.94137
592.09369
595.72145
619.09186
450.45175
397.0087
475.28955
471.02322
441.75247
637.65742
764.22402
829.73222
787.98598
656.56603
646.10194
551.37291
534.5648
484.56757
637.33376
478.23361
939.66937
681.19181
528.73409
521.0361
503.08253
662.50376
853.89666
794.15517
640.50189
780.07179
350.00289
553.81731
518.75794
475.59166
917.66325
837.60339
737.32048
834.14332
594.70988
674.27965
697.69943
649.29407
601.40245
564.50505
655.03094
469.24879
514.01668
560.35485
670.1659
653.78284
870.08881
700.74793
446.80068
537.48208
530.54022
531.03509
419.60826
493.19748
585.56076
364.02458
522.68489
559.24598
586.82201
443.58656
612.55356
831.5797
792.46746
600.88376
525.18997
444.23627
591.35927
463.35352
526.76253
593.35249
755.08485
637.02225
733.74569
517.25114
682.74133
794.74114
974.94916
485.44214
582.75139
495.71719
673.80594
740.53433
492.9414
821.64019
664.07207
407.19055
395.66108
487.24589
679.30269
572.62901
830.81734
347.01774
634.78454
431.25379
545.70575
482.24019
555.84505
598.10566
461.67316
446.10172
625.30464
435.18676
812.93148
441.72746
423.67918
480.78649
807.79606
707.90791
426.5438
704.84626
662.36021
887.35212
447.0725
674.15037
749.8072
559.26162
473.95787
340.92726
350.42905
407.886
807.82049
540.4939
878.04071
501.48961
424.33022
434.5034
434.89669
330.09238
582.40228
499.34918
707.34212
592.8779
769.23313
447.58143
343.4023
465.6149
650.3281
591.20167
482.83653
471.89303
658.79973
651.95904
704.90314
626.30339
433.35301
497.84638
689.63037
745.10306
380.69017
503.74792
283.96286
545.51028
558.13573
872.84302
834.13013
338.11194
539.39636
649.91855
548.88498
469.13158
568.5432
627.95682
683.68774
767.77086
753.64365
484.69431
267.60875
406.56479
501.87355
218.99999
434.5894
455.41612
168.33068
619.43939
789.18143
598.44088
636.94669
453.20435
315.4067
746.22436
599.05236
706.49559
514.29569
857.54055
814.82413
555.36176
619.7575
629.99933
553.43528
711.68409
638.69061
594.8826
545.00561
705.22912
746.231
671.48307
603.913
697.16834
899.68346
528.98274
738.30016
545.95858
627.73597
909.00944
756.02046
534.3253
542.21575
554.40419
587.56453
526.45942
621.56396
538.01728
605.31863
698.93935
807.87463
432.7087
672.57237
1076.4937
919.19718
791.74358
671.58392
687.5694
837.9249
690.34615
626.9497
693.22465
628.5019
248.07573
365.14563
318.44784
456.22941
531.54101
689.75286
624.80092
813.95888
631.23461
663.83538
726.18979
435.93899
720.82248
803.10871
324.33556
763.02816
593.89349
844.32536
707.53498
507.2425
799.79682
747.20545
615.71448
455.53519
670.98195
518.15343
634.03516
819.90099
718.05331
762.71624
784.23984
478.14565
465.58851
818.5388
712.90118
665.94894
757.10721
645.68938
561.30351
600.29489
899.25342
706.33541
539.66676
542.73095
459.58949
504.81311
605.96774
574.13754
500.24789
437.51394
466.77244
714.04614
552.5439
930.81999
762.18852
819.8215
830.164
713.37714
551.3025
680.88345
345.41127
302.59773
816.57475
573.93151
801.16158
481.66002
610.20321
767.36388
843.86481
822.9794
582.88843
861.18999
776.51395
601.22405
511.76426
812.34749
679.0519
682.86857
713.42101
636.96296
648.90033
621.25753
1023.1009
760.81346
416.567
518.43272
478.1835
615.88081
587.43168
685.01995
877.79775
682.55359
751.95145
661.48895
451.06724
511.73321
552.51094
549.68401
691.8791
497.95152
502.67413
555.59411
639.16964
735.584
656.56403
898.26726
1003.3909
728.05783
728.99551
600.50782
696.97916
762.54215
652.30075
915.32502
845.19575
633.02832
731.17794
777.29378
914.9575
694.15185
524.63969
516.4607
626.86872
521.46248
490.61264
449.5444
533.76114
903.49916
606.16976
451.36162
636.57801
659.76706
766.74486
601.94425
533.48407
749.66086
787.1831
678.93302
700.42315
649.41905
549.35416
567.27894
584.71969
443.71854
439.62274
879.16435
613.20972
1015.4608
775.54369
723.1878
575.59454
760.8808
733.34233
814.21257
400.83517
682.50779
734.88309
667.52439
752.51157
767.21427
858.57789
671.73887
743.83108
953.57599
673.77469
637.0504
826.22096
752.98365
765.16342
613.65485
508.60725
811.18505
915.51673
749.42031
656.96988
434.138
685.63978
521.92626
681.55909
303.35726
773.00073
584.58721
931.72163
660.35736
724.9434
518.34786
662.53228
513.42491
510.98889
597.18256
619.26391
787.30848
643.40973
701.24586
705.71873
573.53408
675.10694
898.8681
859.53167
1026.3745
701.55713
827.20332
442.3589
591.92884
507.3536
647.40367
730.53767
781.60273
860.75212
868.2216
382.41601
734.68734
740.52967
734.50244
547.50229
557.54684
809.74423
934.09526
777.33464
464.71781
630.93185
326.30147
348.05687
588.883
730.56257
706.85945
709.69653
812.73815
754.58042
613.6947
574.19035
587.5312
659.68963
454.63837
416.46932
708.3024
1028.7527
905.96912
898.69316
608.62441
882.32866
733.15138
693.35952
842.15997
556.79484
713.54303
682.89213
694.21371
988.79828
654.30758
700.63164
747.63305
685.04315
726.1623
684.44272
544.24428
719.36377
755.36043
800.03317
903.65817
732.21205
715.44389
657.79533
678.47166
617.79656
816.25522
455.64888
427.39899
521.64723
713.51589
559.36421
892.1127
498.94081
753.76699
932.12106
893.20645
695.85221
793.57275
693.84462
929.32724
712.12656
737.97781
608.25076
808.97831
957.85144
905.72548
620.22944
535.12384
342.69455
495.52899
760.51678
746.70164
742.64591
643.61189
717.24696
735.26942
710.73111
533.93292
391.71727
863.16731
739.87793
406.25438
773.61332
449.39394
381.64535
646.1222
765.13309
652.1435
741.11038
1022.405
703.23373
624.74623
851.66604
728.66931
729.7927
944.90078
664.07535
682.93978
754.32849
588.07914
686.83147
838.3465
1003.1986
784.4301
1037.1074
730.09166
689.3668
896.7055
551.32437
733.58326
689.9203
481.73518
391.8929
643.42195
546.24011
402.27509
304.85263
450.78133
616.34868
512.50956
469.88669
856.29099
622.79668
638.31526
544.17566
673.31057
695.26803
594.87479
885.04113
859.74978
894.15245
834.84012
679.94594
526.78635
466.51178
409.68526
569.64116
731.04558
958.62676
764.52508
625.27361
730.19188
1014.6891
663.26547
818.85824
647.06749
686.79307
868.52042
880.99299
610.26265
450.70414
797.59017
671.25174
852.32718
715.9323
618.19903
637.21449
765.87988
649.98454
1003.3828
742.74145
684.26035
466.07888
650.88072
647.35416
825.78342
727.18822
831.49072
665.28384
692.43907
643.39542
553.48236
618.36579
533.663
856.99451
674.01687
580.54973
716.83545
844.16914
807.56847
775.51551
669.03011
494.69862
447.51984
868.10198
911.07076
764.62604
578.94432
547.06566
542.87751
812.40079
661.91139
613.15837
685.82612
794.82593
757.66432
1064.5088
809.84313
645.51801
750.85292
645.85029
539.50445
396.62874
654.07747
863.07213
560.21918
913.74899
738.60085
683.45515
731.12216
676.63682
549.04367
754.98745
773.46615
779.03723
610.53055
776.24665
571.3571
783.1813
865.31495
382.52244
834.93872
577.06232
545.54389
803.82301
700.24293
458.64943
755.11556
593.43967
590.87029
773.79869
859.14555
807.91519
525.6667
770.14385
780.43447
524.96313
708.17965
828.04934
521.67732
595.83462
735.89895
736.30648
921.07756
840.41209
706.00856
508.41016
458.48809
688.35509
483.5656
556.73029
880.96958
662.49591
562.48628
687.46238
795.77323
602.18581
867.70353
1018.2323
720.26733
583.53884
775.90923
562.66901
537.0832
553.17103
957.37545
884.58975
927.61271
767.12603
772.0997
788.15062
517.97841
613.377
920.27984
941.5595
797.96757
925.66016
606.37578
440.72712
684.98268
835.35865
904.46081
782.18016
821.24614
724.66128
447.41184
926.09242
749.80957
561.78831
758.82997
394.21923
569.59449
676.14839
737.34643
653.05323
694.38774
1009.9078
820.85363
633.08389
422.50838
473.27772
575.61896
642.41405
762.66724
1065.4775
760.11097
621.63168
795.31509
829.77422
558.59221
639.8013
821.19557
821.67934
671.51133
525.67178
721.06661
683.82819
403.50043
690.11451
564.23216
597.15828
495.6428
625.96936
393.9041
925.2791
313.96659
532.88417
486.3082
668.30193
897.23168
728.61895
920.85854
1193.6989
737.5702
660.1414
579.03405
472.01227
699.04366
600.35108
793.40529
808.70315
829.66482
709.35869
492.10053
708.29386
482.70859
754.2128
741.72143
592.93402
334.34047
504.69039
627.52388
581.98432
729.20288
900.16392
608.7033
626.33245
887.15074
803.44057
972.2473
805.06061
547.55701
637.39545
887.53947
494.4792
723.22917
619.54973
454.9816
492.69845
817.12108
510.58504
654.07421
561.57691
618.0852
570.19175
795.57637
596.43055
429.45384
639.29127
824.47357
822.72683
798.67981
634.30829
702.87665
782.2252
558.73366
833.84972
875.38263
591.78016
507.07997
650.87173
339.5334
889.01493
1107.5178
854.43748
670.16688
593.92393
710.94094
727.42988
528.69152
747.14514
573.85854
713.81286
441.87437
676.16232
681.09819
538.19981
597.24139
391.14359
677.90511
614.59671
495.00653
905.56454
416.79772
539.82234
461.37747
645.55807
736.04477
404.22687
751.82064
566.79197
469.86186
687.01838
635.8461
629.17263
523.3981
634.1885
491.36867
793.95118
678.50523
838.51729
722.17908
705.57948
868.70413
729.76905
794.794
852.04472
506.55692
736.10922
504.51728
451.03902
931.3266
952.44564
784.89534
370.84884
423.32893
587.50406
847.82253
806.79066
853.9513
356.48095
494.70641
657.98605
937.43786
595.89303
602.06546
414.7727
605.56862
339.79686
640.63493
699.8481
769.11634
762.29948
531.00504
605.04699
567.65792
459.1947
628.53651
635.41338
551.88811
1065.0248
628.93102
572.23692
615.05756
985.32858
335.10011
519.93253
609.09996
546.32854
563.90785
715.15112
456.31196
636.7474
941.42997
623.16346
728.3531
550.85245
586.61304
665.3195
700.25861
537.76084
824.09767
638.00159
682.93076
739.59812
544.55614
572.99244
653.01507
443.92322
549.43895
481.28222
594.23604
503.9029
528.55181
671.47648
706.35659
776.6151
827.44013
720.17953
451.30329
583.30886
743.32343
597.11382
591.07895
931.13849
948.95496
838.06752
579.54617
291.22262
506.43745
629.60664
965.5692
741.9467
653.12406
807.24939
531.25853
536.182
746.56025
762.45321
495.74565
759.18774
684.05633
635.74186
693.89576
786.30239
803.71701
929.40819
582.30532
424.1068
541.58077
739.64109
820.25905
484.18119
956.39769
777.85413
437.41395
935.00702
842.2166
618.73466
721.77573
893.4481
794.88953
903.31053
681.41765
792.46983
597.48413
613.38409
447.62873
670.65213
583.80837
546.63625
718.07345
751.00456
380.26426
861.09207
756.32628
772.42365
732.99935
741.6312
689.57857
951.97337
589.80646
478.64296
653.37528
775.27765
1031.04
1015.8355
727.25504
830.44919
530.04888
611.80395
791.35305
872.44213
916.33013
973.14248
881.93783
854.58968
608.61019
507.75339
752.38374
702.4964
544.68015
857.70179
879.49065
804.28307
594.1307
876.85391
650.68929
653.00921
937.29764
735.50038
851.80409
902.72867
788.59987
511.29614
648.37717
625.97418
627.59585
561.51357
642.99032
845.50442
821.3986
550.34201
792.29358
764.73643
858.46299
724.71729
595.52584
639.40529
594.90772
564.05497
819.59558
934.5529
812.43237
468.50583
723.29666
475.67345
813.24497
614.89222
753.66083
533.16023
705.6073
653.75859
696.49534
599.22952
711.99743
639.92441
977.23047
814.43383
797.87934
665.87901
612.42205
806.80386
835.80564
926.79069
574.41832
753.52477
453.35709
728.95749
858.04632
818.84522
488.42197
408.18082
795.39125
890.00967
712.63202
865.71206
728.00663
752.41338
613.91067
452.33619
643.60257
824.69767
612.34539
595.28788
851.87873
594.38549
811.54398
450.48137
859.05546
664.49665
542.69111
870.48897
817.29477
536.96889
661.55924
618.09859
641.17764
764.50153
684.43363
768.63894
770.12151
631.2207
862.78235
856.26823
677.10721
689.96919
399.79403
551.37255
643.09371
732.42463
706.63984
681.25822
618.08844
749.94085
638.97574
758.9327
841.02964
536.99035
521.82691
389.54072
758.10366
692.19561
595.08908
520.19592
