847.25406
977.18162
1647.1893
1763.7056
1623.7679
1517.1237
1485.8065
1299.7161
1224.3112
1430.2551
1157.9991
1409.3304
1396.7289
1644.7783
1420.2351
1326.5675
1100.2985
1464.7634
1360.1618
1155.1895
1453.7783
1563.3719
1385.9454
1372.3965
1221.2558
1106.8782
1322.5437
1427.3768
1375.226
1340.9953
1293.2013
1529.5223
1140.634
1214.978
1293.9564
1242.8041
1316.7781
1182.3974
1339.3694
1283.4347
1208.972
1217.0872
1371.5358
1461.8791
1355.8456
1296.358
1152.3691
1356.4753
1362.2577
1389.9551
1267.4835
1109.4271
1372.058
1299.1379
1324.5855
1475.18
1407.9548
1246.3941
1284.0408
1363.6037
1386.4911
1440.1627
1322.3457
1327.4495
1214.0416
1345.2126
1464.5926
1292.4685
1271.5862
1281.6154
1468.5098
1246.5252
1143.6028
1269.3447
1289.7511
1419.6573
1369.9482
1361.1417
1202.0777
1249.4266
1307.2583
1333.3964
1338.2842
1537.2071
1292.5093
1032.8481
1229.0578
1140.7138
1225.0518
1310.9088
1113.21
1265.3975
1195.6014
1359.514
1286.9361
1357.3263
1318.7524
1346.1234
1013.3079
1104.7469
1228.4336
1422.8569
1330.8477
1025.2621
1413.887
1371.4148
1240.574
1356.9282
1171.7616
1259.4807
946.35796
1255.4964
1362.8826
1303.9868
1200.4983
907.65348
1080.7383
1291.1024
1475.1995
1462.4011
1211.0865
1314.0484
1245.4998
1120.1451
1418.5261
1516.9559
1330.6442
1300.1944
1331.6364
1445.6627
1334.5076
1190.8645
1276.5235
1496.9707
1230.5919
1119.8469
1130.9345
1050.7725
1160.6995
1262.6815
1413.2694
1307.0012
1316.2974
1046.3748
1120.6068
1099.6269
1438.2815
1139.398
1229.4052
1155.5206
1403.1179
1305.1777
1301.4392
1367.0084
1265.0465
1350.5522
1406.1309
1362.2875
1354.6483
1288.4011
1134.1097
1288.0754
1466.927
1263.1322
1135.1349
1169.2073
1199.3535
1323.4532
1101.3502
1189.1857
1136.698
1415.2301
1136.3348
1175.6551
1197.1625
1292.6963
1321.7776
1402.4496
1270.1885
1297.5289
1186.7616
1147.3244
1366.9451
1374.3386
1484.6974
1285.1965
1124.6036
1413.3117
1098.1676
1467.3835
1242.6207
1298.2188
1118.9881
1409.3258
1289.3112
1078.3671
1330.9894
1199.2984
1289.9847
1226.9623
1052.7505
1199.6673
1337.3729
1179.9289
1267.4371
1213.211
1148.4414
1217.502
1227.0452
1239.9588
1209.7609
1282.3877
1185.5953
1267.8932
1119.5432
1206.5987
1256.1132
1022.8885
1195.919
1368.6634
998.1628
1274.0746
1032.4849
1145.933
1069.037
1396.8571
1265.3747
1416.5884
1539.8522
1469.4206
1065.7286
1302.6393
1053.0454
1342.3847
1309.9088
1153.1023
1204.9725
1055.7064
1010.1028
1327.94
1283.7473
1098.2504
1252.2868
1171.8898
973.49047
1084.3474
1060.9925
1091.303
1185.1859
1518.3918
897.82746
987.98701
1489.4309
1118.8034
1093.8887
850.14911
1187.5049
1263.8687
1147.4246
1414.8775
1107.7586
901.19959
1369.102
1175.3246
1159.1216
1435.1012
1202.1574
1389.5493
1210.181
1134.462
1264.523
1181.2434
966.34498
1051.3142
1259.1305
1411.9994
1715.7306
1432.4432
1194.7567
1069.958
1378.3914
1382.7975
1296.0749
1286.4258
1360.5944
1338.148
1222.4458
1047.9203
1468.4615
1218.3641
1222.8346
1154.0895
1168.6496
1469.0104
1394.2544
1393.7737
1385.7431
1056.1334
991.76333
1172.9617
1386.3707
1148.1751
1143.3263
1092.4959
1228.9563
1355.5455
1423.3733
1175.4921
1020.365
1335.3044
1023.5858
1261.3888
1152.6931
1480.771
1147.2513
1238.607
1254.4637
1421.9341
923.23762
1245.3725
1419.7921
1201.6826
1153.8033
1056.736
1196.476
1381.9459
1061.5482
1094.786
1021.1633
941.76253
1082.9204
1276.2048
1132.244
1168.4557
1291.472
1093.1427
1189.5342
936.85562
1194.1655
1029.8698
1171.704
1151.047
1021.6853
1272.0281
1302.7013
1164.1524
1236.8237
911.66089
927.47388
1233.1746
1278.0886
1125.0194
1031.9243
998.80174
1039.7154
1084.9848
1058.6981
1142.2857
1247.7391
1143.2153
1049.4007
1438.8171
1062.3433
905.63227
1110.687
1025.7003
1281.0503
1388.3227
1143.2012
1451.6931
1124.3419
1116.8571
1144.4362
1266.1052
1075.1862
1386.8141
1010.1524
1236.6466
951.28918
1011.4562
1284.5679
1322.046
1305.4689
1157.0615
1199.5715
1200.6062
1184.3594
1074.8042
1096.2484
1184.9827
1278.1747
1217.2389
1297.2011
1072.1628
1182.387
1033.7106
804.72755
1421.9988
1072.8649
989.71793
1383.1598
1140.7667
1313.2339
1450.1855
1354.1903
1291.1862
1401.1834
1373.9394
1331.3698
993.23562
1347.7694
1186.9382
1392.2487
1252.9738
859.13051
1182.2963
1397.04
1083.87
1549.9368
1235.0959
1002.4429
1352.6026
1462.3405
1160.4924
1282.7247
1206.0198
1284.2247
1136.1324
1146.867
1361.4118
945.72934
1162.9677
963.10019
1327.641
1328.4407
1069.4993
983.02897
1223.3184
954.27989
1278.0978
1106.9435
1100.4845
1357.6906
1314.3165
1222.4961
1267.8593
1274.0545
1119.2088
1158.5621
1572.1213
1408.1474
1273.6222
1200.6234
1335.7207
1271.0267
1305.6599
1156.2884
1266.1419
1317.3079
1233.2549
1281.8609
1284.9554
1346.7396
1370.7057
1330.7919
1225.0769
1365.3478
1436.7939
1074.337
1427.1655
1180.3081
1077.0409
1233.7457
1229.8374
1078.4166
1050.7466
1103.7804
1024.3889
1139.6026
1206.073
1227.2416
1249.475
1154.7431
1133.2723
1237.1099
868.04438
985.37964
1457.2526
1286.6209
1304.7872
1376.0477
1178.2151
1240.3313
1562.0512
1300.9513
1131.9192
1075.2751
999.00877
1000.718
1251.1832
1554.6424
1498.4934
1134.5838
1239.8081
1165.0076
1156.5479
978.17231
1330.4773
1253.4099
1149.2025
1090.2426
1147.078
957.78214
887.77285
1167.8282
1275.6617
826.83312
834.46332
1138.7872
1339.2943
1069.11
1250.5621
1233.6647
1163.1681
1034.0258
1036.7183
1049.7901
937.07795
1226.4374
1091.3588
1255.6743
842.46363
873.3404
1080.2697
931.80348
1204.5177
1027.8852
1174.4864
1369.7724
1248.8877
1042.8827
1331.484
1516.6976
1265.909
1378.6628
1206.7822
1198.6482
1265.4115
970.75862
1146.2237
1106.6192
1367.2773
1005.1265
1227.1815
1284.5116
958.27505
1203.8374
1054.7677
1101.2392
1051.3525
1381.1278
1263.3792
1076.7572
1204.5168
1153.8289
1052.6971
944.74639
877.05145
1061.4281
1092.7593
1161.7435
1154.6012
1141.1132
1001.6043
1061.4509
1025.3359
1189.9459
1464.7776
1143.1867
1108.5746
1066.3441
956.16331
1076.7105
1018.2757
1047.1364
1104.7277
997.06574
1101.6309
1188.34
1187.9393
1119.5403
936.60717
1175.5192
843.29719
1249.9491
1098.9577
1371.3071
1301.8582
1018.6395
1429.1881
1515.9297
1319.6418
1409.5551
1330.3169
1340.161
1134.652
1156.1384
1341.987
928.41706
1544.0308
1186.449
1222.8189
1304.064
880.48265
1007.5192
1236.7537
1031.9075
1206.9053
950.39295
1203.6444
883.96667
1195.252
1173.8709
1273.2604
1318.7475
1267.2755
1126.2986
1140.6737
838.15536
1138.2575
1097.8268
1410.8572
1383.987
1084.9892
1153.6026
1524.9412
959.31635
911.10028
798.22204
855.58796
1403.6869
1412.884
1290.8422
1370.0565
1064.8389
1338.9088
1330.5474
1243.1875
1233.8525
1368.8312
1198.9135
1129.4624
1049.5023
1082.3782
1137.7843
1213.091
1193.5381
1310.4078
1204.8553
1257.4146
1005.1037
1193.5373
1176.5393
1282.9614
1063.7413
1205.8008
1152.8764
1197.8652
923.74176
1124.196
1052.8391
1181.8523
1100.9239
954.33748
1343.7804
1033.9698
1548.9005
1211.934
1326.9828
1243.1931
1172.1936
1168.1108
1414.6102
1285.1998
1334.4616
826.85463
860.29949
862.37053
1039.0213
1079.699
912.26757
1070.227
1278.6151
943.67395
1140.0257
987.65284
728.12936
1187.5612
1190.5076
1374.8425
1075.904
1220.4053
1097.8826
1288.4846
1097.2724
1213.3178
1029.1642
861.118
1162.0201
1317.203
1300.5138
1082.6868
948.20303
1027.0932
987.97899
1190.5567
828.48938
707.55324
734.99153
1282.9753
1062.8762
898.52515
1084.3859
1045.3813
1210.4488
1040.9493
1230.9953
1036.2382
1073.9053
913.23145
1125.3023
1006.3343
1020.7111
851.11544
1103.6654
1083.5954
1204.5005
1155.0424
1154.6967
1247.3596
1008.0266
1004.9868
1236.862
1247.1895
1163.4352
1028.6391
1004.656
1084.3197
1091.4776
1233.6666
1329.2122
995.52619
1000.0854
851.12175
910.1244
1012.2104
1081.6876
1071.1682
1148.8353
1073.0185
932.19361
833.87056
824.52945
1072.2765
1113.9335
1118.0947
1046.922
1018.3829
795.68888
1092.2896
1369.3429
1225.4859
1251.7211
1198.387
933.40984
891.59168
1013.1372
1226.5596
1152.0369
1064.0771
1129.0652
1046.0108
1036.0678
1063.8324
1434.7557
1165.7267
1002.3358
1146.287
1338.8389
1352.7684
1621.7452
1188.2092
1286.1188
1519.9907
1206.5862
1333.6512
1201.0248
1121.0153
1141.8568
1220.6419
993.2463
1046.1834
914.56464
1133.5653
1248.4998
1320.2945
1104.6306
979.4715
1045.9769
1146.4004
970.82776
994.53852
1144.5732
1242.7086
1024.2665
1187.1271
1071.5976
1002.8762
1081.4496
1077.7242
1275.2864
1054.8115
948.14542
1111.2589
1407.3617
1166.7104
1148.3984
999.02252
844.33409
1184.5
912.53038
1168.7589
855.48768
1045.2221
1167.0909
1099.5936
1010.5197
1263.3223
799.20878
945.63886
833.70129
984.60076
1181.577
1096.1822
810.6674
1092.937
1328.7405
966.58552
1053.4027
942.46074
944.5541
957.86455
1011.9301
1174.417
1327.5223
918.03555
1036.6906
1163.3315
876.2415
647.36312
1129.7627
1035.1783
1261.9841
1003.2377
813.50576
874.83844
684.26678
853.57261
770.66308
831.59873
877.2284
1047.6382
994.91107
923.546
772.96476
1115.422
1159.458
1112.7577
1079.5473
1048.1655
1002.699
790.79795
678.07114
1089.2737
951.5104
825.44355
902.37719
1102.4923
916.77815
1121.782
1077.66
1060.5483
1245.2806
987.16647
801.80765
944.15945
777.79599
782.21557
597.99488
929.22136
859.18366
1003.9591
1207.9835
907.32484
1033.7794
1015.7013
1105.0583
987.61547
984.00892
1169.6603
1074.692
735.10815
989.02064
934.4128
932.6103
836.4888
828.78873
917.52942
818.30747
1011.0366
1184.5657
1389.6571
1323.3913
1230.2779
809.15097
982.02914
1028.7027
1099.1114
843.28822
854.07199
998.59399
1021.1427
660.06554
947.06565
901.51545
1027.5763
1302.509
1105.296
966.90489
1301.7512
756.23266
1079.0486
867.52023
857.7277
958.9055
1251.9534
1003.1609
829.10668
712.83046
948.29823
898.94391
1216.0417
942.39936
948.73105
865.05758
1055.967
981.85559
544.40291
1050.4729
1000.0908
1195.1815
926.64193
947.55302
932.22911
930.06995
754.19559
746.1796
1037.3674
889.38066
1043.6649
1048.5296
903.2154
796.94226
840.56278
911.83713
737.68584
946.68538
1064.3592
977.74138
971.87983
968.53745
1348.4153
994.18931
1232.7106
976.64461
1204.6452
825.64458
836.43139
987.8875
974.8188
1014.2369
674.61951
965.8924
772.24109
997.64431
900.44357
888.7274
975.53095
836.29561
1024.4612
936.73551
987.32458
1062.6961
1010.5886
936.49324
1098.8976
1114.8678
1042.7166
1168.184
1067.793
913.69514
898.28189
757.95639
924.35901
1232.4296
1159.77
1177.0828
1228.5105
820.4521
1088.2664
1066.1538
1063.134
689.49878
915.92963
1000.3325
1082.5611
950.74797
1163.0264
1183.728
806.57698
938.80176
1025.1528
849.08092
1177.0199
1113.3937
785.67029
838.78713
983.44145
1144.2984
1299.8201
1114.6555
1241.7351
791.28797
1312.892
1220.6539
1175.5609
899.70717
1098.7505
1102.5215
1037.0397
1193.627
1099.4453
829.49611
1283.2012
1111.4025
1095.6851
1061.671
847.42251
1172.3202
1192.0748
974.74538
918.23599
816.95487
747.08972
946.38005
1134.4461
848.31468
946.33924
1201.0162
1117.7594
974.26881
961.03397
903.35043
1160.6749
912.94099
1066.6553
1016.731
740.92696
920.61561
1177.1587
1001.4187
1158.6921
862.03176
1069.5665
782.22825
1019.5764
974.27428
1011.9216
1318.4037
1159.3109
943.87145
1169.8045
853.59143
803.8251
929.64341
870.31662
1139.5641
928.00211
1176.285
1159.0859
1114.05
959.65747
974.33413
749.39426
905.03302
718.96279
1143.5432
958.30603
835.18413
967.03944
881.53949
860.44374
786.77609
864.26134
923.32456
881.84352
915.73818
1009.2305
721.02065
815.42581
880.57996
1168.5464
878.75479
1036.1701
1190.2446
1048.2631
738.64692
1300.1965
948.30983
1106.6002
1271.9765
916.19805
883.88684
970.9173
977.97053
938.94324
951.59944
1213.5079
1288.9646
1041.2212
897.43987
1065.4452
1061.9414
1068.7251
1175.5029
933.44714
1131.2715
1053.7744
1049.7371
934.94922
1152.0932
1139.3442
953.01922
1257.5332
752.9493
923.99799
1223.8422
940.67615
1074.9523
1004.6144
1032.8832
943.57565
874.97527
1044.6419
580.71962
1126.228
1171.8149
1044.5429
1244.1689
1113.8787
1149.4669
1051.1533
1109.4295
1059.2897
1005.8992
1226.0799
1141.9863
977.55596
972.91353
1153.7125
1093.8775
1283.6962
969.04839
1143.7316
875.80914
986.51672
917.59222
959.21982
1069.8051
878.34529
988.44521
852.86718
889.00006
889.6491
976.76985
1059.0647
1098.255
1158.5467
729.27397
908.70226
1253.1914
661.39846
734.50861
924.20756
833.37153
948.34112
1181.0471
1205.2232
1349.6346
1125.9992
820.69135
1183.2214
819.00595
1054.9439
1264.5827
1251.1867
1166.5936
914.09953
1226.0666
1278.9269
1235.2256
1174.52
867.8448
909.46468
1071.8847
987.9896
1234.4872
1135.4713
1301.9229
1185.5863
1032.303
1231.4363
1089.8297
1462.4461
1199.2526
1034.6804
782.02363
1078.2748
972.54725
1508.2932
1268.5984
1274.0979
1174.0629
853.07923
840.82235
863.56717
1084.7938
914.4753
1020.5333
1076.9429
861.36427
947.50176
935.45037
792.43079
995.63347
1214.6653
1108.5586
850.5754
1293.909
1081.0863
1226.7068
1197.5179
871.95448
901.67978
1048.4362
537.61244
1072.7507
1120.0555
1004.3175
1198.4967
1111.4474
1194.3139
1042.2346
1081.7799
1071.0505
986.83707
1019.9911
1049.7266
1267.1209
1057.0126
1132.0416
1291.3924
1167.8858
1002.477
944.2194
1245.3248
975.70365
982.22326
1369.6421
1414.559
978.53909
1051.73
1067.2822
745.85461
1073.5479
1191.7912
1161.9494
1145.9801
1255.1997
1096.6063
1131.2249
1250.9736
1106.8264
953.62184
1057.1018
1080.8864
826.4209
881.17048
1003.5768
1038.1722
855.27624
971.30255
835.92051
918.94883
828.3562
857.08262
992.99078
830.01952
786.04245
893.17125
745.17138
675.63666
818.70068
1057.5569
893.3387
640.28539
991.98483
885.70581
1017.955
760.79804
1042.5133
704.8388
667.11901
792.29268
1030.4148
858.97934
910.71694
818.25553
821.92752
773.84179
751.51827
977.25583
847.73091
989.22624
820.65923
951.70172
1026.5146
843.32464
858.56139
767.21154
744.00325
977.30786
934.85008
1052.4912
1108.2557
957.09308
999.13188
700.15449
898.03357
921.51257
802.67601
908.53114
769.14068
1019.191
982.84667
960.57474
951.04478
789.9483
733.88902
834.87628
988.8135
1001.4069
1031.4846
987.37536
959.14467
742.65731
585.09591
509.00972
848.10901
997.60975
700.76184
898.09657
630.47786
691.01567
958.24756
832.55508
1122.2135
723.1308
792.11383
647.22729
826.15683
935.1196
897.00435
933.7417
541.37518
1037.4101
640.15514
552.92071
758.41904
634.37853
737.21082
560.16588
796.54646
634.89906
835.39335
1007.5671
832.00398
939.62034
864.62277
532.36016
690.89239
510.34689
465.94103
572.54173
742.52158
864.6106
765.54246
671.72431
825.37989
527.8907
908.78817
917.76578
866.38244
1061.1833
761.5654
604.90173
534.72953
866.47612
810.27032
748.51606
682.7118
774.57218
724.99802
807.8438
576.55898
837.47261
1016.4569
1091.9518
1207.1089
812.33965
791.74098
860.91436
254.32561
1145.034
811.76682
796.02529
863.45406
969.56451
996.12846
674.45199
704.09245
652.96138
868.94616
1057.8444
886.07286
758.47451
654.88355
773.84879
648.76374
579.34115
887.72977
1133.3347
972.26641
717.35411
668.07557
712.54736
752.75142
811.95385
852.39838
701.24997
921.64841
567.47078
714.95806
828.36425
874.53841
784.90851
739.5013
1036.7105
719.44787
1026.0508
846.00591
879.59732
746.18621
715.05602
893.79766
1124.6646
648.73465
955.03561
1013.0959
809.91531
637.37856
902.9661
722.74591
798.24474
906.73649
815.1579
616.45521
964.1591
692.63314
769.22978
670.82493
1036.2485
641.5581
422.80377
661.04126
590.61933
776.03059
853.92135
581.24713
520.19474
913.15037
694.70479
736.04188
699.49143
578.44105
720.16605
950.91942
973.90878
881.36814
1166.2051
1039.9492
802.50253
867.58923
628.16461
633.61867
819.62017
743.51326
533.28714
877.75067
754.63358
684.06487
463.98072
885.58399
814.05027
1019.554
864.94943
794.01054
627.18207
838.44648
773.80788
968.52757
835.81803
710.79784
835.53299
610.52553
735.5899
898.95618
770.76072
1035.8555
439.83684
608.02869
685.97961
758.76399
818.37855
609.6305
961.77643
1007.8057
1089.1581
760.74157
867.55246
943.59876
977.14924
742.90869
603.21297
472.80274
777.21719
914.74942
813.31596
776.74589
567.5032
641.4151
536.80112
827.97903
868.4896
877.46943
708.65228
815.06134
934.99491
844.25648
829.57123
906.70155
775.44914
798.58595
1047.1734
1005.9942
628.39862
652.85947
660.80379
712.72431
968.13054
895.00826
866.06069
818.38678
862.87181
842.49258
907.83855
1235.3631
1167.2537
550.24461
699.02045
806.25787
683.48131
873.25145
767.06161
896.18694
812.77003
856.12491
843.59209
876.41793
604.70529
924.58064
643.42459
715.98094
1002.0047
822.78964
1062.6563
734.2083
870.92771
654.5682
870.9149
888.25606
766.41581
481.54477
943.72879
884.01369
827.63951
907.7475
579.31616
627.68133
633.53091
567.35263
1128.4999
860.1309
967.94155
720.42855
780.72307
964.4542
1158.5305
1175.391
1109.8207
721.0618
978.46826
876.34989
552.38016
943.26651
792.54066
818.91355
493.03801
812.92914
793.85901
540.1105
781.25401
837.40135
930.84414
856.78257
941.50579
865.46729
943.19523
921.36143
729.48317
932.1268
963.30615
831.51306
672.3709
796.0436
734.03582
803.116
680.41821
772.7803
850.45461
744.4169
538.3015
809.82331
753.56186
759.80457
786.24212
843.29224
952.4991
691.66667
625.68176
741.14876
743.37876
775.46288
790.49533
746.24964
1007.37
1020.1353
763.17072
778.15913
1161.9073
952.72256
1094.3988
916.92237
850.56092
720.93495
658.7905
678.58707
804.44981
900.21478
925.65526
944.57962
716.69527
692.1727
816.94589
914.44787
770.30598
683.31682
705.4818
666.36591
831.55634
792.31114
806.89697
652.73184
566.36515
849.04797
688.55773
915.4536
694.3206
823.81246
1255.3332
771.5448
676.94336
643.13109
896.08984
827.4905
1073.3282
804.566
826.10092
674.25328
780.01147
607.62294
763.04101
926.71411
835.24642
967.35733
734.20106
671.9941
739.86626
684.21397
605.379
712.03446
463.56466
573.91551
919.60306
566.2957
595.46967
936.91611
867.67732
853.65092
891.15657
628.17614
634.05335
797.60033
867.98266
942.89183
687.7511
905.28439
625.41335
569.6941
657.55653
670.99666
499.68519
534.87133
716.85078
658.35237
668.34678
792.2292
691.39065
757.18806
771.0399
739.27607
598.52191
828.7136
779.05937
949.02993
822.41145
820.40535
787.58371
767.56678
790.5845
700.42523
741.72036
704.32411
897.83365
1056.2994
818.07015
594.67972
726.8972
833.45827
832.19767
758.07256
773.5695
901.22225
758.87203
763.92099
813.79423
879.49604
723.93677
571.60401
859.27341
755.80218
803.27827
835.70889
792.30435
787.74758
595.52284
1073.8024
949.70533
791.81488
719.55576
673.21713
684.54834
733.70493
838.92354
679.50253
845.29482
808.32126
587.51935
888.0103
875.71825
736.27308
1048.9722
1219.987
695.71403
815.02392
850.31563
781.89953
694.50039
952.61749
711.05729
914.78032
746.6637
615.57048
534.97617
782.69179
794.2149
901.91955
731.48372
670.56016
679.3541
628.2854
755.79988
555.58718
940.63386
567.67981
806.14825
675.24649
548.71503
385.68944
510.01275
565.18568
689.94558
861.51749
870.07082
818.16725
1017.3591
832.14092
936.39334
722.67143
420.69302
779.80632
576.38439
896.96438
848.05523
837.53581
821.66238
591.88604
728.7565
796.29737
676.07183
619.73533
1051.1397
576.77718
911.34804
378.05462
659.76387
625.16182
530.32571
673.74922
817.30775
972.36957
831.50404
861.05044
765.26583
813.13022
905.04129
752.84475
980.26508
665.62844
901.56703
550.14615
744.6823
795.35487
608.46162
612.25886
580.46596
545.64736
590.83853
613.646
725.16891
629.2414
457.99278
521.0551
705.82833
660.01216
1004.0961
697.52628
635.5005
724.9851
671.83464
697.05419
482.65178
669.00838
600.54288
416.25908
530.5597
938.29977
669.17729
888.90014
749.86276
667.15796
621.46701
885.76784
658.51725
732.6242
753.95461
517.85559
730.22251
627.02457
937.56083
735.48596
980.73374
700.02013
912.03975
937.22968
898.28017
958.55789
768.12485
749.09794
1030.8759
773.77226
719.96257
871.62295
816.14473
799.58853
910.69789
750.3126
927.79071
651.06826
867.7094
804.21544
597.7256
283.83282
411.04356
798.02052
865.00742
1014.9095
720.19511
772.11332
843.27569
725.97906
1274.0478
1258.9425
1231.4813
695.2089
928.73122
844.39794
728.99206
619.13945
607.74651
651.33533
872.31351
680.43703
752.93242
681.94331
554.97028
542.64924
614.5426
480.87018
837.71048
749.0966
565.96987
773.121
689.06564
423.85055
576.27896
425.68591
747.15009
825.19045
603.53744
527.32265
987.25608
813.9509
656.0869
587.03275
855.58425
798.28478
739.65439
687.07678
664.63586
570.02965
579.44215
540.92778
743.39001
605.37818
621.23576
577.80719
940.72878
809.10671
389.5775
463.39092
448.4986
713.69139
737.79435
842.59698
899.81454
867.55113
695.24768
459.35069
503.59365
612.66552
817.77749
786.31817
591.61752
735.13298
420.24935
692.99283
778.34605
749.77346
667.19465
623.01731
647.41357
461.47833
586.22725
502.74739
709.27238
626.05328
887.852
519.4154
623.96162
706.17445
769.73573
489.20726
349.958
365.00886
640.93669
552.93634
262.59493
676.11786
635.77706
736.98439
631.56813
687.38008
891.67687
910.69222
878.20336
775.84907
621.29538
720.44794
654.89737
665.8
641.54503
610.46677
624.6516
717.19359
424.24595
758.68176
660.34251
264.08152
809.85584
850.25258
866.36474
738.17185
843.19169
659.84722
580.19729
696.31528
636.73147
853.06812
824.48915
652.05361
951.10548
712.01028
803.97893
818.58203
849.62903
803.86323
672.22822
734.27374
786.76687
814.15336
721.41151
792.91557
1062.8782
674.91555
874.46184
835.64676
773.4706
691.14246
961.60811
958.38893
831.69804
920.6118
844.63779
670.08452
1020.2819
840.76179
798.8349
771.42681
510.3351
840.10635
601.92565
628.4552
868.99942
722.77903
883.30883
739.3091
829.35569
486.94782
588.37963
752.3471
989.90657
801.38168
643.30629
630.9885
552.71335
740.99039
650.0874
597.66558
815.05167
975.2885
630.69065
555.10331
754.6823
752.59069
893.49775
566.61044
693.94854
600.80906
471.00021
640.53075
671.67786
707.60097
523.26162
584.63243
491.58563
668.30465
803.46118
709.68713
343.54232
422.99186
410.08847
518.52913
604.24258
781.15871
868.08176
659.35854
801.53958
762.09747
718.09761
468.62628
769.86176
510.78627
787.01822
835.42977
621.20152
839.23513
609.48397
713.72442
826.14151
838.37717
669.01862
782.25646
789.32784
779.245
593.13555
689.95151
686.51882
771.14043
586.17869
835.27595
629.63608
640.56993
434.74041
598.46151
460.974
472.40365
786.91831
472.45927
753.74184
482.35011
533.85184
360.70557
771.0411
603.68768
661.18747
1056.0205
767.13629
699.4846
713.06514
536.80677
700.5051
698.13191
791.42544
751.66234
766.86406
1012.7162
759.48135
675.93138
674.5609
839.48731
1005.417
912.76163
922.07753
650.20102
960.55668
372.47155
774.50761
888.31617
821.85253
870.96181
681.52502
636.67271
821.11312
702.45912
798.39892
930.24467
668.9733
448.55241
805.47346
734.06267
916.6655
639.33728
708.08498
687.28661
983.60397
757.47387
846.93088
710.59715
953.04165
851.25609
479.07037
606.01515
811.34334
467.00556
501.80683
488.88714
686.46
700.51463
539.06157
767.31488
567.39626
517.61963
534.71433
651.68351
706.89494
508.20193
863.26132
654.58409
774.85803
730.53152
798.14142
846.82879
814.49355
698.10874
770.04509
596.67393
787.5381
504.49719
631.95396
768.29762
607.45782
692.16537
739.61398
715.02074
646.85209
904.74928
812.82246
819.74348
853.13985
708.14381
653.00843
741.56659
714.68359
580.09908
697.2412
653.19504
945.54842
781.47363
729.99654
899.56453
526.07836
748.57531
693.55026
727.38334
671.7206
784.76689
1030.6772
757.60529
863.59739
476.97825
591.53838
547.54482
640.81398
920.12755
597.46349
966.92982
478.82177
938.86547
791.17443
124.94827
368.25547
564.67161
678.57139
813.3023
686.7427
666.48911
709.79444
706.64091
777.70945
570.5696
507.24526
434.6173
378.16266
562.00213
473.6137
755.37685
738.98544
672.51152
782.13593
559.30391
481.96207
315.11434
558.36448
825.76055
574.53633
539.71659
500.61326
467.42581
783.88701
836.62487
766.64715
921.45948
663.05379
343.04589
375.50986
479.62183
441.77079
373.64477
640.97806
707.97902
627.61204
589.81793
647.67582
467.75408
832.75356
654.33125
389.24308
449.35678
398.60998
590.85991
516.05944
656.32295
540.10745
737.57066
693.86102
580.08062
638.52597
778.33628
892.58518
1097.7894
570.5027
622.37196
703.97123
576.58377
686.01335
822.80622
663.73517
659.46287
901.77195
634.8378
606.7765
493.15322
722.3573
755.43852
638.73839
636.07646
682.97849
838.31065
780.85398
644.794
637.86119
487.78157
464.2815
799.3925
601.44213
672.94435
600.37795
671.20586
633.04939
713.9659
928.45335
342.43164
576.43432
783.53799
786.72546
624.76689
604.17834
720.51238
554.7761
1002.3352
427.8213
602.90173
636.33771
795.19705
452.70884
617.16615
615.31726
779.61553
1021.5102
768.99734
808.70096
648.99432
620.70296
873.07949
633.55551
648.01725
789.34674
621.18391
896.15989
888.71887
670.21613
742.17058
700.91657
535.33078
646.25003
546.16073
758.06014
894.74319
743.81473
664.1922
733.63763
731.36946
633.40339
689.65164
757.14489
499.66092
710.15867
735.04504
382.3738
701.55301
632.82852
240.92986
323.39688
836.98434
866.97803
931.00367
880.88121
608.00457
687.6811
365.09609
525.00129
794.21347
391.6791
390.03925
402.86715
750.62027
637.68396
341.19473
627.67277
659.91611
413.71167
422.12644
717.28804
767.54448
602.43969
702.66424
756.86165
918.36983
621.23872
769.05993
568.22956
673.73757
920.96911
791.9552
682.66103
1042.2509
624.13581
709.2182
772.6292
811.36409
702.34277
420.43894
666.40153
535.04101
671.91585
686.5038
643.29982
713.92412
621.86679
860.99075
867.21188
904.50691
624.48736
892.8027
718.45891
511.09834
412.36738
376.85626
499.12061
515.51967
546.59154
568.09825
731.79022
672.81619
500.14422
378.75788
608.07083
744.03899
654.22807
737.66442
579.58262
493.57308
442.38278
611.42845
541.19049
571.32994
629.50338
377.04557
646.11311
555.65525
548.14002
621.40575
755.29375
461.09027
447.84511
575.50463
674.06555
861.47961
642.29206
616.88582
636.26687
752.76152
667.10646
1090.8577
940.23292
497.22581
546.76201
493.31726
658.12434
718.94932
637.8512
921.30576
377.76239
705.4641
638.82646
591.40279
705.48335
700.6217
755.12096
365.93363
690.72616
523.41413
552.09891
651.69097
602.07431
868.16224
753.98319
526.77147
564.9253
383.45688
613.46037
434.11788
742.53999
823.40222
428.95114
733.66984
747.99394
777.34014
565.57082
489.61327
690.86064
845.79013
490.10557
504.18444
850.06466
653.76527
358.29976
831.05124
647.55602
687.41757
580.37392
652.57854
692.86797
403.69174
634.70904
766.46651
464.26051
481.55691
405.92582
655.47681
527.11736
562.63006
504.24994
651.89977
793.51764
760.02693
325.31663
769.63631
700.25815
491.74844
631.25407
774.36921
520.90206
598.05635
579.99985
714.4916
542.8142
409.45678
640.95835
525.22043
519.86798
709.45278
671.23432
999.48778
789.95353
823.42882
705.17799
546.38613
393.50825
410.87728
346.69341
414.04588
549.83128
609.81494
643.3354
691.47252
620.70064
537.79275
484.49233
673.94323
563.89381
613.53928
462.73694
788.2959
699.38049
604.18808
542.22146
591.89379
821.21289
378.66552
491.37881
604.10903
562.15537
725.5225
627.14728
850.51759
539.13968
467.09333
648.24116
806.17224
679.31032
789.04059
854.27518
872.83378
429.88711
979.23269
669.60357
860.1635
506.33584
671.5324
672.72153
576.09794
499.66143
359.93994
499.2403
615.27222
703.07784
720.78211
764.68016
577.94094
141.93797
483.93252
581.60587
593.03579
738.3332
658.10807
448.53629
590.13655
557.71481
689.84947
703.05916
569.5824
551.3639
494.4306
313.9536
696.2212
1004.6502
407.48281
471.48282
451.63087
715.1939
687.33576
547.98175
619.55427
619.83048
780.64353
457.52444
487.6337
484.89263
385.83482
390.59644
404.26085
640.13573
793.62367
726.50163
568.79879
364.6652
475.39703
336.38764
612.71382
608.95158
758.38958
387.34732
649.43012
529.60757
654.53802
692.09396
759.34243
672.83943
458.21179
589.6522
484.05013
898.74284
663.72325
679.19411
557.96281
533.86642
815.45635
646.9128
554.49177
610.53078
628.518
693.25056
768.34577
732.69509
499.83864
576.1237
575.94151
802.44496
583.81557
652.81615
803.76395
436.49369
337.17366
679.95496
530.097
658.68036
804.62977
488.90584
494.62874
854.66233
605.45513
641.21573
573.19338
685.37368
406.57943
419.73807
600.28347
507.09439
597.60137
1009.2097
882.93814
871.6118
745.26239
562.81839
489.21625
510.96087
591.32241
556.73482
667.21582
491.36229
847.67038
681.77151
708.08049
651.13616
501.84339
554.41831
611.53261
642.68399
521.34881
543.83769
712.75612
483.45335
723.3289
582.77298
620.75552
527.98546
650.56326
622.94095
759.485
678.41011
603.20053
612.11827
528.56
421.05577
447.49787
560.95835
718.82582
414.55484
582.07414
644.83744
709.71498
431.62178
510.72152
491.50885
477.43475
713.66895
479.74095
545.11526
803.37385
807.25476
791.44581
670.13946
924.30563
623.692
651.36751
447.30285
863.87945
112.89356
787.10166
730.19304
784.15505
553.5369
469.25697
669.22994
556.1873
591.83207
1002.1541
626.40725
526.95282
543.42866
441.99842
582.36232
489.96942
758.25527
896.02249
272.01266
564.30589
336.50289
673.45679
980.03252
740.15162
780.43635
443.23361
534.24894
927.49877
632.66994
630.80404
647.75629
710.25244
579.49844
633.83653
566.46083
604.89403
803.99975
614.79111
816.15924
539.03101
622.58286
703.42622
707.39072
663.33317
580.40591
623.56917
716.92001
487.02548
472.83379
612.20354
742.14343
732.41825
471.75797
673.63099
481.34095
708.7073
680.61187
756.34775
440.62949
635.71126
308.01713
413.62768
775.31056
525.649
837.6308
859.80047
698.43722
779.12342
673.70629
528.89706
683.72666
601.73711
768.76953
842.26567
701.82961
794.02222
760.06682
432.65331
641.23281
377.82233
416.58809
642.6599
348.32413
584.41528
622.03372
733.71642
614.6975
851.70328
703.63368
456.54567
387.29461
450.92136
542.47302
626.51233
750.27686
917.00421
400.90732
614.68994
353.30951
310.80221
738.48899
759.7819
413.43635
695.79524
678.8736
562.32862
609.03338
537.05596
691.04166
552.53514
568.55935
546.71045
630.14003
696.85038
474.30959
779.06181
713.9756
754.42521
598.10928
582.62381
726.62193
641.2046
735.74981
451.81909
163.14657
495.30195
778.60191
560.71556
598.52839
528.62898
532.10569
618.59135
696.87667
409.53041
223.54886
709.01606
340.00309
646.31095
391.43489
174.34778
155.583
546.12941
799.48977
495.14155
633.91148
530.86283
478.05124
264.43625
375.87129
310.21012
540.84191
230.50241
431.33845
648.17896
555.23199
619.95469
545.44069
598.30232
786.96001
744.13741
841.30336
934.43864
667.71869
727.08465
736.78664
423.6797
427.8348
661.69552
708.74483
1077.1219
677.23293
683.45061
855.50776
822.58807
910.80987
496.98166
452.86331
674.74254
854.35143
594.90265
583.96674
714.13321
416.12239
197.90807
616.40606
564.55639
580.22978
837.57987
624.94342
699.00364
558.44559
632.99172
737.63017
783.20316
568.84173
887.01286
484.04096
766.11884
437.96892
576.30049
553.64874
629.84256
595.34634
460.39909
790.20308
559.15022
608.87171
628.97497
628.39973
727.96065
606.23357
692.37273
789.74264
428.12297
766.06993
587.87217
393.34372
573.9656
574.15281
354.48596
646.02362
429.17491
359.5477
500.23905
448.30169
212.76988
436.04554
529.13906
235.04858
669.43078
782.04686
861.47342
791.01432
430.07259
739.64945
712.02401
566.71117
575.78641
605.1684
562.61046
791.44995
585.75456
397.85312
804.9584
736.00209
734.15957
552.87337
344.8859
687.73768
394.65739
692.85987
689.36096
352.50329
491.77712
614.11393
545.68882
393.18734
539.67812
778.38188
390.91348
415.53231
324.55125
131.49261
527.4244
576.26191
479.00357
624.39156
467.0219
529.41044
752.46092
702.33465
587.17546
621.7179
228.0896
440.3251
514.47876
579.95082
621.80077
538.58714
370.15905
497.23297
532.06368
838.19174
650.30922
627.82155
651.91441
577.62573
469.52613
783.5305
743.7691
548.21802
811.8654
630.86532
662.34267
274.24109
539.65051
816.74175
510.75894
668.27601
447.83334
596.47709
676.65999
777.62703
755.01849
517.41383
658.83146
718.35264
486.40501
849.38583
316.14583
583.73212
430.58653
547.46407
679.20058
561.077
909.23545
595.44329
518.08239
588.93913
733.51831
347.83317
420.98116
316.73996
639.57303
753.58762
661.95744
779.24888
607.3498
325.09194
424.44963
675.18363
811.38902
555.7648
516.13286
546.15896
406.9701
577.4385
535.63981
539.20528
396.16271
701.74669
764.10392
497.65141
660.47389
536.61054
527.4279
591.23248
521.33865
399.42765
675.59067
390.49851
640.20367
713.53795
536.71088
517.39781
427.60987
461.32274
505.58957
623.71563
671.98997
650.52457
196.36369
193.98431
530.51777
479.03161
501.68446
494.24987
516.16618
316.44541
285.10761
377.49535
366.20016
303.41814
322.38328
198.42082
0.99003226
397.86246
224.46834
328.73359
480.03249
449.52245
438.2042
627.1691
551.64843
316.66987
527.42898
436.98182
581.9176
430.29437
457.03026
508.45267
438.79694
564.13114
723.07476
422.7777
478.71776
654.05865
787.32026
553.10565
621.311
656.74847
648.60035
556.60755
696.80836
455.33921
327.49485
503.58992
468.12148
693.81243
423.65635
585.90238
570.96683
448.33038
366.35871
715.54463
453.41857
641.16838
644.0539
366.49575
440.34656
487.9397
551.46452
418.74464
757.66459
645.55403
525.74025
420.72239
414.02968
509.5797
603.86877
619.34101
589.37963
838.83637
525.6102
688.80686
620.87602
866.06478
782.5094
333.07089
566.16372
471.95394
575.72071
802.08055
569.49489
584.83441
380.93133
640.56021
345.97964
215.72111
267.04688
580.16535
579.1875
803.05091
766.02331
686.08751
689.49671
586.90859
583.93687
920.7324
722.95329
629.71478
484.30788
486.26007
489.68881
489.57254
714.89319
759.45011
759.28199
526.84478
457.6687
587.15994
490.31267
476.51465
780.29837
814.73841
775.53763
525.9847
605.52636
462.4795
494.99832
759.25357
593.08543
766.31239
665.68178
364.24419
701.81337
698.62221
349.40541
208.876
492.22798
627.21074
504.46692
397.46997
395.10489
710.1673
690.53495
492.11628
519.11311
585.38733
551.22428
491.56587
572.7677
324.21332
646.65733
538.00629
513.45559
687.82246
518.76959
413.73688
574.33546
438.77763
400.14591
484.29177
635.52652
647.69391
422.37919
398.41701
338.13609
511.1706
513.37556
732.81308
859.51411
366.64849
369.15819
199.15961
451.83842
493.24952
307.33876
649.64059
821.87539
457.8306
359.15875
545.04254
477.35328
438.94917
663.58923
627.24955
561.17072
645.46871
504.64876
513.80307
377.95996
434.60015
566.38343
410.18897
622.51842
413.22559
581.02745
419.9941
706.70558
683.35682
455.51896
503.45775
416.77466
784.63306
451.95096
236.81006
233.52772
544.19955
524.0583
399.54976
627.17102
417.50217
428.09468
278.62029
457.99203
557.43971
610.06502
559.18858
616.69457
822.75109
457.87701
651.63737
653.64242
700.85373
712.82463
675.97491
435.29057
617.32563
851.27624
691.33592
677.79238
647.36054
549.75993
499.99276
487.92164
525.51564
560.67497
632.16775
626.83047
543.28564
557.89037
511.2479
604.93472
618.03815
702.46528
582.2793
485.53194
274.20152
79.617524
736.68509
564.04945
584.46661
400.28423
333.01999
785.93993
778.47639
396.14899
320.12212
322.67383
550.24527
362.55631
177.46683
377.73288
674.66725
463.26039
339.86409
431.70827
622.41333
651.47718
378.79421
195.51494
502.41714
306.88456
299.25618
595.09883
340.01233
621.11921
456.30133
712.49313
245.82272
687.71872
632.1239
288.19819
441.35591
480.47426
325.07829
639.34071
595.08204
667.50352
831.62954
476.07353
451.93778
608.91269
327.33373
297.51624
817.7004
538.43515
462.95508
274.48541
623.5161
592.74558
427.81857
571.83205
709.20798
606.43073
664.28873
390.31573
506.03747
478.7219
391.64226
630.09021
406.84772
391.65796
770.47357
643.27037
508.01883
354.0853
535.6374
648.82774
858.88533
677.6442
570.94051
402.49114
538.7719
381.13797
233.78085
580.04812
450.82394
826.96243
786.83185
552.29309
419.78015
353.88101
540.69387
598.69925
580.27603
525.21391
363.05558
577.69068
703.29377
554.33237
798.22501
670.92509
429.38411
545.49612
445.40262
503.76253
443.92912
499.69263
437.60372
498.82729
456.8371
433.78894
463.71209
425.27198
607.64599
692.22845
1053.8389
730.94333
728.47281
716.11524
234.60483
434.24713
360.36825
702.49207
565.89647
572.65614
532.72268
341.20161
380.14042
649.24349
733.78857
657.18063
495.91078
515.82295
474.52259
359.82084
683.5842
772.09163
652.93795
292.21955
315.0883
609.2691
719.50163
862.7872
446.49881
427.42124
788.87191
647.60788
599.66653
497.19648
761.67587
351.74597
368.15365
502.68852
700.17303
766.18351
680.06542
807.72932
733.2955
748.99448
550.38558
550.35087
568.44493
559.94474
421.48785
390.47105
836.82453
490.84188
433.94286
524.58935
640.61326
689.90796
753.77535
339.17769
705.09617
654.69371
530.9811
711.02263
583.90406
721.13325
694.10821
456.61416
576.64835
746.74046
880.88919
660.88101
1085.9409
574.23942
439.60975
325.45843
491.89702
628.06101
698.53283
733.47924
755.70062
722.69225
782.74301
465.0984
582.20951
450.32002
558.87542
656.42439
924.0954
795.96612
565.66073
559.6204
684.46989
465.28237
243.70327
546.76645
507.30402
661.2456
643.81575
585.94602
591.57237
560.47925
716.09693
463.71153
760.71655
507.74564
755.93803
593.63834
616.9916
373.96114
487.80366
741.79013
550.33608
767.148
402.3188
637.89216
431.09166
519.63231
433.95773
925.94592
857.91183
950.43945
440.12673
477.43499
669.62083
417.3099
416.89878
497.00925
809.93059
700.97282
630.54891
711.9823
643.12107
613.87394
567.32374
962.05411
608.52304
937.95157
697.93986
423.02742
130.80847
755.76011
662.48341
512.67625
603.24892
1004.1186
749.26815
549.89758
486.56794
488.55231
413.3479
551.46356
449.96567
847.62252
684.49934
635.03543
714.71914
440.97828
645.52757
416.76466
691.68766
533.8116
416.47072
626.63886
791.65548
877.11278
788.72924
730.43953
592.88965
747.77073
640.34664
575.82725
694.11411
570.9386
652.02771
668.55638
966.95223
845.91539
547.19055
800.31955
620.51383
691.15768
683.31402
452.51083
682.83859
583.93298
512.20292
343.5577
933.8145
490.62409
747.78963
360.95739
234.99338
317.83404
752.71017
744.50061
571.80022
412.15124
552.5367
664.9092
615.31632
597.98511
697.44663
450.95026
519.06316
763.6593
736.26176
556.1196
630.29566
341.54789
394.82496
560.82333
566.48823
748.49876
548.75244
785.47561
684.14314
541.94202
202.43319
431.99027
639.61405
497.60973
683.03901
636.53932
571.36387
447.95039
438.60525
502.92595
532.43082
656.23936
446.68122
865.29114
721.39897
432.71942
373.71866
638.22924
369.28155
800.73977
546.51277
550.01436
694.5884
574.65399
446.59029
728.8312
377.75066
380.62043
648.74352
526.08785
749.14599
326.61523
440.97026
349.39974
590.21955
547.32949
548.68314
296.56405
705.97373
344.39291
515.15979
216.78715
734.32928
648.52387
420.55702
495.49985
599.12592
546.21852
502.5232
510.11885
540.70278
644.4468
617.54069
737.43683
795.12984
752.68173
425.04133
562.05499
609.73781
567.54017
483.72928
553.32738
641.88789
769.01419
409.68577
498.12976
511.64465
609.40948
580.96714
425.76753
589.09879
743.61681
560.68787
420.02986
772.01262
631.38788
540.09183
360.82292
315.48531
443.59135
315.91635
292.90598
651.904
491.4674
650.33497
618.82044
716.53488
692.58049
765.70157
533.60651
325.84954
715.32213
442.95312
469.66756
395.99945
758.06969
460.97286
367.01468
424.67249
564.58487
629.56087
620.87231
773.264
534.41448
640.33515
388.48845
307.6911
575.74838
893.24639
314.90008
754.30947
692.51061
325.30349
357.07725
348.20109
453.60102
499.2223
616.83085
671.57039
796.23257
298.97998
851.40154
220.07846
279.04151
515.32119
853.89031
316.89073
474.30946
377.56748
557.58813
418.84944
493.17455
677.37078
492.54635
494.526
585.92319
428.78497
517.48125
528.20035
495.30541
650.68366
560.25439
464.16755
514.45325
647.82122
622.46277
546.24531
513.59184
543.04726
432.77922
531.35712
554.30699
662.70087
682.85475
506.40854
743.5579
405.47367
572.39818
705.37936
641.74344
765.45127
777.35728
810.79571
725.33409
489.95479
539.06834
388.93434
685.90656
507.0696
587.0058
744.97856
512.60024
659.02992
917.93821
671.73834
792.03678
717.74888
645.91529
444.08526
659.8041
615.46728
625.90878
605.2787
673.90425
558.37971
764.93911
551.23617
575.65822
465.05373
447.67476
606.71792
509.29638
357.50717
467.75247
656.22267
385.45065
576.81281
787.34749
573.26892
565.63336
912.59648
518.60407
624.15843
375.19905
798.9953
516.70664
559.92191
730.59903
533.33309
720.35047
442.14872
714.69622
666.29305
583.23922
523.28009
906.36328
547.96245
592.47712
543.57259
230.41872
518.40998
676.8794
720.27997
899.24128
501.38741
641.86704
687.63459
554.35155
400.66666
329.60758
474.27374
592.24288
781.26794
667.41246
813.37692
655.74825
655.5204
691.36857
679.9199
745.98181
602.39598
479.58671
525.63083
435.49103
641.13988
613.23016
497.87303
341.97724
594.64897
414.51824
546.63954
743.14043
600.87955
500.63354
509.66037
591.46343
749.6858
697.56921
683.81842
573.92631
540.48929
647.43885
623.92938
464.6492
319.50365
300.74131
482.04213
539.53717
656.80077
241.17391
533.07587
706.71045
603.62408
366.10447
425.22262
666.12139
749.31911
765.07575
527.93409
519.96384
371.98085
293.50868
205.47971
230.46741
404.03022
602.09039
269.32072
538.27171
676.15624
739.92457
694.98733
492.68305
430.64571
286.43653
474.77946
414.94606
413.50452
510.67483
510.27987
440.95282
376.16584
540.04514
540.45492
626.00925
536.52881
456.28197
687.37295
551.66212
477.73818
368.50834
588.38415
608.27851
-19.216991
189.40411
619.19155
426.88953
542.67079
633.45145
626.22779
531.68067
556.68261
528.08489
586.83569
617.29686
683.75612
439.61467
759.29609
624.36308
410.15856
700.55937
762.8052
704.57762
581.29407
613.37587
466.74573
752.03283
597.37555
635.5855
772.48007
464.93229
548.17087
745.60319
824.92279
554.43848
696.34512
567.15363
581.84988
470.89403
763.97561
681.28754
785.51486
535.13447
661.53061
593.80596
618.16762
854.67604
752.13269
641.90382
833.55297
666.83879
631.54836
637.64447
374.17435
700.04932
415.75384
677.85849
576.28014
307.88427
493.55217
732.66608
582.66017
635.47006
337.37702
144.88605
656.0797
799.51209
444.69983
712.921
520.04375
769.85153
764.04067
479.58138
471.91785
733.55037
591.86085
581.03493
541.34304
428.36092
601.64759
559.19975
380.68756
630.28883
448.32261
483.1847
780.07107
732.19027
683.26002
482.14421
428.24526
879.28279
543.95912
540.69646
725.87657
564.55091
344.84088
481.6106
641.55188
746.48628
442.02825
587.64667
651.24337
542.55263
710.919
635.05966
686.70087
356.8266
488.15596
460.35068
419.51504
493.71707
312.05627
648.53733
566.88312
470.43246
898.38956
435.50314
402.83868
210.39956
517.9707
615.0089
726.14018
442.52545
375.38428
664.48088
433.75239
600.28601
752.97937
479.99176
581.53469
729.36922
774.74402
704.98916
872.5125
768.06339
637.60635
444.79274
464.46445
415.65161
507.30643
410.58311
767.43797
850.4499
724.92956
581.52558
583.67605
595.02811
511.07387
404.57998
574.27788
783.45944
848.61566
491.37988
571.81495
413.58607
654.22753
768.52035
646.8759
455.66652
889.38806
435.87266
763.80213
581.9911
854.9005
400.44592
492.81753
495.88251
281.27971
611.11123
357.85663
390.99473
559.35244
577.84639
501.43594
499.89676
378.21261
478.46503
491.11035
607.73472
396.32967
552.8783
453.10081
757.01193
588.83156
529.95606
619.51053
599.89155
308.17084
544.38704
331.50004
430.10632
830.44318
535.00748
362.64481
461.25703
159.75233
399.79587
510.40612
431.77259
411.13686
707.51032
825.53671
713.43148
469.53354
368.4151
594.57136
449.50441
751.01371
472.10871
509.93749
686.90675
502.06823
840.68095
597.29887
404.90202
512.2683
626.85969
674.9783
595.25099
473.99017
634.99799
643.00333
807.70635
531.95604
231.72723
188.14548
446.32083
427.15477
373.79332
483.89408
571.40545
430.01264
501.71355
719.62533
633.81474
342.11561
289.45056
302.80029
452.49705
694.30202
489.18581
536.79582
434.05754
324.60547
625.0968
517.13169
406.47381
350.91738
582.80898
556.1356
452.69085
583.69105
642.78867
593.89506
448.54895
340.63731
235.5784
711.59738
403.5626
592.89332
680.80307
862.08244
674.24318
373.92825
515.55333
554.72058
309.67295
571.72352
552.52056
474.72616
480.32295
547.49344
683.38654
549.18002
299.40479
234.46344
623.66501
418.64071
715.45707
677.46015
583.62718
398.1363
498.63106
591.95217
558.69296
273.79963
491.7562
615.28055
644.95252
747.59294
591.70124
396.16792
456.86651
525.91725
728.77746
608.33653
409.68207
845.70371
775.17274
539.28964
615.84374
500.11155
347.27231
575.75608
645.20892
491.81469
884.37045
754.53568
657.25214
472.38945
705.22002
463.31005
452.1831
867.25652
789.98753
797.60543
776.4861
502.56801
546.02524
545.10148
488.26926
650.25501
444.86136
638.63943
526.90929
782.19091
613.85127
646.4843
649.55676
894.22661
723.79273
682.06907
665.5776
521.03287
406.84697
679.46727
512.69145
434.57311
412.7008
480.13688
571.79383
585.04399
314.36477
416.84004
743.24338
201.6983
649.19566
357.13723
667.68364
299.74897
648.85148
493.45847
485.0747
524.39029
356.68905
740.26963
683.82151
672.52705
570.43639
735.74292
498.30573
777.99255
187.47821
298.74764
323.70474
656.30757
594.4332
614.04713
526.4235
469.87313
472.51137
482.31993
779.02465
588.21701
514.86236
453.47258
726.44724
526.28627
550.04323
594.37617
602.98636
668.06628
622.15204
597.13986
680.68023
540.26518
310.97511
468.70584
829.15853
918.65962
750.12276
484.17432
540.12782
597.01257
414.47698
578.81388
583.20621
377.50256
615.95536
565.33075
646.02839
607.37823
301.33937
387.00104
378.90375
648.37879
537.94483
453.80294
525.20955
612.14634
362.35133
557.06893
371.52422
763.54929
580.3802
397.72704
787.21325
581.39788
460.20931
727.37597
502.17399
618.23788
532.93313
930.96827
506.00199
568.18139
688.9587
664.76189
823.48054
562.96612
545.5141
429.92441
668.41027
698.76503
588.25691
475.12432
606.51265
593.87135
813.48578
519.92531
565.2651
373.79692
592.33974
852.88725
791.56088
543.60865
515.29207
472.6991
583.12431
362.98008
461.04604
260.65002
435.44548
126.60166
534.46192
716.59167
472.10489
848.17732
535.0316
473.98386
330.88982
425.72782
527.84623
407.64821
719.38231
622.12702
495.73351
481.39708
550.27079
583.85553
650.53181
535.63076
634.24574
530.80651
741.15683
724.0342
598.02313
507.96744
337.38674
614.71772
725.00307
759.30069
729.98641
695.28815
482.66583
196.04873
561.78957
509.39297
355.29927
301.55607
382.54968
461.62079
683.23851
711.55568
505.07093
618.05323
453.01688
400.88237
546.31492
598.18254
351.59421
504.0508
433.30393
799.34047
472.01155
517.33354
687.1112
651.19301
762.36435
503.14086
529.28503
522.70313
266.65532
377.77894
450.59847
555.47675
615.52807
530.83332
595.03185
294.47045
758.33271
572.27544
385.04286
651.21969
365.34413
579.25669
584.82246
363.79587
427.33706
492.35538
738.49084
577.21145
544.5902
763.30065
603.34024
597.4629
420.49312
596.98539
536.26713
301.29554
383.91899
669.04567
380.76043
198.39471
310.95423
350.31468
545.12093
456.99194
523.00429
545.61028
746.36142
723.06857
688.57254
813.77247
711.46249
561.00487
640.17714
617.21584
424.32108
506.60109
465.52588
790.57288
807.55959
611.64352
409.60834
621.25875
386.43136
756.64082
719.35783
587.69891
353.18964
419.73774
423.22536
439.38969
449.72885
489.66285
564.86909
523.55056
272.05988
385.79406
672.52238
383.1252
600.7049
681.74977
415.14219
444.68807
330.30238
465.89684
568.99275
639.01001
463.18733
490.37259
460.71166
644.92744
701.10178
766.61801
620.17256
698.81703
786.59021
449.08279
794.6244
759.24878
770.19931
517.40836
622.64011
497.08059
929.85208
440.61769
417.90009
431.40788
515.74256
593.75752
369.1118
422.00664
407.15142
310.0214
717.08907
440.40286
600.17504
221.43859
597.17707
809.50661
330.42144
418.76888
571.75534
129.40935
351.53585
531.41695
403.58164
393.33621
681.31126
331.3593
516.13267
687.85058
522.83301
350.72035
293.68339
577.83764
615.15838
481.54293
299.10872
490.837
345.09619
486.72821
538.57689
301.75291
382.94465
335.64539
428.40635
529.54515
740.62379
695.69189
455.47024
773.22158
611.00564
523.80752
423.63185
384.65104
493.91267
493.73708
544.82928
563.10258
594.69111
490.61802
250.22332
356.82338
633.42425
526.98603
587.08466
640.80327
531.07856
672.70766
612.62943
348.8657
178.11582
228.84725
336.84015
423.83805
379.69272
609.19676
516.79997
533.28253
238.34969
541.47734
338.40394
463.33951
459.90562
492.25308
609.32115
596.65025
764.78092
587.10466
248.0996
426.82626
258.5213
565.00583
635.79989
343.29187
225.52853
452.8903
496.12844
628.24686
450.56034
531.82203
401.11746
628.95627
423.48193
477.22781
460.7061
465.53122
420.11484
190.29591
244.26602
634.77428
230.1842
390.27077
218.70529
408.66409
660.09305
608.61045
764.54122
780.20019
693.76448
314.86555
440.29438
548.87643
878.04159
724.65696
541.87689
644.89528
749.43065
426.20064
361.89127
398.75541
701.79988
517.6635
565.06943
574.35904
469.15024
396.96419
800.40643
496.20206
523.55434
691.73262
533.62771
473.89072
947.76924
805.18485
495.43583
201.49802
461.64112
584.86805
535.83097
774.21563
928.00399
499.64156
524.45906
508.47394
433.3766
387.73368
481.05431
383.84927
403.12575
435.80526
541.59763
242.04446
330.5277
504.98042
415.8713
399.20784
628.28412
498.42483
372.41792
425.93902
519.17643
454.57855
299.28206
486.47617
416.65001
390.09564
313.95169
484.70891
690.04747
747.10186
638.63709
433.20447
475.32548
679.60653
684.9997
659.71878
490.78147
414.7235
718.52848
704.81234
490.08026
823.75287
656.12959
554.22365
730.77919
517.34628
521.97582
504.67672
424.81486
320.05093
416.13238
584.71881
453.0205
585.3249
507.05707
541.93946
502.59022
525.3857
589.93102
723.23306
472.61486
665.40158
554.84942
507.45063
485.53082
504.64505
425.67771
440.24131
652.46767
748.08365
422.89341
199.91542
737.73113
477.38943
554.63728
708.78013
493.43506
291.22827
631.96108
540.49397
495.52282
570.68867
344.04672
415.33491
519.76938
548.23049
595.0622
488.18139
419.37105
566.72964
382.41469
494.96587
470.61485
492.26266
455.56346
479.65098
440.15312
713.16342
628.71874
400.1518
499.35343
721.92281
619.40353
348.21073
507.30029
434.57606
546.82328
627.37005
690.70461
569.84651
611.88017
531.33231
437.04988
498.95918
500.2064
515.47438
596.35973
725.50733
641.65511
584.19004
473.56566
535.41798
506.54681
526.41316
273.23941
483.52189
563.81567
617.87047
527.05195
617.17236
489.88555
521.77662
617.75988
367.93769
577.17431
650.87436
523.71083
768.02684
491.77938
534.30169
511.52005
735.05652
206.02735
480.48884
384.07364
504.28612
972.1576
443.82083
508.57136
427.90744
513.60743
657.7061
643.32727
647.89191
676.52593
645.99473
412.10806
645.67145
670.5729
681.29141
901.66589
863.55603
865.05813
622.5304
588.87725
436.14444
517.22544
646.78559
868.16718
644.84784
648.12943
418.49536
534.89642
792.05153
685.62224
747.51107
674.61763
633.84589
609.0607
579.51507
405.2579
350.82429
480.7955
455.0277
611.71494
479.18866
640.06196
397.92415
801.73748
295.98403
585.41128
654.16336
476.85527
740.03645
823.84297
489.07019
829.83684
273.87902
636.98249
526.14283
828.14795
697.92677
646.88086
386.30027
455.24764
535.96604
549.5104
511.60128
486.14435
512.40201
477.35476
598.02213
318.41321
266.22348
247.99117
550.25418
670.40548
303.35304
419.28621
376.49413
380.29587
527.29355
427.75687
575.84459
334.58897
625.47867
387.16249
608.75977
686.69533
338.32852
573.52956
495.62159
633.31534
371.75386
424.74925
353.98159
423.09259
320.87056
338.79026
351.91296
547.82644
234.77653
592.05746
596.8959
600.00113
520.25134
453.12701
375.40109
394.31443
562.35338
632.25832
553.60589
675.4082
367.77383
394.28222
438.66268
367.17898
541.10951
221.65846
314.10009
331.30281
391.93246
769.09663
729.37682
533.47343
391.23763
314.19804
525.40134
411.65311
504.83571
341.21296
302.04091
540.06999
309.08182
629.05709
449.15878
325.64679
400.06734
438.74108
435.85278
583.85736
601.82895
538.55475
425.26739
432.9625
330.88266
608.0086
395.06008
433.01556
276.0252
420.49088
397.5287
701.27832
734.6573
467.52553
421.0211
468.93745
384.67434
616.75379
680.24249
671.29277
575.6712
580.75913
664.86287
556.01929
424.32993
588.72048
557.33188
527.2083
443.04322
478.48805
524.34758
449.76028
498.2739
897.74021
573.38562
388.42231
449.82166
268.2058
593.78924
448.39529
503.50005
381.07086
598.6226
383.49114
222.30051
329.59601
605.03928
787.45015
605.53695
610.00194
331.98821
457.79447
424.38941
419.23987
313.2754
409.27116
272.17225
649.05424
692.12675
430.75011
621.67144
580.49345
507.7093
194.29593
298.12993
279.58889
688.72237
660.93025
633.22501
502.38766
465.76856
9.8176427
228.57808
708.49972
699.48401
719.66073
573.34499
257.02806
597.68985
647.76422
665.66104
538.42168
678.34326
563.82372
820.94212
595.67408
313.26236
532.16165
698.78323
733.40684
533.83754
803.39639
472.15074
688.20665
448.3573
500.05277
443.13568
295.44075
571.32352
698.62396
781.34219
688.04876
613.14408
395.45692
334.54276
432.7176
428.18207
372.96293
455.89892
691.76421
707.26912
533.84863
577.44611
654.10992
610.32444
685.8283
700.89955
497.48107
133.0373
455.46239
431.61994
666.30598
574.32687
361.63103
388.93271
374.07129
590.54645
970.7028
911.03355
482.24873
709.78378
398.81786
546.55213
709.72559
652.41501
455.87758
752.95053
567.64603
705.45298
784.23024
702.15327
725.49794
600.55238
381.63422
406.98631
581.57719
351.04847
563.26381
395.61056
594.29309
385.71041
492.82318
313.32048
202.60547
899.10936
631.41012
841.54522
860.37296
830.1279
762.80937
786.74563
603.47496
475.36899
489.57315
499.65894
519.76579
263.37375
543.36541
504.37285
547.79268
578.97843
552.78616
513.70734
483.07302
534.65505
571.33765
731.39368
303.23113
494.43027
437.45544
244.85734
469.83937
419.42258
452.95495
732.56691
603.76107
490.02917
493.07981
358.20058
409.01668
253.82342
381.52314
502.50925
615.38192
559.39952
451.9357
478.98886
638.67201
573.66673
522.08476
636.67216
527.60478
578.15213
747.40842
609.79607
679.63121
421.54114
333.44549
318.54858
453.71941
539.58662
584.30918
644.12791
571.90272
485.44622
695.61198
323.63698
339.4821
467.97331
611.67893
622.57844
649.12814
622.78355
671.20609
470.10527
677.5691
628.63807
701.78584
603.27159
786.13995
375.30643
690.50419
473.36573
444.52213
522.69128
636.40883
701.97058
762.60545
550.56977
516.93541
829.03163
535.15037
478.9368
613.62767
626.87876
621.70666
654.37696
552.90603
587.64115
524.79357
624.45049
751.29794
471.89353
384.72878
760.14172
530.94304
438.68329
741.73155
310.65994
283.76854
524.52551
663.89742
434.91403
784.14668
524.74474
373.9673
584.74492
481.22188
359.77666
432.44849
798.36588
496.79173
515.96428
575.80743
604.66935
263.22056
462.54842
435.17288
552.32865
530.782
361.38226
668.75301
824.40248
791.71735
382.27702
436.18982
366.25496
538.71397
572.33235
634.27885
659.08079
571.41841
649.80446
345.01873
316.72298
290.30001
610.18072
348.93721
418.35746
642.85166
674.61942
395.06291
557.43596
501.39905
444.25364
407.10491
457.41342
451.30939
571.59837
549.63236
490.03958
458.11138
520.31529
514.6031
438.33784
445.04692
550.01389
577.14427
490.95821
522.05056
421.20866
382.57554
619.1458
488.9449
414.71328
485.04273
477.68426
484.55757
293.45011
217.87841
539.13932
485.84971
696.61824
578.82644
453.31614
412.13003
466.59748
452.33151
430.13457
706.12985
744.68154
741.38534
690.70455
370.41156
252.74825
114.90737
381.89149
697.87271
659.23076
403.46821
605.00212
409.53027
653.85205
489.94199
532.55969
517.63518
302.64642
311.12718
491.74764
475.28657
503.94488
454.49891
447.29175
564.58225
603.17297
188.57896
465.43149
545.75852
536.84192
472.67771
746.38994
514.10745
351.07325
566.09736
386.67255
658.08629
669.81333
718.27976
474.68723
281.25888
371.04394
493.21994
174.63128
189.76085
694.77175
255.71034
391.46309
682.48488
488.04375
426.81334
356.67349
542.45882
354.94017
879.10204
539.78002
472.09493
391.48743
505.28133
587.7096
687.57565
394.16837
557.99864
428.43781
538.82552
287.86123
509.55563
372.21839
495.75915
446.63413
430.54034
522.63639
527.97769
507.75056
539.82388
658.15821
476.35416
501.08232
542.12382
266.88667
406.67392
423.06262
500.31288
371.77923
701.70308
588.64536
736.59194
331.61306
501.67767
381.57904
783.1638
713.57102
625.34743
538.99927
349.11559
451.57547
675.87093
804.66741
678.81002
758.33117
560.09586
560.30787
325.21013
420.6731
110.82322
716.34506
604.80704
700.0955
663.96691
671.53855
323.61877
540.74119
501.31049
634.1277
502.90797
501.03762
284.03997
394.85917
341.62666
531.16259
439.92639
799.68124
586.98058
357.14289
634.12936
718.50706
585.97554
637.75925
607.24405
498.28113
517.54371
731.18205
585.77404
281.77292
452.96814
212.23099
451.3153
599.71852
415.84054
391.78916
436.52981
452.65225
447.80125
537.80847
704.05657
488.59032
348.04171
451.58394
339.15668
620.31831
483.69669
651.03029
311.21572
414.19182
351.83712
503.0875
562.36975
538.78996
265.44496
487.66734
376.99153
552.34784
401.09445
347.33638
717.73454
473.25093
659.87529
448.86641
563.7573
514.66539
309.54946
338.83182
437.92044
319.74847
396.72366
839.13101
703.37562
724.70124
517.74999
408.69832
492.66102
753.97595
633.8004
698.01681
582.16602
446.42983
511.08538
696.95458
406.42301
389.64456
440.17076
377.57548
611.01179
491.07879
495.75278
531.04625
521.89099
385.59642
405.41468
761.37388
684.7904
668.26843
361.66958
593.74416
569.7009
431.73316
819.10356
513.55159
290.96789
692.3923
657.74862
554.18362
414.40875
436.46115
555.19994
445.47262
654.65709
545.2668
765.45863
530.34817
375.76165
613.40865
409.60696
252.25322
235.72544
545.3308
823.68405
510.69321
536.13158
496.7088
279.0979
561.43013
633.86833
659.63954
575.53189
331.18389
378.97483
718.90572
426.61815
614.87912
725.07856
744.47416
637.03888
361.97727
301.27939
370.3026
422.75397
416.61406
408.30272
683.89284
738.77405
699.02905
724.64909
231.87936
359.5946
282.35942
14.408935
530.96505
366.29024
381.64322
584.52165
524.32963
494.21585
275.6115
412.17218
350.84135
264.96667
371.3228
428.60053
302.77931
364.94482
381.25717
586.12798
439.22142
559.00804
715.28779
448.00686
430.10298
45.102844
346.52555
420.95572
750.20129
725.40552
632.17087
529.98189
437.3666
729.64009
349.57448
348.92667
331.54509
378.83589
409.11681
443.55706
381.74602
216.67013
256.12242
415.59488
430.01671
648.73977
440.70063
337.98075
263.70651
389.46864
435.9326
332.02243
350.26253
543.4697
313.41701
376.45856
560.26178
457.22837
375.44431
498.3374
479.013
494.58892
456.18124
390.79125
277.09871
354.68909
196.64174
344.94211
418.26992
610.6839
618.76384
471.75182
473.30996
606.73569
514.18265
580.71699
467.70691
440.26309
222.91002
492.44105
415.24634
216.95872
254.04178
228.31814
279.74315
447.02317
358.58455
709.63794
232.36041
355.91571
306.39534
361.18558
452.3097
546.47864
552.46488
754.42675
734.81501
199.53951
671.46716
603.06259
413.92525
403.67079
371.11896
276.57265
708.90094
709.27008
347.77649
499.0067
462.85051
494.92164
497.00028
495.18632
679.45551
460.2005
788.61993
381.26863
495.77412
373.34898
433.8076
417.0624
428.88855
382.77522
593.71626
308.64307
565.7182
532.3298
317.96209
547.50513
748.67806
596.47702
374.39935
478.86135
670.6859
256.87855
532.22566
845.18636
371.31456
414.88199
449.17593
531.35141
371.55085
580.50504
612.23001
418.42122
364.8608
91.897932
538.12425
447.37462
444.99784
502.0372
481.94709
347.06591
412.15782
306.85739
463.0025
627.58307
508.948
470.4827
303.85857
427.72429
299.47958
469.68196
593.24784
598.20145
591.82921
519.85047
500.23186
472.14761
763.86416
851.17639
468.97054
439.62532
585.51748
640.95859
584.54621
691.66005
333.52379
279.85695
407.50861
460.49131
494.85876
549.55227
468.68403
667.71314
510.81295
575.28342
505.13774
481.24168
438.62678
574.37517
821.45109
377.30299
546.50287
443.43075
385.89774
562.55207
398.31737
358.40144
716.6162
582.69901
523.42373
600.07657
772.00608
654.7618
544.29121
654.66085
431.15853
596.47751
746.30586
370.43792
676.9652
885.84188
446.53485
630.83674
565.40224
695.46515
684.74886
454.85086
543.75039
600.38986
515.59906
590.59749
858.42403
592.95818
610.08212
416.71525
706.45378
632.16498
460.70339
446.37818
770.02127
624.6648
623.60197
663.66042
515.06976
671.87902
714.59076
789.7174
748.32657
444.85155
507.48383
700.63641
631.63123
403.4128
591.54934
372.62551
660.90393
267.159
588.95159
702.69172
513.64834
513.33967
480.81606
257.31632
376.39293
582.02236
626.53168
308.74756
438.4285
552.33582
448.47983
411.60716
775.1194
380.77068
382.8896
478.66871
556.87232
666.05509
517.99061
872.77583
745.74781
654.87164
570.53919
781.32896
389.38746
650.10542
390.80751
470.93417
667.87822
657.221
644.35902
564.63499
583.76626
489.17821
461.26606
462.25399
568.01395
519.82366
666.9208
558.50694
529.54499
419.08765
557.80003
737.29234
361.13585
197.04522
350.56137
383.30758
620.11912
634.47321
514.2904
502.10099
330.97649
303.07727
617.40332
292.30581
451.43417
603.4398
702.45522
554.45296
520.84474
326.17387
538.67328
438.929
240.01491
359.29915
439.05008
437.02159
550.21964
313.81892
418.47388
403.19517
390.39102
318.40697
263.03777
459.85913
495.89628
535.05406
443.677
544.3371
665.96607
541.24292
687.27865
475.16616
667.35253
743.0267
578.18502
376.03366
374.57929
351.21998
414.80228
402.37532
360.47504
615.45827
452.29128
340.31438
336.30537
489.34654
287.78101
375.8297
395.83222
454.54867
737.4441
548.65481
588.82607
376.5263
267.67519
491.39405
696.63563
540.86846
521.15997
426.48265
777.70878
594.70205
550.91086
464.91422
136.49672
672.09028
370.84022
278.65595
341.95763
361.75436
460.6868
500.66699
398.94507
514.28955
403.98776
547.51137
363.94843
756.48606
673.09671
431.90205
524.53
556.42904
507.80681
605.54371
374.96813
593.93517
564.39027
567.90932
341.86061
595.18808
399.12192
326.30043
545.30522
619.22029
743.01274
693.25039
604.21458
341.17979
491.29803
420.9236
516.35973
441.26679
558.95061
335.01979
450.97127
570.19529
427.46315
502.60975
421.94192
338.5711
235.87786
478.43155
644.61537
369.71646
308.16508
610.80361
515.72252
527.96427
379.19578
383.94515
314.23553
254.59473
568.9986
613.10346
558.17627
454.00779
262.61594
373.34031
358.82151
368.43417
648.86439
734.5481
736.24222
669.22436
542.82507
263.41754
231.42897
240.32894
381.18901
235.24609
323.06489
491.14212
512.8828
440.4079
357.00199
347.56344
665.44907
359.65391
358.4111
303.76473
393.68459
494.4283
453.77305
553.34567
293.30228
455.5225
408.46761
285.12428
391.02626
593.39888
729.22637
525.97912
334.33879
506.97694
480.23151
530.35171
559.15717
918.27603
577.28992
281.25583
388.95758
614.24667
490.3244
557.50075
637.94265
530.55204
426.07405
715.28134
404.96501
373.5631
555.79188
536.09855
270.49282
545.7635
521.15631
363.79044
293.41119
650.29526
591.89452
491.10476
493.35261
689.3287
489.25076
457.15758
550.49635
540.22912
573.84471
623.42612
317.32146
347.63947
586.68824
602.45969
501.75355
726.60422
538.9298
543.83887
636.75077
491.55289
672.94167
704.98194
505.07248
504.20448
221.79441
463.67892
329.78267
398.5439
331.72092
520.42231
139.89124
216.2054
472.8288
456.82683
582.05856
387.19336
369.11625
377.04395
396.08243
491.055
489.70705
618.22376
188.53847
615.95067
381.81919
503.84292
421.10708
482.53252
336.214
424.82179
598.03155
429.57828
309.19343
716.997
517.5906
544.49384
518.53514
561.49031
556.05277
196.01159
399.06688
719.22556
435.75915
383.83323
332.27333
516.85548
299.26003
544.13053
387.78712
597.85995
710.31605
447.73042
127.09691
441.04251
357.51425
396.21933
386.64758
462.37529
523.51112
359.34938
523.27423
412.7682
333.3554
646.70498
540.27648
494.78214
331.17996
391.14599
436.56184
327.39906
434.66553
310.41169
214.04093
401.08012
497.3498
318.06639
422.46836
356.54965
301.89553
400.14913
448.45983
150.11446
20.21503
458.56199
619.56806
337.87276
245.5389
239.4663
499.3239
518.74113
325.408
425.93365
175.02862
560.20722
624.59831
-25.453614
159.32184
430.36959
413.56068
315.89808
329.10996
431.79605
397.89736
466.99705
396.66555
138.27509
306.81295
131.04725
192.01578
274.65259
116.2028
322.46472
342.35112
366.09633
559.94852
485.54187
157.75604
232.27777
438.22207
536.81137
191.45402
444.26605
548.03717
460.90847
340.86673
103.75808
214.8409
310.15977
303.06531
295.79567
375.73988
246.81444
154.74069
375.60866
184.22525
248.56853
438.58577
206.00573
514.56707
483.94042
327.82887
414.05074
268.99914
435.1814
523.1447
420.50456
396.53422
489.44882
246.73824
323.85725
583.84428
377.0809
449.98475
317.17126
256.79821
401.70563
618.1128
557.0629
201.99906
256.4227
480.60083
285.20075
317.57911
311.79483
651.83404
152.77586
435.10587
171.95456
248.68955
582.9597
304.61762
252.14883
465.36931
451.24703
233.06276
470.90961
478.97563
283.08228
366.63784
120.58666
550.6635
357.2838
476.08852
283.16697
457.87831
373.9299
548.89365
608.06095
254.22455
625.03637
335.42962
232.03407
635.41361
352.54608
632.1861
627.44016
446.50005
497.55048
518.48672
360.28017
363.80294
612.34527
251.05684
321.5576
415.96055
309.93048
519.25553
388.66432
549.30153
692.22235
642.15704
621.43867
476.04834
150.53555
287.97517
319.97597
463.63496
575.61033
74.216126
638.92532
297.74074
515.17877
473.58386
-5.9410382
549.44494
374.47423
191.52636
233.28582
432.49465
279.79381
200.65061
194.95983
504.97315
132.494
299.37877
382.55237
301.03129
706.40353
512.93682
658.11485
315.71873
121.95792
515.83452
198.8246
251.0702
432.59443
535.40782
597.41806
465.59215
236.58202
152.96253
-96.301402
425.08213
267.27204
217.36442
465.75763
218.56065
104.20592
85.702175
333.40469
481.95318
297.22295
412.46128
175.15464
226.21448
468.76375
544.62991
448.33435
287.14847
398.5908
698.91547
444.63399
558.18165
543.55885
505.391
468.50096
243.47817
397.47301
411.06036
337.35525
484.76686
293.55654
423.31049
349.67081
596.50058
598.95208
264.42403
431.98577
469.83592
160.61491
169.93162
263.05906
338.28838
470.90023
497.87019
477.68626
235.08139
557.56579
634.28866
490.51108
329.9218
311.79539
283.51155
326.51488
532.1562
312.28264
299.6383
616.26851
288.25523
535.00587
361.31278
148.24783
302.70842
127.65867
485.67457
730.32896
325.07194
342.38405
505.67969
503.93765
173.45685
225.67017
227.3629
199.36535
522.39355
476.28011
495.85276
310.13584
172.77432
172.32116
361.45378
123.37081
441.72209
432.12345
522.87048
240.95154
176.39783
196.22623
374.43047
139.91525
477.11221
145.84393
248.16805
329.06249
590.54061
547.76288
528.17599
499.19674
177.57197
389.40033
373.15104
302.11393
427.16544
384.81855
624.78279
134.86482
614.7606
370.96108
246.48955
274.81295
585.24627
517.9323
342.78889
544.28504
346.98554
316.1656
235.34738
169.78553
499.7041
514.89175
492.27969
561.01181
242.12465
51.962097
562.03198
408.55912
181.97437
361.16458
416.58382
428.17233
331.03429
405.92183
374.24269
313.13862
384.08242
550.94911
507.03764
511.55512
343.67649
478.9
425.40331
615.51179
99.907049
331.66573
450.67084
313.86241
335.63902
571.60589
656.7018
488.10614
206.74686
404.78499
363.34465
384.38987
376.89307
408.98514
355.84119
333.98861
524.68515
233.49681
277.66819
291.73399
211.17343
436.57302
265.05474
339.00409
351.06398
309.34636
238.63167
657.07348
248.74003
216.51791
564.43066
465.19588
565.2536
555.12747
475.551
408.25691
320.29742
320.21753
217.95468
579.75441
609.92456
348.64713
527.11086
487.00297
554.96524
372.50698
340.58294
373.12808
364.53381
208.20384
299.78211
459.7568
409.05636
459.73961
436.04303
644.58371
371.58224
474.41961
686.74758
683.35905
412.6345
668.15617
628.52656
502.02764
174.91314
356.61479
252.52677
409.49725
460.14841
482.2987
223.00988
214.11343
93.669808
192.04436
249.41043
315.55993
614.83649
403.64951
396.06803
505.1537
356.9922
402.24982
258.53588
308.90304
312.53623
225.26818
308.17288
445.92188
310.52295
177.51222
380.83135
295.82391
113.87395
128.9374
161.56663
305.24897
278.53066
152.52406
263.04732
484.67982
382.23047
342.95027
504.50426
328.62329
398.58519
548.87927
595.19345
489.79445
73.267179
516.29772
300.40728
374.45193
376.48693
435.24768
592.3543
307.95988
234.26082
807.76986
500.4475
410.38392
346.23748
333.58112
304.437
268.55627
413.20324
349.63271
397.51113
122.72114
402.22087
587.32441
385.11164
292.02589
245.50154
225.12287
341.57601
54.983111
240.59666
184.44718
503.97116
133.83076
429.09495
468.05713
472.81465
487.64765
421.65875
354.75807
348.94057
167.03254
468.21178
340.79795
441.16573
339.06401
548.13968
511.31867
408.42595
335.03558
343.6716
453.55225
442.51644
457.45918
352.65272
340.19286
385.90549
293.82695
131.31769
473.31606
453.46907
345.98536
209.99261
339.38634
293.33432
491.82879
177.56162
192.56495
401.39034
248.67827
355.38876
505.76655
526.98461
420.5121
337.28708
384.89352
539.52657
-42.202175
733.76288
438.45385
562.80782
269.28408
377.0601
323.79058
272.53021
162.97637
323.28878
555.37754
772.98898
611.56765
352.96565
403.05069
360.19561
521.08172
533.66853
207.97371
426.08822
454.61825
651.13811
281.9541
244.09567
304.42756
301.28379
252.11465
455.77572
732.58137
408.91238
173.34008
333.58983
307.40587
124.291
439.35718
250.44137
429.32557
34.086224
299.47597
524.15004
332.47013
361.49976
497.4615
302.03382
-47.457937
193.83525
365.88423
287.79927
440.33079
354.33384
497.85032
628.37957
471.93071
645.71964
260.67035
344.81774
329.09648
414.46239
384.33427
432.24745
408.67457
606.04417
518.67019
482.6245
363.66283
417.64067
593.93233
609.76871
255.48101
486.22597
409.51153
395.2074
285.18562
477.22171
475.9664
453.79369
296.9973
143.27182
175.35763
243.12968
278.5368
574.9042
338.87582
348.22367
261.72729
347.258
422.3377
467.6268
-52.406424
528.55857
568.79808
368.46795
625.24753
552.69871
325.2988
347.28962
390.37903
594.06786
427.08896
688.12257
423.4777
139.52448
362.92266
512.96938
453.72636
140.55117
206.39759
120.96916
272.81609
567.86542
291.44745
527.64491
489.9057
341.71492
664.73291
218.41609
408.58416
332.35651
550.10459
189.66146
210.15445
478.24061
313.68802
424.77003
165.31493
363.3012
434.94706
400.34085
-23.801263
359.90886
451.79444
250.6694
-32.111418
139.1978
222.14412
362.01805
340.37148
343.86953
149.43393
490.70889
448.52367
222.03069
312.29133
31.770359
396.15987
368.07625
615.82599
411.73176
216.45081
369.7528
504.13695
270.49543
382.22457
336.9799
410.24045
527.15012
195.79907
451.07217
246.6074
330.83495
450.46498
697.74739
513.28385
433.29624
197.62839
540.64908
726.13905
409.95513
211.35496
300.75227
446.14177
296.99303
199.37298
387.22636
501.83569
485.51409
350.44509
261.55916
404.93579
517.98057
308.83579
327.32262
589.14175
490.38723
487.25886
368.13334
112.70075
344.47369
388.74987
392.34396
367.67408
259.61211
435.85937
363.61146
182.91283
267.61381
458.8234
498.94608
378.63681
390.49705
501.49832
89.919001
395.24064
352.9535
443.25376
580.36961
262.97459
251.81389
425.90349
107.41623
346.23376
438.56898
472.5807
293.48705
350.71025
97.712124
200.6673
292.16387
308.47348
402.28612
410.82469
377.80713
531.56575
323.66016
117.58208
497.46496
289.02707
305.40007
646.01606
557.36696
333.92273
333.43727
354.1613
482.24451
510.27328
514.08465
313.24117
492.61868
262.1419
432.96987
417.44048
318.30976
607.44683
508.12812
449.55212
103.92202
404.44842
446.00287
598.3321
748.53939
372.28966
244.14397
475.18988
359.1862
442.29902
398.37304
533.141
290.08951
331.23138
466.83801
608.78551
348.16475
397.27848
163.40163
446.51754
425.30734
256.93107
121.72866
326.11042
358.27827
232.76562
337.19968
383.87999
451.48261
383.36595
568.06401
433.74816
296.67887
209.62625
218.98195
653.49304
342.38796
422.77381
494.82007
243.70854
472.99919
374.66609
427.19188
563.39964
696.33812
577.85544
377.55359
404.71239
402.5914
504.06861
487.17668
470.95093
399.7095
102.7311
335.76809
393.88123
446.45212
613.52096
384.6816
275.91807
565.618
459.23732
356.10426
425.13838
209.00997
271.31667
478.7985
305.02711
324.33019
358.35858
434.27148
341.3856
227.4839
312.00677
158.0659
419.05449
413.33192
575.41557
662.81277
279.97203
449.88246
273.43992
527.26493
368.67711
377.87328
348.47792
215.16326
367.48656
245.59681
273.29728
347.32146
594.47627
357.07017
374.78311
477.68146
260.60446
367.64328
274.52976
536.83573
526.21417
482.43115
466.97147
466.45915
69.638009
488.41746
445.72823
420.92533
508.80059
240.63295
258.4525
205.36419
577.46267
407.50588
541.342
358.21213
455.83766
384.68896
335.00714
218.04352
202.34212
228.83319
247.38581
542.94874
335.67429
303.03606
499.00294
360.94368
390.06708
385.09727
71.831614
342.00245
483.37209
468.13364
278.52131
473.99779
528.75518
279.85496
325.7604
548.18495
264.64533
478.37235
533.19721
421.93675
538.00491
152.72869
569.53048
443.78111
6.2452228
209.74858
30.283475
751.86233
584.88575
241.74514
104.59237
175.43665
248.89566
343.95183
544.04084
263.9657
249.41109
312.35916
451.79481
418.93936
399.08403
423.49207
460.43616
215.46497
405.12162
315.62513
161.38006
302.35844
220.75165
245.79606
281.26705
221.96042
377.62968
709.94742
584.82787
382.50305
815.05885
752.00101
517.98773
382.1914
498.70522
598.67211
423.13326
243.38745
534.1511
558.13379
380.75916
521.15945
492.16373
297.80472
407.26847
395.09501
544.47228
791.63137
379.40697
300.78172
209.53646
180.4774
176.24059
342.03248
272.76366
395.37984
376.24762
199.73163
342.59148
370.15793
391.07485
352.7408
346.88605
272.15418
375.60792
307.12435
274.43464
143.13716
360.22768
177.75933
406.67198
367.39756
176.42177
327.86223
273.43211
352.94486
294.94095
461.87483
235.84825
182.56084
313.50131
608.83891
443.09869
293.39946
589.92042
378.0915
350.00214
156.24989
167.20287
449.9705
438.03417
528.20414
299.25032
374.15333
491.75412
536.62842
594.27792
124.50047
226.00407
492.66591
456.76373
408.52722
409.97691
509.4894
753.91527
569.85527
567.90404
399.23759
390.17363
786.76637
325.48867
520.25939
654.24397
470.81374
574.1071
343.22007
246.73337
387.66504
249.78133
560.39891
826.95438
664.26589
343.65563
237.27077
439.27431
278.60521
-16.91533
358.24409
468.55361
412.46059
249.19668
284.64809
190.75546
378.27444
435.81628
343.91154
324.83585
188.63551
164.14755
109.85124
350.04931
351.7498
323.41851
386.40772
479.15272
428.46438
235.05175
190.36264
379.66977
441.18688
400.28166
324.34303
463.84513
559.23408
12.990669
352.79134
209.47494
284.12613
194.10916
222.07846
179.49836
290.46819
482.78812
226.71094
417.25032
263.86571
394.25334
304.55656
517.84294
392.94151
578.154
320.29846
258.49911
173.76446
349.12264
269.06015
347.53574
584.4268
597.44064
327.79894
206.53802
367.44736
388.02141
525.15905
315.50788
353.90224
309.81422
473.30565
49.310813
437.0862
76.801295
362.78781
378.29587
421.67194
330.56866
487.04097
503.27906
273.00497
160.64413
-16.746949
249.44069
315.70599
454.02821
177.36374
351.5205
457.73238
357.24624
597.33163
307.80585
604.70492
248.28582
191.62995
79.434683
348.90521
488.96044
404.90658
395.54097
228.96101
152.44114
513.40973
203.41429
363.05971
186.57523
511.21005
350.17602
350.29527
538.04554
684.38952
433.98213
364.73251
474.08992
374.25257
374.11457
287.83189
453.99869
536.01125
700.13326
432.55644
338.73932
380.1121
319.70162
332.71168
360.22755
207.07868
365.54657
32.014208
587.75199
342.79511
342.28448
336.52888
383.45519
-15.999675
293.28182
417.42799
290.09612
660.75345
641.02319
401.69444
484.80007
152.15553
511.83412
562.28554
362.30474
503.7353
313.22301
234.90331
495.08988
492.08947
429.30954
330.3057
305.97629
505.43
696.36382
288.38568
272.58276
512.79555
363.95222
370.87755
492.92143
471.37397
347.8929
624.52973
560.75274
558.01198
501.24513
466.24711
532.54132
407.78359
447.27821
421.94174
531.38715
347.66787
496.12017
444.05472
471.62252
397.12523
415.94083
563.99659
573.52187
503.09935
652.62544
774.01712
725.31141
460.76579
591.05265
606.67017
306.00497
232.27066
154.75117
253.30403
426.67271
433.96016
507.06929
500.89636
603.22569
352.04383
538.71063
370.25354
541.50629
115.3032
269.55027
348.93033
240.69436
621.20385
367.24388
369.69327
451.17694
208.00668
353.29753
482.72268
635.87772
323.19828
557.63695
346.34411
353.86588
217.96886
554.78666
432.96592
738.39973
713.18379
475.34268
228.21745
412.06361
362.25991
357.1415
579.73378
688.98865
846.65079
374.5722
87.337188
321.40844
484.21455
419.53075
401.91385
352.51663
228.51049
391.71734
369.05594
645.41333
363.7388
373.81546
459.96089
494.40065
444.75005
575.57394
330.35412
281.40161
485.87874
283.36297
557.23802
298.51526
275.15913
299.71937
448.79841
294.95989
561.23811
218.1353
349.11168
279.22466
217.71807
318.4197
259.53378
344.03654
354.94341
372.55802
456.97947
240.45009
145.85285
526.06271
296.79646
296.10199
568.1946
362.58953
356.41157
479.78332
-53.013164
218.18351
429.52424
527.07295
361.14504
206.24778
527.33056
584.40844
369.96813
324.42098
187.83708
413.38134
414.05758
359.95243
381.80068
97.026689
285.55988
372.84601
252.0375
314.16959
304.12832
320.28318
578.79659
467.98573
538.96492
407.78479
408.06493
402.49862
343.16243
434.27327
494.03489
335.62782
198.48555
664.43078
227.76019
268.44985
385.87159
317.33546
644.35509
420.27051
388.42243
586.14881
362.8688
241.83735
412.27162
413.20086
236.50762
568.99816
590.38951
394.83611
224.55588
507.76451
601.87545
352.18883
274.26224
327.62771
607.09783
342.86621
503.25059
429.2931
386.62249
248.25463
160.62738
51.038948
272.84986
389.01047
298.0673
384.01406
254.18839
383.42126
140.29335
466.05073
213.03304
122.1953
360.12269
391.18381
320.36309
278.92841
512.63055
375.19545
268.56159
473.90255
194.74081
265.06305
338.60189
373.46285
220.21651
273.30758
305.70565
87.450628
440.16325
417.48357
347.51651
384.51559
307.30104
186.13471
261.31288
521.88243
100.69096
537.46945
498.3175
239.87734
323.3151
369.33897
376.63665
508.08206
406.05691
646.89394
355.61894
170.26136
237.95767
470.26823
382.13824
217.32891
212.14639
154.74109
242.09101
52.780892
310.24548
132.92351
217.44932
705.41805
363.74029
350.71065
308.86469
409.02223
387.36857
312.05912
367.17592
592.48211
490.21212
393.02918
493.50232
380.17152
325.84448
254.30285
398.43038
476.33091
243.17137
378.31328
233.75372
491.9835
448.92428
212.7559
469.82722
554.17471
234.91486
260.503
206.75247
432.85289
523.49434
228.33145
411.01563
422.62353
523.83649
431.43681
381.63186
430.90818
343.23672
448.04095
424.53314
457.2644
441.34558
804.39852
433.0346
-58.245342
344.1872
463.57709
588.17548
194.22779
175.48609
217.55352
397.88793
568.52117
343.75007
410.33534
599.34506
596.39238
532.72067
312.48316
367.91021
468.07601
419.27636
375.29163
341.19918
410.12939
556.94025
431.00573
350.98106
232.8005
685.72893
537.73946
591.71992
560.35098
266.84105
565.52888
380.38245
652.12271
383.45098
618.58006
357.71581
220.37251
265.04317
442.2434
130.71528
252.82839
197.52407
547.44823
556.26571
253.68855
339.84018
354.90579
230.0619
674.54326
599.16102
408.47841
550.18109
318.41497
451.82251
263.22194
669.03659
476.74322
510.83987
455.90979
276.36012
475.40964
324.15965
427.19003
258.20905
409.44579
331.22141
384.6891
646.20719
427.1031
390.60964
437.80365
732.4882
245.56378
486.86509
294.09036
293.2985
353.94037
467.91019
380.54096
541.13208
674.74823
533.6782
336.23198
559.78038
472.69912
412.98616
458.86254
463.80748
422.19348
524.96459
564.82143
719.41843
278.90391
309.23365
298.03499
405.03435
407.52243
395.12439
643.70855
161.85847
434.90008
170.52003
243.45587
156.78773
184.96588
468.01371
336.83863
318.15855
260.71081
448.95305
400.2365
175.39047
53.683305
561.09119
250.74386
408.99752
566.34444
429.40749
277.88175
64.82791
306.77798
261.74109
343.94542
274.22036
217.43168
321.79542
442.31742
426.11655
241.50332
372.55045
212.69666
512.87458
320.44597
314.54328
146.00702
466.02849
337.66673
403.99409
270.26612
333.71641
231.49257
232.76249
153.00513
309.86504
419.00383
336.37695
350.8712
308.9456
264.64308
244.9646
481.41117
330.87345
509.4559
498.88584
471.79208
368.31212
79.190695
465.29659
56.302457
467.30735
511.59419
402.46698
295.27593
611.4536
363.69144
826.35641
513.63701
567.33974
636.30287
351.80922
215.50776
522.1034
514.1101
582.11826
401.37607
322.07631
403.90142
501.42063
391.54887
852.22704
553.20678
537.98454
269.96235
382.06984
321.25973
331.34061
545.38873
279.38481
311.7171
213.28935
303.40898
8.0012084
301.89479
617.41206
268.17891
574.99927
60.74501
504.18294
711.67236
344.70322
504.46865
236.98319
349.93518
370.04386
320.62353
451.14234
743.38923
291.38537
351.47552
137.84984
208.58018
352.23582
555.27759
419.76575
394.5543
270.02908
294.03288
214.90498
373.89903
239.47412
49.299661
394.18543
383.2057
501.33346
485.91058
281.17954
235.69968
335.81375
239.91558
347.6858
232.05608
741.46916
354.57704
260.44908
316.13015
284.66194
455.22913
-37.696703
203.15866
207.92802
270.91999
424.28283
233.54103
308.01942
488.82905
602.98112
311.21458
280.34149
469.43651
444.65255
649.87831
340.66613
202.31719
274.44116
598.49846
432.55927
309.4392
287.89116
533.95128
541.05706
611.78698
551.42527
613.8284
507.07345
418.35728
567.88769
228.31293
413.45312
358.94957
284.74788
298.83968
396.07891
191.50806
439.79026
520.61566
607.33465
554.54854
324.27774
452.4255
362.62415
484.27786
477.84019
398.06687
471.98914
489.83814
516.18133
571.28899
510.17252
289.40458
554.77147
497.78057
263.38065
415.98534
274.52166
340.2906
520.81085
527.98267
690.76659
542.25639
297.58735
214.06002
426.0623
314.81652
442.54847
29.273812
479.49553
219.28905
304.11042
656.47893
368.90379
519.8866
526.10239
576.04717
330.03499
549.92144
178.22901
338.19308
421.79379
263.82747
534.77492
399.03895
524.86135
369.54943
456.90975
516.86022
423.29416
244.53151
361.03006
4.0056522
139.3936
622.2563
237.72828
538.52249
249.61881
412.97215
240.91081
267.70641
285.63334
198.69072
438.98092
626.38007
420.12559
256.85209
524.13886
371.91242
331.55525
383.69787
282.80965
359.10189
325.47488
128.85533
473.96988
431.26981
362.28057
384.22546
341.36871
176.28056
189.66622
344.37844
316.59334
499.25228
358.63807
317.09783
566.82469
204.63697
329.87042
269.16195
261.86793
203.88318
268.00492
179.02792
342.79617
337.15793
148.60667
387.21326
512.56677
350.58408
592.77021
568.48443
438.67072
448.67831
268.24849
409.50933
442.41863
455.91374
305.73621
394.57412
390.61002
445.44095
556.94526
479.2718
460.93091
130.41643
261.70735
355.48055
342.16054
342.87794
374.93863
485.99675
403.03016
154.98876
428.0148
246.47272
410.95317
285.41731
536.98236
526.36754
-38.095414
22.050251
312.54923
599.9477
412.58905
186.88076
497.88234
572.83183
766.01416
718.75657
236.00071
214.75728
221.67844
584.30893
449.3678
586.73889
389.11983
405.19317
475.8827
269.85268
300.33385
511.08782
394.88073
341.37444
432.59947
157.00595
555.46086
528.77099
470.34224
326.34116
412.743
612.1298
435.03878
490.60413
461.5313
503.44663
300.28756
526.19119
416.91989
544.03141
7.8304082
-5.8097241
389.1026
296.73047
157.92714
283.58879
56.017564
494.78883
218.01628
639.05093
438.0161
203.05384
340.84437
63.423806
311.14376
391.90317
500.58356
617.91733
394.3918
322.07318
487.36568
423.15291
263.49072
437.45738
411.91524
369.97651
417.25234
611.70231
261.09404
443.22003
410.87474
508.48899
580.77024
818.79608
431.37932
575.9459
283.49898
703.9564
358.56362
421.04306
381.06008
297.43962
283.01673
612.0556
181.42076
308.06847
181.6661
426.9576
258.78657
493.57449
522.24809
576.39492
347.73636
427.34266
571.16373
187.14734
592.29031
653.48868
432.72546
509.0194
472.71729
328.51668
419.13224
477.76929
364.37214
266.48781
-15.287452
225.57362
458.0319
487.27381
28.63291
278.0712
446.15451
220.95531
296.82084
295.96133
279.8309
526.63059
239.95821
642.11172
451.06727
391.18532
343.31159
587.755
650.75003
415.18081
741.15986
402.7528
383.71085
499.76646
481.05516
186.70418
297.79222
523.54284
482.17455
351.04782
190.79637
423.82637
276.2827
221.5041
538.46697
333.14502
457.73392
445.65346
342.52976
473.25377
428.45934
273.22863
349.96553
297.9469
100.11261
361.31926
428.85863
502.64834
288.86021
213.84055
339.05354
484.37932
293.06331
179.57447
259.05258
619.30301
126.28476
238.28167
293.10882
462.45866
563.94098
461.59464
386.55328
486.22716
416.66347
220.29848
349.22531
683.51259
444.35824
439.20205
230.50625
438.00265
468.29462
235.1477
478.63693
370.42941
438.98088
221.14915
375.67493
624.97583
478.06691
382.10092
54.459243
524.40065
214.8794
489.79083
349.24699
167.5329
416.43846
418.44726
251.11854
313.97975
377.80386
369.83909
228.80896
261.67457
306.71028
320.25985
229.23729
365.83235
426.19696
600.82955
536.57589
332.38467
424.2395
7.2727446
525.3814
510.5106
317.91174
271.38273
446.1993
430.45496
299.4584
503.0111
367.84379
548.24989
510.29626
488.99254
270.20786
291.61461
275.27176
436.41629
351.9398
304.0248
338.97389
572.82
417.55128
241.55198
227.87954
284.71831
642.1864
383.8113
134.19864
88.294755
282.40983
231.71298
425.86142
401.31711
335.29801
231.75236
151.70866
351.39915
459.5199
245.04873
213.99132
237.48438
249.64459
641.11363
601.22574
493.63266
550.63423
409.6903
300.88639
419.14152
258.91828
335.35944
97.044543
615.71117
402.10937
770.8879
806.51361
374.85168
563.28225
529.04734
276.78684
187.58132
594.20211
602.42912
337.28487
596.42761
360.31265
564.50451
618.16025
440.01882
336.25978
467.12961
368.18656
424.98091
369.40658
399.35815
227.36737
296.75792
202.33847
716.12273
474.42971
495.18955
285.66063
-47.936425
278.55931
354.03769
386.74045
156.58825
332.66235
360.95512
-39.010527
211.35502
124.84729
325.04442
312.21923
476.39259
357.70941
102.16379
430.97604
528.08827
283.26561
75.461377
404.90335
219.94623
389.62238
497.89954
195.23605
159.37703
348.99604
362.17913
92.993838
58.644012
272.74975
441.32387
312.77384
390.85326
333.40924
526.96264
340.76142
450.91664
381.944
468.33459
294.2113
705.07725
432.10292
840.99286
289.83957
367.60122
175.16169
243.08986
409.67796
573.59754
497.38812
527.21573
398.33767
427.57936
409.75405
306.47027
218.68539
636.48796
344.53294
473.1848
511.01638
395.87417
362.61706
586.45852
515.8396
524.42653
374.97909
-98.040633
472.10319
442.86171
468.50076
453.88432
474.24614
810.06106
507.66328
650.32785
535.79309
549.47165
749.19077
416.64625
475.2762
467.43084
380.46738
346.5645
305.72817
606.57875
627.17148
296.83125
412.50281
187.24779
198.75729
147.28948
260.24805
230.5454
546.3713
374.43144
453.17772
448.33023
358.1061
228.58667
469.6066
339.83923
495.44297
159.11899
145.40354
344.55792
339.26437
206.28158
376.06684
441.33744
771.61576
538.94089
540.92945
404.88468
221.53134
391.97395
564.75627
326.7919
368.57253
332.74529
354.75845
422.24338
416.56091
379.5994
213.19412
372.52788
642.36286
541.25185
411.83324
382.86727
286.53259
362.93843
558.7791
515.53282
302.54348
53.394673
316.60378
199.25164
468.75666
668.42107
458.4497
330.98382
193.6414
645.01251
470.58377
273.43447
396.0977
394.53346
336.40525
544.0166
400.24012
315.43194
561.93297
306.17672
448.69546
55.394387
534.32884
551.79369
532.24088
313.38304
247.26469
389.57856
551.4682
495.57688
567.68657
91.066466
180.105
283.7257
192.9984
580.4073
658.27028
748.91996
532.18315
298.29587
275.60748
411.15694
451.25515
738.75263
545.79318
336.98785
431.19094
509.57528
295.28949
502.47895
647.826
703.92125
662.5174
474.27168
416.71783
614.40356
414.66134
469.64109
370.11517
294.84625
529.041
611.02797
312.0024
667.00616
215.24235
346.31779
583.72152
563.6858
866.34394
584.14659
331.68007
291.94251
510.5969
357.82159
204.87028
207.96474
348.31084
551.42932
315.68734
149.99399
193.45013
487.75903
541.05154
374.97344
457.68856
351.77089
366.24667
18.143316
240.22572
279.92803
334.5557
164.17884
360.1031
121.4794
349.90885
295.90131
569.68765
370.09928
398.12964
439.78985
89.57518
324.64805
472.65596
174.02159
129.28531
379.6707
633.43459
522.46066
609.14249
12.128838
245.65962
296.13851
562.54195
598.07557
186.56678
321.88054
343.29269
467.72418
382.83927
300.98763
417.90775
303.66406
459.99288
417.67703
102.43538
271.00241
361.2708
346.37751
306.08054
270.03059
620.15678
611.28238
324.51214
602.40003
339.61124
438.12205
414.87356
200.25734
464.13175
734.04886
187.38205
441.99598
403.32053
254.49313
337.64342
395.48553
327.76336
424.91392
363.20269
301.89553
294.21298
472.57856
391.31043
407.62681
406.73714
306.11492
390.36799
583.15465
346.64794
305.12898
371.4684
504.87348
357.42401
226.20212
363.26247
505.72988
670.05246
355.76358
512.08511
479.79408
506.74599
444.16002
278.27575
664.93043
527.63877
86.169088
384.16262
314.94229
162.64903
415.26175
6.7238559
310.69797
408.99278
396.93457
220.55373
350.88609
453.41434
587.71185
408.61374
336.493
465.58502
508.47063
349.36515
340.96814
384.51171
493.11488
616.13495
65.495629
219.86474
322.49871
195.24342
139.6
204.88427
433.43675
303.31414
463.36399
582.03643
767.66841
399.88746
471.6978
495.26514
349.25938
514.60158
281.63387
400.62888
290.99781
345.88416
204.45012
156.20906
382.52357
322.453
384.02801
666.7528
388.68966
304.60918
641.33912
467.22915
390.68506
597.24273
386.00098
385.8621
390.01119
410.51542
511.65417
465.28723
440.9192
501.04895
506.62825
399.9133
617.93729
394.95357
492.89197
362.64633
300.57172
431.94788
435.23725
166.50066
268.38388
37.771998
80.976624
496.97121
280.32202
615.10713
194.66004
294.46056
372.07847
344.53998
335.38677
549.88676
409.25984
504.66011
220.96768
242.13534
250.69645
402.9157
382.76614
249.89498
450.28578
565.63755
325.61067
574.28071
305.62126
511.06862
254.68808
450.31064
334.80833
409.14045
581.18206
529.61303
307.89879
289.74692
523.23173
380.44728
463.57073
591.41779
445.92362
249.10706
449.44769
365.12145
307.39685
375.53599
425.53135
466.64039
411.15394
438.53942
283.90505
428.32256
568.95999
492.79825
471.98454
466.27766
328.81953
386.90052
325.34858
237.73959
555.12556
652.58221
399.3923
602.31055
366.53324
646.16857
452.6728
269.21218
335.51573
94.011105
214.97876
488.00852
263.59406
405.59789
508.42698
256.43938
390.16205
449.12777
252.02421
734.21098
625.87988
382.85158
471.7905
306.2857
464.55695
145.27658
246.42651
351.62108
529.97027
390.06196
172.24533
205.7587
282.97848
263.96424
261.95925
228.06452
807.75605
339.24966
449.07017
374.80547
183.46624
159.18722
502.21677
401.55409
517.05605
607.4586
498.83858
430.12394
313.68399
697.32655
571.05851
608.15614
283.26564
408.97868
306.01657
266.83172
326.54833
369.79854
420.26677
410.16419
402.68133
221.47414
429.91886
348.34928
306.70201
228.64205
457.89617
391.78564
227.11482
701.56997
704.3754
325.38555
699.55254
418.9249
209.54019
297.97245
447.38042
457.78759
639.78427
486.04027
439.60588
507.45903
477.48626
308.66743
288.55545
437.16972
560.2133
482.94151
569.97996
279.09625
510.65491
324.66605
595.31968
441.34256
558.41911
108.99068
548.3029
247.48551
320.8976
313.38951
415.05369
624.72071
310.49238
249.28925
416.13054
277.89708
411.90102
273.60414
379.0985
609.46639
598.58018
207.0741
428.96266
301.62128
240.93334
655.94286
677.65993
105.07114
478.35616
325.12769
118.76604
342.37679
482.54975
192.51792
116.23901
245.21424
202.51967
578.01665
243.64777
536.18717
326.10817
370.99438
316.96314
444.8396
301.32056
721.43672
679.04253
746.63453
411.33041
297.89502
718.22462
383.47157
445.41207
449.2653
339.79945
377.21245
274.49726
135.79135
456.75459
364.68003
391.44868
330.54263
688.83938
171.2361
447.54577
306.86997
362.37309
425.79162
298.75212
251.25105
396.07524
509.71742
343.85522
464.15797
241.01507
252.90257
101.32274
209.53385
540.80148
255.52895
344.80813
260.48794
162.10263
539.80295
524.5321
536.8631
378.36755
352.83136
384.40363
301.16296
243.32849
545.66228
493.31698
281.55584
272.24038
249.31438
351.50064
358.54293
331.65479
172.04941
112.35621
670.88628
252.5008
255.13024
460.04247
984.2886
304.14392
380.45068
567.61964
517.36697
136.35898
384.63572
434.29333
143.12103
424.93329
524.17296
671.87262
239.84963
376.88588
298.22933
457.25041
278.51965
599.98803
420.05553
216.79306
459.93992
301.90923
244.22632
528.93072
337.14896
484.94632
385.45806
671.71148
311.25757
480.62154
281.91268
326.83428
209.57895
484.82504
551.18291
348.01206
528.64183
154.61448
352.97968
495.21174
208.63721
308.09812
609.43221
104.5162
397.23559
65.865007
483.38715
285.58801
356.76675
540.20107
429.77574
441.8042
510.54194
178.59809
490.86278
268.02844
298.32145
101.91951
226.84894
406.94337
523.37377
163.83676
370.41252
615.0798
519.69692
158.99867
536.28355
550.396
453.39161
567.99515
583.65534
346.43481
525.29891
466.85632
818.17726
264.41322
569.95931
321.83329
243.31083
539.24217
441.70384
357.73261
453.74881
472.13624
177.76688
552.64696
400.00723
452.59208
174.21822
305.25244
246.85743
363.95321
478.42869
281.48886
434.95448
382.6843
262.71954
525.81576
322.42359
544.36043
698.98727
297.61007
251.2022
333.98306
333.02661
301.05492
375.28066
421.1664
348.99559
394.55448
377.96645
557.64478
244.04271
606.85346
420.47526
263.00963
207.12809
336.82447
439.56113
119.71687
141.31177
376.82908
403.56581
398.20364
272.99098
364.38745
709.85272
262.55782
275.13871
330.89155
610.10006
379.72081
486.61223
431.84642
673.64835
397.00743
464.97452
278.14026
158.43269
483.25843
319.79621
579.39605
417.22242
376.48972
314.26367
275.33424
279.06321
239.01611
118.60612
386.96681
413.50747
692.62218
487.11717
428.07973
287.54577
649.2309
687.91325
343.16474
363.72012
45.375028
74.292784
231.39685
313.43541
542.28061
634.08619
247.92609
219.15141
235.83075
371.29153
505.99133
380.71488
532.67508
633.67809
300.67415
505.87429
216.94396
237.28511
236.40899
149.08675
211.21072
528.45482
540.79504
356.53141
372.7661
407.03162
506.85034
804.03986
302.47255
284.81347
398.56747
504.03007
238.35643
106.03619
203.11556
432.88701
266.01824
79.859762
427.97805
297.6566
240.06376
502.35
291.66489
571.95052
369.91503
318.60609
372.10835
264.49822
464.9043
608.52801
261.64167
586.0694
397.81883
391.85197
399.46933
282.7273
244.52561
425.17848
412.31226
518.32614
610.52496
348.60572
335.28726
271.58157
357.36214
303.52207
459.50158
470.57132
441.30217
573.26713
418.06349
268.79526
241.04493
471.69964
708.00416
407.16319
452.2392
324.27415
281.7142
310.41886
585.07958
815.19282
375.98134
663.82161
759.32894
443.09847
246.32734
349.14519
139.85637
546.93866
444.4491
493.54212
262.56613
251.19689
299.38887
521.41983
340.43596
50.530049
92.274802
396.49072
208.44251
267.71382
394.92378
403.40728
227.91425
375.53857
350.12362
186.76354
382.04942
210.53076
397.41576
396.48817
278.95498
496.29413
591.31185
774.30136
264.46471
382.31889
513.3494
263.98319
215.82988
-84.014313
129.465
552.15334
409.27843
609.23076
266.96557
384.34041
473.39277
501.03977
422.59251
280.79266
475.17565
523.50557
395.31345
524.92141
659.08576
312.28206
324.49084
459.38099
310.03084
808.55714
658.77607
285.28731
215.29933
202.99863
287.68602
235.37365
498.64667
394.38215
337.94675
589.45563
243.87986
327.97056
488.61841
482.47705
420.69061
540.31335
471.8773
381.62921
167.29785
535.42348
755.07223
264.17897
379.8143
332.66115
213.35222
206.21735
269.69544
360.03584
390.91338
264.32537
111.31754
394.87091
349.71752
519.99887
340.05538
338.56003
674.78141
687.77784
532.42275
208.61012
523.10049
477.85704
563.83759
460.25955
144.50953
295.3614
443.39319
407.44572
404.04472
462.78897
355.06845
121.26313
460.34793
637.49168
573.74892
471.72922
654.12335
306.01542
373.97487
474.57356
321.87777
754.71388
392.4228
381.86267
222.15202
566.99647
409.92789
375.34047
582.7176
242.81478
345.24791
458.57782
563.21875
361.99114
402.48397
469.49995
513.61168
623.43572
165.13208
662.67831
329.31523
442.29644
462.64741
178.74364
101.84162
324.80117
452.5804
245.62638
403.16146
129.01763
-12.728951
405.24945
454.67937
380.26038
181.23272
624.16891
440.69586
500.32094
412.19895
238.31397
69.703255
395.35797
361.26787
520.91933
2.9147587
451.36961
512.0634
421.23713
304.01162
234.39465
238.36902
386.55947
236.30589
233.61751
683.03463
683.00642
448.31505
539.28566
523.24421
351.71345
142.68079
120.71513
53.434553
576.92918
526.23322
504.31058
265.74076
474.68764
360.17838
409.60853
387.74834
548.59703
604.23219
681.48274
357.13819
539.89383
260.28425
331.09313
240.37351
480.38594
331.11196
214.58931
430.31414
285.72271
602.32136
553.61055
434.82331
512.17499
504.99778
336.60079
434.66278
371.52072
415.16583
609.07867
513.48787
513.62761
566.50525
481.65661
426.10293
601.38137
442.90875
232.12657
470.19285
544.58793
367.51586
394.40661
445.60674
402.35301
438.4188
478.60034
557.40856
390.6368
276.08119
216.99745
462.04945
334.11863
487.83917
481.72227
473.60161
782.76333
200.63274
487.62849
334.17717
372.74296
242.88954
347.30918
592.25632
339.72441
549.69892
508.82587
436.67282
455.69634
298.12006
466.25226
259.18185
366.48301
402.52761
557.67905
121.92869
44.868999
194.27296
100.9405
170.79432
481.59155
575.84756
668.55552
638.41281
428.71415
285.96778
302.87199
382.24935
612.00219
347.84504
432.0475
506.20364
212.36653
408.1018
389.37771
609.94098
360.42419
347.89928
166.83408
462.0217
516.96615
125.50937
334.42256
212.53826
214.52401
387.76873
436.46166
374.01332
499.53588
381.08407
382.80703
524.13715
463.81167
469.98226
166.98844
566.22057
298.66571
320.21387
355.89426
274.28016
177.11755
312.00515
117.66661
193.26781
495.18692
482.31971
386.15834
507.70976
655.70444
415.67846
490.56577
295.68495
432.13005
288.02425
179.51137
450.68658
518.22452
137.31801
367.6911
386.9418
528.49803
350.52133
409.51013
358.49913
451.55426
378.36916
238.38648
453.93741
324.92399
430.5065
613.42777
203.39564
560.71958
393.40538
430.53689
647.7033
432.5102
420.36279
553.6395
483.40352
375.13355
760.04671
688.18797
335.04177
287.2662
461.30464
621.31319
382.95734
459.31424
274.9341
353.19801
234.57061
186.49644
556.96656
366.99456
469.42957
380.96285
772.25444
377.08516
630.83909
519.8723
520.98698
725.93133
528.37756
267.29562
-38.444991
292.521
178.33708
195.75282
585.43668
483.69705
360.57271
225.13097
459.06972
757.4791
271.77611
527.80245
311.37396
284.41915
505.33139
419.80832
364.17956
385.11968
569.22565
515.24748
546.14543
459.20673
408.36426
422.62695
237.59559
290.64876
222.69402
241.66767
547.99402
615.31562
485.18751
337.71107
202.52198
293.1378
541.14445
343.22842
466.98298
453.35964
138.24936
294.16942
337.89352
463.18675
644.24949
379.55419
313.29605
479.74891
413.39576
461.51065
468.38039
385.30528
547.80262
517.78082
326.60522
592.75417
270.9243
409.11363
310.74625
221.21074
253.21448
374.33572
141.72019
449.02221
245.02585
429.74205
419.3172
318.65185
445.72972
578.51882
389.90866
452.69664
250.79181
362.26741
445.15687
635.42637
860.34302
643.62088
294.14326
327.55985
393.51885
149.01782
435.7518
467.06468
460.67068
415.37527
228.95161
290.77794
288.00505
296.21725
157.99601
343.30828
550.42342
387.88503
455.8596
409.53663
295.31615
194.87715
485.0807
179.7435
374.35938
229.25604
168.09336
202.04093
535.67823
555.59938
365.92631
580.48222
131.08234
402.30502
340.10815
795.83879
444.43105
255.17068
337.4279
218.92997
479.43796
330.0717
340.65572
372.05516
606.8785
282.57007
-10.890488
467.99234
163.07851
282.79392
114.31188
208.66851
209.01548
218.76288
279.13502
85.877034
206.1421
233.57303
216.95568
300.61894
187.76356
240.29084
237.60365
350.69401
457.98853
443.68197
260.22691
335.89133
310.73726
350.50759
423.76168
301.0099
309.02862
648.69937
395.25887
337.42898
205.81121
445.61296
483.28486
233.25669
191.79493
392.53909
427.191
617.67306
443.89457
182.47464
219.75119
675.45994
595.72697
264.73372
759.41022
393.42095
335.21219
371.97603
192.43702
336.93096
329.24606
405.34933
494.5712
462.42565
621.99005
302.58625
329.07511
270.6758
572.08219
205.42829
469.22558
729.39932
308.544
326.63621
389.54783
482.99052
511.9651
646.18459
348.91861
409.72252
440.35392
346.11237
389.00693
294.04647
266.60713
276.05642
540.24406
525.52376
200.85323
489.58931
286.73061
418.61766
254.2823
308.62642
382.52828
411.54903
548.62004
653.22921
642.94165
467.97618
424.32497
366.22278
373.73608
115.11589
466.96235
264.9354
495.65211
579.79674
484.72673
621.3988
544.17615
366.10832
405.04069
560.51246
254.35147
168.47237
302.7311
503.78772
267.82516
510.79514
245.36222
349.53053
528.5469
481.88489
438.59852
177.75557
362.43504
259.89784
420.2032
349.57151
321.53248
630.23482
206.50405
196.31864
275.72865
356.97846
633.92296
609.68864
179.42911
536.63137
328.46438
351.3402
622.75169
317.1888
515.64288
533.57528
523.886
323.9847
341.84264
264.01124
275.9461
530.32301
317.69486
493.09567
425.59941
348.70509
199.3781
298.75739
156.00981
168.64878
159.03599
261.51334
445.47964
465.10448
313.8954
384.70571
361.24866
717.02012
264.32043
400.75602
457.3773
618.38122
429.39866
238.85007
290.95275
676.78536
251.05527
293.81382
309.56863
256.31234
777.51326
453.13731
333.283
171.42635
431.38665
288.36472
341.24933
278.32212
671.99746
375.07073
505.63201
711.9826
547.89798
90.727814
327.46671
177.57876
370.58886
299.56597
287.88511
178.97286
94.986014
378.02716
132.49753
107.78441
306.59202
583.63405
257.26055
421.22782
687.6236
242.95783
202.61792
448.16955
532.45459
641.18353
631.78642
240.48631
363.12503
170.5851
463.33471
689.77392
