711.66864
1033.6565
1647.1893
1888.5363
2074.8398
1923.3255
1898.2353
1414.7045
1086.7338
1314.3499
1422.7253
1526.0236
1256.9626
1445.3607
1420.2351
1378.2991
1100.2985
1464.7634
1446.4069
1353.4487
1401.6352
1165.9812
1062.9972
1240.4284
1114.8875
1288.5942
1322.5437
1427.3768
1375.226
1484.9204
1761.4159
1326.3163
1442.5836
1411.4252
1518.2639
1303.8204
1190.0201
1515.8097
1339.3694
1476.816
1208.972
1278.5932
1370.8971
1251.3731
1374.5564
1061.668
1208.5963
1178.9666
1338.1855
1310.1826
1267.4835
1109.4271
1372.058
1299.1379
1287.3741
1475.18
1407.9548
1246.3941
1282.2743
1308.2971
1415.4539
1272.7598
1555.3982
1550.4218
1457.7033
1345.2126
1301.118
1292.4685
1286.6067
1394.3154
1468.5098
1310.9981
1264.8561
1684.9985
1289.7511
1419.6573
1369.9482
1501.5939
1389.3697
1249.4266
1241.1828
1265.7253
1320.5736
1477.5885
1280.8616
1317.318
1300.6823
1140.7138
1225.0518
1310.9088
1113.21
1147.5057
1253.9973
1359.514
1286.9361
1357.3263
1318.7524
1297.2232
1013.3079
1104.7469
1385.2368
1422.8569
1189.362
1025.2621
1413.887
1371.4148
1240.574
1356.9282
1276.7139
1259.4807
1381.6199
1255.4964
1438.7651
1137.4881
1149.5987
907.65348
1080.7383
1018.7949
1251.3959
1462.4011
1479.286
1297.3823
1245.4998
1061.2949
1245.2173
1119.19
1330.6442
1397.0528
1331.6364
1445.6627
1373.7553
1190.8645
1276.5235
1496.9707
1230.5919
1344.1364
1059.7175
1050.7725
1160.6995
1262.6815
1413.2694
1141.5126
1171.9093
1164.3574
1023.1331
1083.2548
1100.5375
1188.0882
1348.4565
1465.9706
1185.1891
1172.7943
1367.3787
1325.6895
1225.2697
1482.9084
1407.3484
1365.9228
1632.1692
1174.0256
1310.3774
982.83455
1442.8909
1263.1322
1150.2014
1146.8398
1199.3535
1323.4532
1101.3502
1189.1857
1487.0161
1415.2301
1267.8009
1324.8449
1267.8619
1106.5128
1185.5279
1448.0794
1542.855
1441.8762
1582.1776
1372.1333
1389.9727
1256.2947
1156.237
1205.2382
1505.8365
1413.3117
1098.1676
1175.0647
1182.0383
1225.8123
1202.7356
1381.7499
1051.3768
1097.0135
927.90904
1323.4065
1403.5955
1413.7044
1137.5488
1336.3221
1337.3729
1275.0811
1267.4371
1382.2048
1431.147
1227.611
1398.2678
1279.6471
1176.7219
1174.6665
1329.2057
1172.1775
870.0007
1289.0567
1065.7879
1225.9158
1262.9938
1129.9245
1416.534
1295.3924
1146.608
1145.933
1069.037
1152.2725
1372.07
1686.0992
1455.7409
1409.8656
1279.3948
1302.6393
1053.0454
1063.4432
1204.8634
1153.1023
1282.6563
1055.7064
1010.1028
1015.2699
1283.7473
1245.315
1021.1183
1171.8898
1306.582
1084.3474
999.78691
1091.303
1185.1859
1518.3918
1192.5097
987.98701
1026.4862
1118.8034
1093.8887
1383.0733
1378.162
1475.6824
1091.6511
1090.7313
920.87261
1157.584
1369.102
1343.023
1159.1216
1388.2463
1202.1574
1163.9782
1210.181
1221.381
1249.3436
1344.5839
1325.6182
1212.7376
1068.8835
1158.0464
1218.452
1339.2399
1238.3103
1258.6613
1210.6575
1418.3425
1012.6047
1326.0003
1123.5459
1096.212
1433.7217
1427.0071
1310.1043
1418.3936
1204.6109
1411.0946
1230.5686
1299.0754
1058.9802
1341.3567
1263.6277
1148.8618
1546.6939
1366.3517
1350.9154
1351.3559
1458.7828
1021.2592
1343.9644
1281.1955
1166.3193
1260.1902
1472.9213
1426.3338
1225.7944
1062.0849
981.34865
1092.3408
1171.5247
1637.1363
1627.9072
1441.1736
1133.4824
1591.7482
1137.0286
1256.2423
1041.4597
1248.0082
1249.1442
1493.8844
1428.6625
1378.239
1316.6963
1035.6212
1060.5995
1077.5906
1142.2294
1342.3706
1511.8479
1593.5803
1512.7385
1552.9445
1269.1957
1080.2308
1447.9732
1431.7069
1545.5323
1648.2169
1506.2144
1467.2885
1116.4808
1280.6188
1209.8554
1323.3596
1560.6105
1651.5609
1748.9429
1698.7899
1384.2754
1191.5681
1185.2913
1367.8957
1641.6758
1457.124
1448.6859
1548.9199
1456.2613
1083.4093
1514.3384
1464.9362
1548.6764
1468.5166
1414.2359
1463.6688
1394.0369
1378.8654
1432.5322
1536.1817
1460.5787
1549.1135
1383.5757
1401.5007
1476.9396
1305.0812
1315.5578
1637.7204
1338.08
1380.059
1056.7372
1023.3461
1350.527
1430.6429
1414.7704
1052.8615
1415.1973
1318.3598
1333.5641
1277.1705
1212.791
1033.7106
804.72755
1254.378
1404.477
1135.0904
1104.0574
928.02113
984.99052
1134.3611
1094.8544
1339.4521
1272.0067
1198.9656
1110.0749
1141.875
1359.7692
1215.2963
980.56574
1136.3012
992.67951
1172.7343
1099.257
1181.6386
1140.6989
1286.4578
1237.3891
1298.2407
1347.7863
1102.561
1087.8374
1397.1702
1425.5387
1406.8367
1146.867
1105.3687
945.72934
1162.9677
963.10019
1327.641
1328.4407
1069.4993
983.02897
1043.7155
1043.3344
1278.0978
1346.3006
1321.0884
1473.9319
1175.8769
1352.3005
1199.8177
1315.3236
1213.7234
1302.1379
1425.4275
1211.0154
1283.8653
1258.1707
1330.4046
1271.5132
1111.8996
1213.1511
1237.8354
1399.4673
1203.1019
1159.2177
1247.5494
1255.4615
1402.7145
1317.4926
1222.8629
1365.3478
1436.7939
1074.337
1238.7728
1180.3081
1190.8661
1233.7457
1257.912
1078.4166
1387.2346
1103.7804
880.8844
1087.2578
1206.073
1227.2416
1276.3598
1125.5368
1214.7699
1237.1099
1164.0355
985.37964
1457.2526
1286.6209
1126.1895
1207.8224
1058.6297
1278.0754
1280.6822
1268.5419
1292.3475
1311.8117
1197.2212
1348.8437
1068.0429
1103.3482
989.44901
920.35921
928.49058
1120.8328
1137.7337
1215.7203
1236.1814
1253.4099
1149.2025
1090.2426
1147.078
957.78214
887.77285
1167.8282
794.27837
727.2728
787.68522
1138.7872
1339.2943
1069.11
1250.5621
1233.6647
1163.1681
1034.0258
1036.7183
1049.7901
937.07795
1226.4374
1091.3588
900.93155
842.46363
873.3404
1080.2697
931.80348
1204.5177
1027.8852
1174.4864
1369.7724
1248.8877
1042.8827
1460.0899
1516.6976
1465.361
1378.6628
1206.7822
1082.9987
1357.3322
1172.5876
1133.0615
1106.6192
1367.2773
1418.3227
1285.7381
1065.0403
906.99319
1203.8374
960.88159
1082.3081
1342.8282
1381.1278
1304.0072
1264.8312
1247.9217
1153.8289
1067.0028
1275.5515
1297.1923
1227.8305
1125.1341
1102.1815
1166.9387
1141.1132
1001.6043
971.00866
1025.3359
915.44638
1080.7529
1325.5545
1043.6969
1066.3441
1399.7961
1032.1247
1018.2757
1047.1364
1104.7277
1089.4805
1101.6309
1060.1671
1032.8725
1387.8568
1352.4236
1030.721
1269.4939
1215.5788
1264.3798
1371.3071
1204.6111
1018.6395
1156.6417
762.65556
1195.4737
1194.3129
1136.5306
1172.6273
1134.652
1177.5938
1341.987
928.41706
1544.0308
1186.449
1222.8189
1391.6494
880.48265
1007.5192
1236.7537
1031.9075
1206.9053
950.39295
1203.6444
883.96667
1195.252
1330.8621
1273.2604
1318.7475
1254.1763
1126.2986
1140.6737
838.15536
1138.2575
1097.8268
955.68141
1383.987
1084.9892
1153.6026
1524.9412
959.31635
911.10028
798.22204
779.85811
1185.545
1412.884
1290.8422
1370.0565
1093.7727
1288.2893
1304.4279
1330.1859
1298.5176
1178.8549
1513.9264
1192.1475
1209.5146
1020.5876
1333.4982
1305.9709
1237.5096
1098.3076
1309.2543
1272.2349
1393.2709
1388.3252
1211.7954
1301.0585
1248.5908
1213.1216
1065.2227
1404.008
1304.8727
1636.1983
1300.7699
1028.712
1179.0176
1274.5797
1334.567
1289.0939
1402.9114
1335.3439
1326.9828
1243.1931
1172.1936
1168.1108
1414.6102
1285.1998
1334.4616
1248.3194
1337.1936
1316.3881
1516.9136
1411.9075
1371.729
1273.4996
1376.5427
1240.5073
1215.4976
1122.4392
1348.0685
1110.7213
1357.1333
1374.8425
1127.4578
993.07228
1098.9089
1288.4846
1097.2724
1292.1387
1149.5426
1260.6743
1238.7609
1324.819
1207.0483
1096.2931
1385.2433
1217.3198
1286.3356
1119.8499
1023.0788
1240.1017
843.71078
1202.2332
1055.6107
1252.4424
1027.6462
1045.3813
1210.4488
1142.5012
1453.4666
1300.3359
1128.0314
858.49585
1111.7066
1041.7906
1280.7575
1344.2946
1150.8538
1287.8031
1393.17
1098.0648
1163.346
1151.5516
1168.9739
1217.9602
1521.8175
1247.7182
1277.2575
1138.2737
1180.1707
1419.9848
1301.9076
1337.5312
1129.5475
1439.4257
1339.4209
1331.9066
1291.2566
1334.1964
1081.6876
1464.8305
1148.8353
921.35603
916.61372
1035.8861
1246.892
1165.5044
1225.6811
1071.1552
972.18829
1009.855
1262.1967
1097.7522
1092.8466
1132.7672
1088.5581
1153.9207
933.40984
891.59168
865.72554
963.42089
1152.0369
1190.05
1046.5592
899.78009
1036.0678
1063.8324
1434.7557
1165.7267
1002.3358
1146.287
1338.8389
1352.7684
1621.7452
1188.2092
1286.1188
1519.9907
1206.5862
1333.6512
1201.0248
1121.0153
1141.8568
1059.2806
1027.1816
913.9301
1033.6672
1133.5653
1248.4998
1320.2945
1104.6306
979.4715
1045.9769
1146.4004
970.82776
1098.8302
1144.5732
1269.6071
1177.0758
1110.2234
1305.7403
1316.1681
938.20689
1065.8544
1156.03
1404.0701
873.38057
1258.7658
1099.618
955.72458
892.21594
992.12015
1162.7657
1117.8761
1145.7659
808.88212
1015.9296
972.95661
1065.1319
1001.9685
1100.2129
1174.3495
913.32648
1049.5983
1101.2212
1126.5764
958.17462
1144.4296
1245.0379
1074.9756
1063.4037
968.34755
1043.1342
1306.9482
1020.0943
926.41971
676.72028
919.25433
1093.1513
1025.776
1043.31
1291.3838
1155.2439
1225.5525
1129.7627
1035.1783
1261.9841
1251.5936
1392.296
943.58655
1161.1005
1275.5107
1276.7885
1176.0626
890.65995
1172.5574
1208.2189
1119.8042
1222.0031
1075.8908
1204.8139
1320.2206
1157.5984
1134.8283
1058.87
1140.7464
1090.9864
894.04333
1308.6591
1374.8619
1198.3097
1285.7885
1092.8087
1472.9746
1029.2849
1175.4826
998.72168
939.75488
818.25134
1225.3897
1107.68
1449.2928
1159.78
1237.7145
859.18366
1003.9591
1207.9835
1227.1709
1326.1952
1224.4479
1253.8939
987.61547
1237.6451
1071.2805
1212.3794
1062.9929
1199.3995
1149.9394
1162.4322
883.70857
1085.6089
821.26043
1072.7642
941.6884
1184.5657
1389.6571
1323.3913
1230.2779
809.15097
1020.306
1145.533
1118.1987
1106.4453
1248.797
1557.4906
1274.8167
1029.8602
1246.8631
1271.7182
1343.7152
1302.509
1105.296
1145.7392
1301.7512
1382.2212
1079.0486
1084.9703
1400.2217
1295.3438
1169.0662
1001.1803
1395.6843
1248.3639
1224.0977
1132.1879
935.6076
1163.415
1128.4052
1060.6117
1016.8666
939.20838
981.16545
873.69132
1143.2223
1020.0208
1247.1784
983.86629
1135.4537
1163.4295
1301.8558
921.71277
965.08271
1059.4988
1174.2579
1126.6093
855.47183
1216.9287
1083.8983
1227.4123
1169.9972
1031.4538
982.27063
1245.2083
1027.1679
933.7901
861.72838
1299.1771
1241.583
1041.1288
1211.9275
1049.4499
950.58053
1045.0892
1110.903
967.88644
1234.158
945.48175
1237.8594
998.67596
1169.0022
1329.4349
1162.0805
1119.6957
1280.9249
1035.6903
1131.4197
969.01677
1373.0693
1181.0059
1470.7777
1312.0533
1255.315
1093.8161
946.58781
1003.1654
1141.5572
922.55294
1035.7496
1007.261
1069.7042
1395.5002
1299.2486
1181.2752
1074.2917
1304.0661
1003.1894
1364.5027
1244.9617
1133.5026
1119.4193
984.29362
1057.3422
1105.7043
1003.4946
1128.3567
1060.4914
1145.1737
1318.8969
1075.6465
1126.751
1214.8904
901.13175
1085.687
1103.9667
951.92862
1079.598
1197.6428
967.35349
1047.6077
869.48028
1203.7701
1070.9888
953.50443
1059.3031
1028.5694
937.894
1056.1147
958.52099
1385.1775
1651.443
1319.8575
1134.3918
1226.0803
1265.1173
1216.2553
754.34713
897.38691
1018.8281
976.38905
1390.051
1163.7455
1047.819
928.75652
966.73426
1045.6499
972.43582
1108.9157
1105.2494
1082.9281
1032.545
872.01288
1086.684
956.47654
972.17557
1029.0947
1375.5111
1406.2271
1231.734
956.98282
1024.0094
1024.5356
1243.3494
1352.2741
1095.0747
1224.4619
1169.8045
1183.6343
1097.2268
1085.4062
1084.2505
1005.27
1111.751
1115.1644
1366.7944
1232.7895
1388.5475
987.16763
1153.4057
1215.9073
1300.4815
1296.7125
1229.8774
1208.5124
1120.881
932.00333
1057.7566
1202.7689
1373.8041
964.52401
874.7509
1274.3009
1126.5826
1065.5758
1147.144
1063.8511
889.15417
867.92686
1123.314
1165.9309
1211.8239
1220.2259
1043.5658
975.15412
1093.9101
1015.246
1139.268
1065.4046
956.71811
1178.1192
716.38177
1181.2365
815.70607
1126.1449
1171.0323
1136.4421
1028.7486
1234.8196
976.81045
1027.0107
1337.5039
1488.4601
1064.9624
1080.861
934.94922
1152.0932
1139.3442
953.01922
832.88136
933.77265
852.78842
892.34931
1014.0773
686.34552
810.01198
1086.3321
1133.4292
1190.7739
1102.0281
1151.1678
1061.5136
991.58097
1105.5046
1133.5651
1081.2736
999.41726
1085.0468
1212.4053
997.22456
1145.5767
1069.9474
1210.2356
1012.1095
1169.8525
957.983
1017.8834
673.08785
1104.5435
1001.8586
1368.2379
965.94808
1045.2791
959.21982
1239.1758
1103.2778
1114.0172
1241.2102
1055.6772
1360.0984
1169.1046
1257.5907
1168.2029
949.5797
729.27397
908.70226
1253.1914
976.41482
1286.6621
924.20756
870.61444
919.11497
1181.0471
1205.2232
1349.6346
1125.9992
1045.3286
1183.2214
819.00595
1054.9439
1264.5827
1251.1867
1166.5936
914.09953
1040.6504
1120.6638
1157.4933
1174.52
867.8448
909.46468
1307.349
1174.8205
1122.7997
1343.4256
1233.307
1090.5979
1032.303
1085.4707
1089.8297
1173.6576
1199.2526
870.64485
965.25919
929.79757
1013.9237
1122.3923
1130.7279
1047.3214
1234.398
1366.3613
1436.0484
970.04509
1116.647
1021.4794
1241.4175
1337.0715
1325.0268
1228.0792
1171.1221
1227.8899
1148.3859
1098.179
1188.5372
1395.9487
1284.1848
1291.6338
1201.3316
1112.8481
1111.5881
1068.8414
1124.1769
1213.3926
1296.1427
1195.0383
1167.0463
1187.3001
1072.412
1242.9136
1036.7464
978.48558
1000.2935
1063.3132
1380.7886
1233.3463
1071.6438
1142.6122
1038.5501
1329.1288
1221.9856
1073.4313
996.25485
1245.3248
1087.0303
1024.6497
1369.6421
1414.559
1002.284
1018.8808
1006.3368
1001.1038
1073.5479
1191.7912
1161.9494
1145.9801
1255.1997
1096.6063
1131.2249
1250.9736
1192.9157
1203.2322
1192.6242
998.39107
1061.3992
989.17579
894.29299
1161.1035
1252.6828
927.21995
1113.6917
1176.8712
1171.1594
1179.0768
1380.7016
1156.3423
1227.8551
950.53408
1178.1052
1201.901
1315.9575
1137.2616
1143.6184
1481.6865
1280.7362
1350.9889
1398.8747
1340.2284
1006.9074
1208.0702
1073.9046
1172.2618
1030.4148
1287.1238
841.48028
1294.1881
1258.1116
1132.9004
1318.4988
1205.6289
1082.1352
1107.9581
1203.3676
1097.1438
1262.5836
1420.509
1220.933
1315.0017
1569.6489
1234.4269
1199.4591
1098.8484
1084.0756
1375.5836
1280.1263
1573.236
1091.1392
1321.5741
1099.3931
1133.934
1354.0702
1419.5334
1093.452
1123.5189
1080.4747
1170.5778
1250.6771
1137.6946
952.68895
1117.7038
899.71885
1085.9365
1151.1491
1136.1585
1098.516
1154.0226
1039.8789
1150.3287
1094.9295
825.04885
1047.8885
1225.8966
1189.8538
1235.7912
1385.2345
1417.9618
1531.1686
1346.8313
1230.1756
1116.9063
930.77598
1300.6562
1030.4231
1170.9985
1057.2387
1052.1327
1252.8576
1111.8415
1134.3687
1339.8184
1333.1502
1454.5597
1313.0019
972.70868
1216.0775
1253.418
1346.9415
1272.6538
1356.5789
1075.0479
1216.8916
1186.5332
1388.2254
1438.6811
1192.2815
964.66577
1169.7274
1168.9497
1318.4737
1019.6434
1358.6468
1018.4308
979.89792
1101.7351
1113.7501
1113.4491
1080.9106
1046.942
989.33081
1101.828
1081.3241
1382.9208
1217.6691
1001.7021
975.80599
825.54762
1095.6012
1158.2192
1192.0256
1339.1935
1321.7197
1297.8286
1101.3076
1227.421
1147.644
1365.9078
1245.7685
1383.3523
910.77387
990.87642
1149.1668
1175.107
1338.6799
1259.5676
1344.1825
1077.1068
1367.0404
1122.6272
1021.3854
1176.9187
1023.6866
1307.5287
1230.9064
1180.6914
1302.5873
947.08807
1180.2601
1317.7609
1285.1325
1157.2192
1183.2373
1284.0296
1036.5243
1115.6027
1002.5842
1164.9218
1098.8421
1340.8584
1043.0438
1134.2571
1094.3286
1343.9856
1451.3563
1350.4426
1116.6205
1148.0321
1177.6482
1115.162
1543.2783
1397.353
1336.3721
1232.7769
1357.498
1298.8775
1103.7649
1134.4418
1262.95
1127.2357
1219.9064
1165.1984
929.851
878.15292
1335.7357
1274.9037
1286.0182
1246.9692
1183.9215
1251.5241
1017.9269
1288.7702
1193.6365
1094.6633
1288.604
1429.8365
1177.5894
1445.3761
1110.3133
1391.8278
1351.5153
1402.3428
1470.0005
1383.8374
1216.8065
915.21002
774.16221
1230.4542
1437.9396
1301.6351
1444.1901
1242.3838
1364.2205
1288.5304
1157.5649
1232.1436
1283.8787
1306.9789
1320.327
1349.8796
1347.369
1681.7243
1606.5546
1367.5248
1174.4577
1496.3978
1373.0443
1415.0026
1277.8671
1538.7924
1450.0518
1390.9316
1535.2962
1261.9577
1223.0797
1317.8401
1218.5418
1313.834
1338.4604
1005.8107
1184.4825
1315.8361
1227.9128
1215.6103
1128.1771
1118.6366
1177.1959
923.32465
994.3421
900.85882
1129.59
1296.4674
1088.8021
1339.7269
1124.4311
1140.012
1083.1265
1390.5833
1358.6715
1068.0077
1429.8197
1242.6319
1079.7883
1167.1804
1090.4635
1293.5514
1253.0843
1347.7724
1105.7919
1236.4818
1092.2237
1030.6195
1086.3894
1282.4583
1249.1453
1302.7867
1396.2487
1184.7874
1184.5955
1115.1241
1132.871
1215.0488
1258.4731
1209.5588
1225.8888
1076.0787
1050.0206
1321.2764
1032.1707
1036.639
1009.493
970.2095
1518.6308
1288.3289
1192.3889
983.96377
1225.6347
927.63235
1153.0523
951.29436
1410.7959
1228.2235
1219.5955
1071.4656
986.91088
942.11687
1078.1816
844.62822
936.52572
1015.9365
1317.7012
1174.5259
1131.341
1200.862
859.61786
935.11041
878.78365
842.04075
1116.9572
1187.3817
1313.6062
1046.1796
1136.0931
1464.3065
1074.2258
1184.9536
1259.8086
1219.1254
1101.1501
1268.5921
1008.0168
1200.7876
903.19508
1299.8034
1187.4738
1213.9428
984.51313
1211.0516
1140.3094
952.2205
1057.4996
1298.3434
1059.5079
1078.6251
1012.0028
967.01589
757.54678
1379.1693
1457.6523
1239.7609
1063.6985
889.03522
1063.2573
1156.111
1298.7524
1289.7063
841.88618
1025.8887
1264.8662
1239.7242
1258.8602
1245.6843
1111.404
949.69164
894.66142
974.92474
1219.6844
1203.4877
1289.8418
1372.1956
1377.8193
1197.2047
1182.9862
1293.9563
1104.8419
1205.825
1303.6748
1209.8601
1218.1814
1232.922
1237.9426
1387.3517
1176.5756
1197.4544
1275.5796
971.21051
1056.0838
859.5689
1194.3705
1201.1702
1159.1538
791.67661
1159.9335
870.56338
819.96355
861.96658
1237.4179
1323.1493
1090.1143
1337.1754
1124.2287
1000.4748
1018.1769
1268.2183
1072.5156
1355.711
1520.6755
1418.4687
1425.8869
1528.6746
1565.6049
1218.4051
1110.8595
1146.2492
1176.1771
1394.6962
1324.1936
1468.0152
1388.3595
1348.6871
1138.6856
969.21749
1168.3725
1033.9933
1269.3203
1331.7944
1402.8277
1088.7168
921.8805
871.03821
897.14475
1038.4396
1184.1616
1117.2177
1347.5687
1440.1325
1315.6737
1472.4723
1193.0428
1240.576
1119.5805
1127.3681
813.93033
1067.838
1413.061
1176.1314
1356.4574
1225.7378
1343.4121
1340.3294
1057.8021
1157.7063
776.56999
1035.4354
1077.8072
997.91173
1007.1322
1095.2522
880.61396
1207.84
998.55932
1167.5508
1314.7949
1331.4022
1474.8785
1004.9808
1306.9294
1334.6699
1296.188
1225.7675
1115.5776
1197.5197
1087.1331
1074.2325
1432.1679
1323.4431
1275.3727
1318.7155
1300.8137
1393.7907
1635.8907
1485.7286
1250.9119
1243.4862
1317.4556
1173.2847
1170.9097
853.15866
1103.271
1081.9151
1117.8084
1212.7138
1172.3072
1382.1104
1374.3926
1220.6627
1329.5553
1151.7016
1250.3527
1378.5396
1277.0379
1316.3601
1485.027
1343.1571
1197.9309
1493.4977
1427.802
1447.5163
1542.6302
1269.0566
1338.15
1398.9106
1480.1584
1134.1746
1036.6014
1207.1825
1132.2477
1319.5295
1262.2308
1347.1537
1093.5054
1612.3901
1380.322
1335.737
1531.6016
1353.0753
1338.2991
1479.2561
1351.6218
1362.7695
1520.2853
1520.2438
1266.9146
1402.4846
1263.5906
1399.7933
1379.4704
1310.2392
1468.3232
1170.5678
1442.3092
1451.5656
1180.0327
1129.4392
1133.4123
1359.1215
1392.3833
1340.9964
1380.9695
1152.9593
1308.2612
1325.486
1142.3427
1300.5931
1341.8767
1232.6397
1264.0983
1040.3406
1285.8239
1272.4989
1428.1993
1629.351
1221.3171
1321.8598
1347.2731
1042.2561
1165.4104
1471.52
1292.4648
1348.3681
1246.8062
1254.0058
1436.1411
1242.8052
1191.5246
1265.9325
1164.9254
1399.905
1376.6002
1273.4059
1448.231
1124.8199
1291.9601
1175.7072
1283.0073
1549.0324
1223.6011
1352.0594
1269.0003
1231.9873
1164.1679
1290.9638
1203.3943
1220.2594
1397.7293
1231.3102
1236.724
1115.1751
1112.1606
1151.0235
1027.6726
1157.8331
1176.519
1104.7654
1013.1929
1273.9026
1162.7867
1107.4068
1159.7404
1165.2619
1047.2816
997.06267
1072.6063
1252.8444
1038.5468
1394.4996
1175.3904
1190.9484
1070.1694
1084.997
1257.5042
1209.4666
1354.3481
1067.2861
1256.2739
1172.6677
1085.1827
1208.8727
1107.9218
1139.3452
1116.9317
1332.0066
1141.2927
1010.3572
1281.9062
1277.8506
1215.0768
964.07534
1208.0558
1342.2079
1177.5926
1054.9738
1192.6723
863.44077
856.66079
1206.2408
1076.0414
1334.5581
967.18698
1073.6139
1155.4333
1055.8373
1417.9052
1154.3169
1173.0651
1490.175
1062.8065
1189.498
1153.9373
1136.3815
1158.0096
1105.3386
1248.8562
1129.8689
891.07856
1048.8383
865.64414
1126.3941
1270.6303
1181.1533
1006.5059
1193.8944
1192.3927
1311.1974
1369.9526
1259.2641
1218.115
1143.9372
1024.4549
1243.475
1273.8963
1334.7406
1233.7268
1092.6042
1325.8131
1407.6351
1314.7726
1236.0246
1440.4227
1124.2015
1208.6478
1391.1623
1230.676
1271.9565
1111.8912
1006.5936
1017.7985
1084.7823
1085.5158
1127.9447
897.89961
1155.1572
1203.2861
1382.9483
1305.7952
1277.5131
1153.6079
1114.6146
1388.4864
1192.9105
884.75367
1168.9374
1234.0789
1458.6871
1452.1482
1183.58
1218.5147
1171.3924
1132.2541
1438.9568
1150.8039
1284.607
1072.3904
1169.3301
1337.7935
1129.603
1118.3043
1190.0182
1104.2439
1419.1298
1305.7276
1393.9828
1230.7087
1173.8171
1148.8044
1256.0547
1331.8171
1269.1387
1289.8367
1409.6491
1377.5842
1124.8116
1051.1482
1152.5579
1436.1289
1283.1427
1218.8403
1021.658
1277.7269
1347.825
1460.6507
1423.1688
1296.5127
1212.0928
1334.7117
1260.2714
1050.8059
1305.4311
1367.7916
1290.0829
1214.2938
1319.8788
1219.5833
1265.166
1287.8942
1180.2265
1239.3715
1255.8829
1142.4058
1235.3911
1257.1124
1109.3704
1043.7516
1221.6455
1353.8241
1315.9584
1190.9742
990.85231
1204.391
1256.575
1030.5194
1078.3997
1387.6311
1239.6667
1327.2122
1182.6052
1029.4829
1166.1937
1289.6604
1335.6151
1285.0848
1360.0282
1190.6486
1356.7361
1157.0616
1245.906
1525.3767
1611.2751
1409.7194
1251.432
1137.2282
1169.5893
1374.6654
1244.2389
1310.7111
1325.1542
1275.4764
1039.8994
1038.0744
1183.1125
1191.7195
1363.1262
1109.413
1179.2954
1314.1732
1106.3224
1328.0109
1143.9368
1094.9574
1008.3606
1077.6958
1102.9757
1315.7847
1210.3157
1066.6845
1192.2991
993.46729
1524.6863
1054.9315
1128.3926
1022.9874
999.03682
1198.091
1383.5337
1275.9282
1352.9911
1138.0701
1207.6953
955.76687
1091.615
1173.9579
1339.7085
1071.1134
1121.2619
1414.7425
1124.1645
1229.8871
1312.7826
1179.7206
1401.3642
1212.1677
1174.7062
1182.1163
1401.045
1254.9094
1035.626
1137.0889
1159.0528
1078.9115
1583.0104
1449.3189
1258.8219
1359.5879
1355.5228
1232.9393
1170.6049
1410.774
1275.2218
1271.0328
1459.6684
1196.7079
1257.3328
1404.5468
1375.3924
1044.459
1242.2177
1112.6864
1277.5367
1211.8836
1210.5243
1180.3876
1059.7795
983.88172
1069.0619
922.59983
1239.972
1147.4673
1036.7714
1375.6173
926.88699
957.16565
1040.9733
1033.8101
1398.0889
1316.2152
1209.5955
915.25367
1199.3281
974.16006
784.1287
975.2233
1184.9972
1204.3394
1278.2326
1436.8759
1364.8172
1264.3785
1062.4406
1064.104
1107.3228
1076.5231
1156.865
1360.7697
1249.7619
1082.2785
1060.0396
1096.2006
984.5507
1099.1895
1198.9201
1418.8784
1213.5938
1364.1068
1578.4749
1330.0027
1205.0546
1070.922
987.23405
995.84507
967.6626
1139.1879
1247.5821
1126.651
1192.6271
1120.5943
1188.2332
1099.9438
931.75311
1066.5795
1014.9204
1052.2136
1095.1027
1239.4755
901.56175
1133.0616
1414.3903
1012.0145
1071.8114
1061.9934
1130.3647
1013.6179
1230.2682
1305.1835
1274.5434
1231.3117
1225.5313
1238.212
1174.9632
1308.9733
1108.2737
1173.7043
1411.852
1603.7565
1179.2706
1321.769
1268.4297
1360.3871
1384.124
1059.0047
1059.1505
1243.8269
1375.6692
1362.638
1335.378
1280.8344
1448.7403
1279.8064
1262.812
1104.5794
950.30442
1009.864
1098.0222
1145.0658
1239.8089
1138.434
1321.3153
1269.0661
1267.1838
982.20559
1103.7855
1078.6432
1206.6969
1265.8463
1098.241
1142.6524
1100.8129
1324.0058
1356.7634
1291.7498
1164.0738
875.99475
1434.926
1248.5332
1278.0798
1492.0504
1379.1526
1034.6615
1154.9221
1137.5473
1179.1004
1209.5546
1271.3166
1494.4448
1177.624
1380.044
1104.0923
1371.5742
1020.4399
1106.4607
1255.6202
1051.0658
1195.4055
1213.911
1251.9709
964.84255
1123.3763
1153.4015
972.15864
1029.186
983.68135
929.98393
1448.8883
1298.8051
1160.5303
1253.9639
836.68673
1156.894
1011.4384
1111.6544
1142.8984
957.84838
1196.5837
1245.9444
1592.3056
1263.9183
1139.1345
1123.729
1347.4825
1511.4431
1010.211
1168.5725
979.35372
1033.5746
866.46604
1150.1662
1077.8451
1268.0772
1172.0325
1031.2489
958.28592
1138.0664
1018.687
1032.7033
1100.1964
1130.0687
1259.8023
1051.1163
1148.1833
967.46547
1183.8854
1315.5884
1110.1531
978.52263
1327.9021
1454.6013
1373.2923
1284.7747
1364.7341
1044.408
1050.6376
1032.2009
1141.875
985.83236
1378.4123
1150.3305
1091.7361
895.0391
998.84739
964.0335
1116.8712
1228.1629
1108.6496
1031.6437
1102.8891
1106.3892
1029.455
865.97333
1110.6455
805.55144
899.26267
1115.1767
1011.2846
1033.3209
1149.377
1278.4402
895.39128
946.8865
1053.677
954.30566
1104.1671
1082.5255
799.76088
972.20663
938.40257
1271.6234
1218.0269
1066.4406
1289.0122
735.61134
1069.7713
869.55122
997.38111
1075.2896
1103.5523
1005.5769
851.36593
1239.2206
998.13627
1222.3816
802.77894
903.92352
909.21382
842.18642
919.84813
1012.1398
815.89991
973.84258
814.28406
828.01186
861.44494
1272.3187
845.96005
820.93226
964.1315
605.03042
821.31092
962.00837
935.63728
1065.5295
927.58622
909.3543
843.71724
939.47381
1025.4259
1020.2295
976.81825
1293.6721
1163.256
1157.7998
931.48123
1260.929
1146.8983
1143.8753
1312.3746
904.22783
1033.4089
915.52819
811.96303
871.60062
798.60863
932.73307
688.60621
708.39932
908.31993
860.29637
798.00147
1045.7779
1117.8781
758.69106
858.04792
690.06198
660.49249
850.64236
920.73578
1013.1443
1164.2716
1237.9868
548.93156
917.97512
710.72277
767.87302
1071.8668
818.70601
775.05185
1217.3099
920.14448
1104.8172
904.40232
1059.6128
952.27912
968.98065
797.58653
942.46575
816.95174
1047.6438
877.75731
959.33261
1237.2741
1176.9184
1102.1459
975.97211
1046.9462
715.01315
637.01203
1124.805
1122.6102
1106.1061
926.69094
1021.7679
1086.8311
1091.8183
1064.1579
983.58289
1161.4047
1177.0681
1150.7153
1076.6381
959.5214
779.82652
875.73065
852.83638
921.07399
860.88446
1129.7461
1032.5585
825.49675
851.00333
1053.3507
739.59315
849.73735
946.17361
925.76033
928.25629
607.1197
958.79498
1133.3818
765.24596
1033.2006
695.72797
702.46364
874.15035
854.85067
1334.6225
1345.8469
1195.1741
1054.7693
1096.4123
1197.5977
1321.4932
1143.9562
912.38315
1071.1935
907.33399
1027.0023
1293.2277
1060.6933
929.07865
1086.4024
908.8714
934.46981
1252.4875
1102.2569
1077.3658
925.22122
812.98691
1189.805
867.96561
780.5163
888.99337
933.30489
1198.0975
962.39974
1165.1787
1188.1188
957.40299
1062.3851
998.48015
799.87407
1223.7922
1113.5591
1374.7262
1102.2514
1105.0377
1006.3318
1053.6621
1113.1528
981.84475
1139.2471
1064.5057
909.69927
1052.2948
1102.4247
1125.1564
793.31431
899.16522
1166.3168
1254.4582
1157.0702
1158.1477
869.78143
884.75932
845.75906
1197.0108
1026.302
1066.9492
1035.9945
981.50189
735.7111
998.29353
874.49706
785.87635
962.7572
935.97185
857.23208
964.95516
988.8411
873.81443
975.08112
1025.8948
966.10408
902.13966
896.98085
882.72174
1096.2988
872.20286
838.0581
1101.0007
900.71856
945.89231
659.07732
831.51322
1156.0195
979.74048
1124.1175
1133.0553
710.546
626.85338
984.51878
954.31253
904.80166
940.01752
724.23625
1001.0219
861.26045
832.56855
958.46203
967.78148
977.22991
984.96149
1011.0197
803.23972
1124.2033
1254.7549
1034.2637
973.5673
1104.2431
952.99319
1073.1923
956.20302
1285.1476
1178.5924
734.70235
901.52865
1008.5142
771.54073
922.03637
947.14083
1192.4784
1121.0196
1158.4924
1204.8378
1200.8411
981.2463
1259.9939
1179.9746
942.87013
936.58813
845.92435
1005.9472
1021.2579
824.87966
767.80849
749.66211
863.02911
1083.5669
1227.9353
850.5682
960.8374
824.90272
934.95866
1032.7964
916.04814
1042.0599
1126.5394
1196.3578
787.17631
705.57987
983.04647
1065.8671
1157.5255
1178.2436
865.24011
946.48879
1003.5049
910.94717
842.54526
1077.7861
987.151
1192.2704
880.72831
774.56013
975.32223
924.39375
893.88664
1252.593
904.94599
1001.0291
1216.6678
1152.5035
1222.5064
1047.2419
1195.2966
977.9928
1052.3378
1064.4606
1167.0439
1026.4022
967.75201
919.09394
1016.8795
1296.17
1182.2083
1467.878
1358.4484
1255.727
1036.807
1150.5457
1018.4716
1157.5133
1084.6547
1155.4047
1119.4178
1215.4308
1026.3013
1126.3544
831.6467
1024.4833
1167.038
1158.0948
913.90069
1150.0208
672.46969
806.50447
969.87426
839.9631
946.58608
672.28116
1031.9969
1196.2646
1081.0907
1074.1419
969.27044
1172.8267
956.57875
1130.703
882.60333
994.52206
886.43348
1060.9808
1214.6466
1130.7066
1122.6685
1124.2611
1182.4743
1071.3752
785.67455
550.73365
1049.1828
1156.5646
854.75366
1376.3955
1116.2059
1389.0498
1241.2378
1149.2448
1050.4265
900.37517
1108.5462
1026.7915
836.43689
1098.5872
799.99107
1185.1985
1094.5374
1156.8171
1060.1195
913.32726
1030.6982
960.16524
734.46007
1064.3881
1015.6332
907.32699
1128.5547
911.06354
913.2394
1087.9199
988.36252
935.44056
1231.1396
1293.7702
909.63324
1025.8173
1157.0097
865.84245
953.16987
1114.1966
1059.4295
1087.8854
950.32563
1025.7841
1068.0149
1287.8304
1082.0448
1195.0644
1052.4252
815.16117
1075.2768
1049.5862
1152.1656
982.94932
966.82756
1073.5282
1194.0561
1407.8229
1383.2439
1197.0721
1172.244
1105.2086
939.54387
850.79975
1053.835
967.03362
1000.4419
1087.0817
871.92115
1267.795
1274.8906
1081.9189
1112.8258
1063.6713
973.98084
1187.7586
996.22698
1159.0938
1118.3187
1290.1875
1075.6962
939.65645
1108.9047
1100.0693
1047.4055
997.38512
1296.6701
1219.2997
1146.5665
1094.3028
1173.0048
1200.8611
1112.9903
918.06105
933.12927
1136.1066
852.65078
807.58953
1027.4539
1053.537
993.78965
974.87695
865.21203
1000.4197
650.18945
924.74427
868.05816
821.17655
801.83323
1234.4764
1068.8525
996.13595
1288.2229
1231.168
1121.2892
868.6439
776.8818
1043.5387
950.82544
1142.6479
1132.4872
1075.9347
1053.6615
991.52987
897.08614
1155.6354
1081.6667
1036.7032
910.08318
1395.9203
1239.9214
805.0739
962.2623
987.25477
1044.3047
830.00915
1071.567
903.78687
934.68934
1275.1553
1016.2768
959.24071
1297.0667
1202.7641
1175.4873
901.36885
1012.8589
1228.2361
955.09424
926.45215
864.74137
1048.3185
825.86439
1362.36
1034.4178
1148.7352
1183.7076
1208.95
1095.8676
1345.8672
1082.6944
899.65696
1166.5311
994.78438
1321.8702
1282.4367
1228.0258
1102.8171
1321.6611
1181.174
1209.3398
861.47311
959.26125
1113.7906
1176.1614
1086.3784
985.70857
945.1685
1182.2764
1098.863
1078.9547
1098.5679
1199.5985
987.57278
991.35096
1081.341
803.61642
908.12072
1056.8405
1090.2989
1158.211
993.45872
933.75268
1147.1078
1119.6232
1026.2971
1265.2428
1013.4241
1226.9976
981.06914
983.41348
1257.3422
923.75536
1267.7753
1143.6857
1107.6975
1048.0686
979.78007
1088.2952
1023.6732
865.10393
646.61184
698.95825
843.44869
981.03159
926.0692
960.55326
1048.2022
1038.0305
1038.8054
949.53328
979.65794
885.02526
778.17629
1062.8837
1311.494
1161.8386
1182.2303
724.0305
1091.5383
800.01143
946.32692
1031.2316
1029.1869
898.10341
978.14135
1201.0534
966.60886
1157.1419
1101.1975
1103.0214
931.70354
1036.1322
983.49741
944.45121
1167.9906
1020.0265
873.81719
926.16255
1009.2825
909.69301
1043.2058
851.39413
1005.2793
1156.0583
1086.6814
864.852
753.94691
935.39938
1027.3906
1126.0073
840.69232
1010.1262
936.08528
1001.8015
755.09021
1098.4722
736.79816
965.30671
917.21819
1087.1306
1017.3055
1083.1548
748.96756
1165.6749
1089.2305
1146.0933
885.79848
1017.2087
673.73026
1187.9712
1010.017
1053.0944
891.5236
1368.5155
1228.2007
1300.3394
1068.021
1137.4502
1269.3363
1210.0994
1384.5411
969.7065
811.34696
894.77517
1167.6181
1114.3996
957.00521
889.98975
860.72137
1255.1201
1096.2131
1135.2836
1060.9492
1141.9063
906.03803
787.64897
924.57823
953.53538
950.38051
956.19078
1231.2114
812.35459
1199.4979
1107.0934
1186.7032
890.25368
901.44293
892.15916
1143.5214
1018.0082
1065.6267
1021.8937
936.27185
939.42233
912.54266
1282.1412
1217.4048
975.69632
1393.4292
912.28466
972.11661
941.61267
1114.0485
1234.5389
1279.0243
893.69195
916.56087
1038.7663
917.76836
884.6578
747.36803
1133.3056
974.44562
1268.5807
1155.3472
1219.5956
1092.045
992.23734
950.20492
1008.9475
988.36465
957.29507
1317.6843
1178.41
1280.4363
1237.5815
1347.5735
1060.1207
913.65548
990.29882
1074.7143
1250.0803
952.79236
808.30492
884.98942
692.49639
1123.3514
1201.3298
1087.2887
925.99573
752.24565
1127.121
1025.2685
760.53062
1040.3892
1137.0667
1193.7097
1233.0349
1115.6329
1266.7842
1058.4947
864.74437
862.75929
892.22068
1006.7653
1063.4284
1054.921
1006.6412
817.70466
941.5332
1133.1
1141.0422
1032.8051
1069.4923
1114.2994
899.25679
969.90035
890.99506
1016.8014
780.8181
1016.2918
1179.8507
929.77159
969.93224
1138.3792
990.12172
1214.8142
1147.8149
932.97515
1214.5011
1401.908
1098.3471
791.42509
1049.8925
835.35943
1099.9395
769.15679
946.31869
1295.8299
1353.3563
826.83109
1236.7826
788.80432
1150.8668
767.50439
1050.2793
1082.2729
941.74273
881.17223
957.67307
982.45936
937.20824
1074.4276
1166.3113
1070.5348
966.45179
1331.3711
1014.6721
1056.36
1012.26
1106.5871
1065.0348
1250.3872
933.27303
781.40554
715.13876
1060.5419
1205.9856
1118.4842
887.85944
1054.456
1133.1921
1023.8418
932.09252
1073.6868
871.45791
1035.3051
858.22532
952.99023
1025.794
1139.24
1141.2817
1037.6914
1238.8013
992.87812
975.61851
1059.6041
780.42923
1142.8369
1060.7724
1045.0943
1041.1399
790.76049
831.47459
959.78889
751.55723
936.95828
812.56399
795.32585
946.78216
865.8245
964.23882
774.50126
1144.6975
893.29606
869.11125
704.41161
819.76587
929.69909
898.1516
664.52883
941.7578
976.38302
954.13026
823.69969
763.36986
753.35024
830.66641
1202.8269
1008.9466
872.18411
774.10589
916.79715
1055.6816
1277.8038
1299.9441
1057.5513
1099.3526
831.86056
1106.6117
1024.693
1177.7037
863.54337
993.37529
1163.0788
1016.489
1104.3825
985.47206
1180.4473
891.7764
925.12729
1160.8536
1195.3602
1140.4473
969.20426
773.78766
1117.9825
1127.8629
1212.4105
1364.0354
1006.2446
1126.1599
984.25587
926.86648
845.70098
1008.1846
985.24296
1184.1721
1059.7866
1186.0958
958.35798
947.82377
1153.7202
1439.0816
978.35856
1319.2269
1079.5782
1018.4268
1251.2861
1127.9146
1094.6293
860.36402
1268.2135
947.03337
1038.4406
1066.4053
978.41611
1026.2842
938.09893
989.77172
718.14807
1238.7818
1144.7293
670.50704
680.2159
693.24237
1229.4133
1110.968
1051.4872
860.49133
934.959
1109.8941
1029.4457
987.09903
1221.1515
991.84333
1006.9185
1192.1836
1098.8472
1094.5691
1215.7707
911.10194
1124.2755
988.70971
1195.3933
890.89927
957.0836
1104.919
1101.8668
1417.3705
895.86661
884.43355
981.87822
839.68112
1119.7584
1187.2045
1015.035
857.05609
780.98611
871.0424
1063.1808
1282.2529
1198.9567
1040.9473
1089.901
1066.0338
1294.7657
1203.0988
1158.9837
1015.2573
893.01733
1216.5375
1301.4486
1053.3091
838.69102
1028.5796
1215.6528
1176.867
1093.4287
1209.9805
912.22841
914.86344
1036.5426
920.447
1197.4379
1055.1196
795.24071
902.47823
909.69348
1188.7061
1301.0235
1512.7446
1213.9531
1157.4818
1277.3784
739.05277
1096.0895
909.92102
1022.0031
1330.428
1160.6267
867.68355
1092.177
1231.3598
1115.5585
1068.4018
1379.0091
1078.4463
1117.9632
589.42996
921.23778
1011.999
912.97463
971.3428
1198.5205
809.28582
747.48346
792.2339
1116.6025
885.28394
1000.2178
1119.4965
1111.2111
900.65635
935.54158
1158.5518
920.81809
1164.3013
920.88414
875.89776
830.60539
1241.9973
1002.3672
930.23605
1185.3591
983.30167
874.97441
892.02752
1090.2005
1051.9345
1244.711
1147.2139
909.48951
1306.8546
1137.2577
1187.5523
986.6041
942.11193
976.95694
1377.4589
1181.162
1362.3159
1124.5311
983.30298
916.42694
1028.2471
1003.5312
1394.5176
1308.3995
1387.4177
1123.9396
1089.6816
1108.7261
1191.2932
1076.479
735.50391
871.91452
915.03121
1046.0298
1018.1322
858.1872
1004.7535
807.90136
844.95407
1137.7683
970.47608
901.20299
1065.1202
1011.5845
1101.3407
946.96304
1078.7052
915.66482
917.58709
1192.2403
1080.7253
840.77294
1010.3486
887.54641
1043.1444
1019.0842
1109.7154
1183.2981
1031.055
1362.7605
1151.9416
973.02687
1000.6313
1110.7444
1093.7068
1185.9414
1084.7098
1194.0096
1308.7976
1113.274
1340.8617
1215.1914
1327.8077
1054.0846
1108.5318
980.31732
953.95911
875.08986
837.92785
976.81772
730.63678
1053.0305
1271.2388
1298.2182
1002.156
1033.3008
1251.684
929.36838
864.11262
995.65442
1018.2299
962.46642
1176.3812
1170.1278
1090.7642
1194.5546
789.74386
637.22737
1057.099
1202.0268
801.96641
1014.2306
1047.0048
1051.5387
792.00274
951.20798
892.3808
842.04751
1001.7338
809.16967
924.85056
1053.6086
984.63057
884.51826
896.67526
1062.2557
949.09229
1016.0445
1160.5343
828.51135
854.15205
874.17063
956.32314
998.89929
822.48205
645.81213
934.39074
767.05457
450.21209
654.43282
940.43759
838.3665
949.37353
1069.3973
990.09048
1243.1537
724.65495
985.14034
1192.9062
1020.9695
1057.9228
718.45455
1052.8273
839.15021
765.6086
1148.4485
1003.181
983.84502
1160.746
1187.2441
1026.7762
929.15628
1015.7114
815.77484
795.33436
960.48073
737.44291
692.29099
1042.781
850.57316
1056.5063
985.39727
945.51572
804.82901
715.93687
1133.9632
1208.1781
1021.8467
1327.6269
970.86072
857.68956
899.48632
1001.0662
976.29844
1003.9435
960.76318
1184.0591
856.14253
1091.9666
970.51208
1018.5123
1059.8388
1032.3158
837.6012
947.36608
859.96136
1249.6303
1032.5813
1169.3743
1036.3338
1122.667
932.85269
1128.5283
1174.8927
995.31753
858.70631
1009.9394
991.38056
980.38122
1025.5009
945.44901
737.91294
564.72324
611.67231
665.4312
905.36543
1148.2409
1208.1994
806.09419
875.57768
928.28197
1221.8774
905.23937
1073.8304
1045.1092
883.16758
850.47453
949.84761
790.06525
865.94488
915.01783
920.62697
924.03871
1233.3622
872.00991
1124.5032
802.40555
1069.8517
1124.053
873.02477
1042.7802
630.49093
1013.2205
875.52659
913.32894
922.79957
867.63917
792.15378
1084.9954
1146.8959
1053.908
1009.5626
1071.2824
855.29064
966.02311
1206.8317
1373.0928
1065.5232
1182.7572
756.26347
807.27821
798.3427
828.1065
1126.5403
1008.2664
995.22476
808.4733
1015.7883
1022.7979
1015.7251
1098.7022
980.15207
832.899
804.25082
1013.1916
1068.4757
961.55973
1020.7508
841.98755
915.87143
1284.7848
939.06277
897.48665
817.83346
919.49109
604.10822
803.21974
875.91497
1020.7774
910.81513
1010.8072
1050.7678
893.05911
846.11022
771.66938
1017.9098
947.87489
1140.49
1181.9114
987.45344
899.85092
985.14326
1094.0777
861.34357
1118.7579
993.33748
795.12567
851.42903
969.12582
804.1787
1126.8673
934.67787
1016.1286
932.90776
933.16358
1131.4247
985.42652
901.02136
873.75132
1011.7301
986.00584
1008.7826
1162.0364
1126.6249
974.43917
869.48432
978.40486
706.33811
1020.4367
1002.4945
913.97041
735.48076
1122.8564
1033.7748
787.09213
952.05898
882.6727
892.96979
945.99668
1013.7206
825.93624
1092.2069
1216.1579
1129.1144
1095.975
1012.8279
986.04765
825.69129
942.30883
1155.3847
895.14497
866.8903
1069.3054
761.08503
707.85673
1006.6401
954.90107
916.97679
986.90806
937.21701
1013.4727
909.73172
994.92851
863.93581
883.13442
899.49125
1123.4734
1094.7917
1024.4594
1091.8797
1016.5389
1043.514
1068.0121
1058.8912
909.37582
1089.2557
1134.8031
1138.8574
766.18199
996.88588
654.27669
903.57772
1044.8502
1177.0412
857.7809
969.75841
866.99858
941.58945
996.5623
998.94124
1010.5456
1105.1668
1265.4893
1047.49
1047.7542
1052.2246
941.34899
928.42908
1030.4
1003.2744
1011.8111
1155.1583
1189.0921
1072.8904
974.54026
782.76672
940.85179
759.69279
837.44278
681.72606
1087.2076
1047.1679
985.31958
926.29364
671.66074
828.13303
1162.4713
856.25696
852.52571
770.25336
1012.5329
740.19875
721.56983
731.73538
890.29491
1014.6118
814.53729
754.16818
988.3345
889.21914
1096.5
709.28791
929.5327
948.53343
886.45856
990.10253
1209.2741
923.02077
1108.6442
1170.6428
951.24517
732.78345
805.8117
964.43465
813.10881
724.88822
1059.7337
1022.1913
1051.9314
972.9232
744.65488
723.98554
958.99972
892.56557
877.13685
824.26455
941.10558
917.91096
810.49908
885.10815
901.8315
689.75988
773.00502
759.25459
673.05129
962.08287
968.89593
1022.2955
1303.3035
1051.7221
1123.6151
642.89242
827.38109
877.38748
757.94539
944.76625
1136.4532
1169.177
937.84338
939.8762
940.90646
962.26248
1124.7726
1004.162
776.71217
945.0816
1269.8483
887.90434
920.01467
822.64823
865.86255
1248.3155
1154.3837
1108.463
1047.2028
927.57228
1165.2854
950.66445
794.4245
1017.5028
960.90396
1017.0647
1038.0263
984.99858
1054.5053
803.91792
1021.0989
1037.7098
732.60065
1038.8225
1071.6806
871.82877
871.5221
926.7578
495.60678
997.93166
938.3741
1060.1353
1056.1173
1029.6024
1079.497
919.29581
1041.6624
744.75321
984.60656
986.66489
1152.1309
930.00079
956.46325
986.12256
1126.8395
1131.3738
1139.0293
1071.6103
1244.998
1023.2533
735.40578
831.92209
973.4705
1099.7137
1204.3861
1113.9385
817.34543
988.41915
885.89768
1064.1092
1190.3025
1052.1185
742.104
1024.2634
932.91339
966.85786
1062.8146
1113.6924
972.97352
896.14543
697.94636
657.2367
940.56453
964.20244
934.82346
676.30716
640.68308
1009.713
905.29103
852.15442
1157.9454
1047.4427
788.12155
918.12635
956.26999
940.20296
1080.0136
1070.8977
1135.9866
980.29917
902.06795
1119.3088
885.98685
905.24056
815.78525
888.8715
862.87068
752.8404
1109.9662
1018.4178
1171.1615
1040.0575
803.87018
1179.4358
1084.828
1082.6988
1138.5548
864.09847
1144.2949
1075.1267
896.93005
1224.1496
993.85737
906.54698
1221.8704
939.04914
981.9311
1195.6633
1039.091
889.16117
878.53442
875.28479
591.80941
724.37587
814.42266
954.25364
838.5622
1202.4013
783.29435
573.14874
911.47399
806.46859
960.38507
1008.6645
1196.0212
1147.127
1000.2227
985.87232
1082.3467
1094.1427
1274.5161
1235.3408
834.5286
1184.863
967.74129
881.06003
914.69133
1062.241
910.50528
1072.7489
696.36378
941.40977
973.17515
1045.2285
792.91864
946.12163
990.51003
969.68842
1130.962
986.63992
998.61602
934.43574
822.85778
639.26642
1198.4008
879.648
731.06745
807.03248
1021.6636
1055.8801
1202.6134
1306.9312
1075.9305
893.34374
1127.8494
907.92388
1020.2404
1279.1754
1039.0873
909.5669
856.58505
698.39233
929.09982
799.16393
1243.7492
885.31119
907.58478
901.43158
908.28467
797.80704
826.98282
892.77877
1091.6157
719.35252
660.27678
710.37521
907.53105
872.20537
812.38865
833.18582
681.1157
857.90772
857.99774
913.10477
1014.3347
922.89687
1104.0722
854.26711
770.91686
681.79992
997.78131
768.36067
990.66589
897.80937
1241.5471
841.19202
704.17272
886.67862
966.52826
998.16216
919.10933
756.68006
1093.7098
909.44276
744.77251
979.05073
915.61073
821.57896
691.0999
671.12215
987.07183
870.01492
753.77071
862.42467
1017.0896
913.85057
540.73535
597.32629
971.04701
835.13158
1067.6415
821.2309
981.55797
932.936
992.59348
918.71324
969.35876
1005.9624
1014.3017
949.31773
825.15425
932.14629
697.02892
882.72817
1032.1787
1054.6849
855.24284
747.13286
777.43266
1113.3371
802.53617
1030.2115
879.61985
923.06802
906.72693
820.58898
1041.2457
873.66653
917.03504
893.75007
975.83712
950.20805
953.83486
826.38652
816.36868
742.57156
955.94384
818.71002
924.38135
775.1342
846.9347
1003.1499
910.81024
944.49889
732.9474
1016.8437
821.35223
1003.4761
745.75712
959.47641
1126.5179
1027.4961
1190.5944
870.86196
878.49081
892.31336
1048.163
872.79612
1057.162
972.06515
596.22237
892.11562
745.91499
937.94218
710.93171
1056.4127
1190.6913
1015.8686
749.9008
503.66026
854.97428
951.30835
1024.6607
877.84513
791.29328
919.51694
808.86836
935.47683
889.29294
899.59712
851.01622
831.99507
974.78018
809.66791
885.2737
906.53327
783.63371
999.82166
855.48308
837.28197
652.80431
793.126
718.31655
854.90091
752.75834
754.09863
758.53611
741.55945
707.36427
740.83509
797.62931
705.75086
701.8743
927.50953
866.39218
929.44758
861.24053
857.05727
877.73053
431.69678
696.1142
832.44893
915.55908
1012.9764
843.13626
763.49812
924.90621
831.46751
1100.5926
686.58599
692.80183
631.45605
1015.5429
797.75122
836.25155
911.78354
868.94898
893.66464
990.69311
1069.2149
832.31783
710.81849
846.11612
916.33392
1062.6493
1008.9598
1071.9772
1120.9079
1031.3654
1038.9223
1079.9128
1309.5873
1230.4761
948.28774
815.92763
510.58916
796.31297
961.74407
844.72596
939.30236
859.30737
796.96337
686.71178
962.03715
919.39583
909.88681
1093.467
1260.8728
955.42571
809.54114
1077.8429
862.15933
932.38123
889.8051
780.6301
997.41047
852.77311
502.40076
864.42783
835.71895
820.61675
831.55904
847.47385
933.56836
735.35779
994.16199
873.28352
887.54477
995.07716
1052.7464
864.92571
923.13573
738.2393
804.53918
1057.2149
908.49188
872.01259
682.48432
996.99017
478.24909
640.57075
771.35369
1006.3479
1025.2191
1040.807
900.7824
984.84196
772.2895
799.39783
763.27257
880.83655
1025.9046
989.82072
1043.8175
769.88838
667.8125
808.14586
672.10384
761.85704
871.99382
979.80242
592.48187
750.32345
760.4905
963.41738
1055.454
899.74738
803.88808
714.06429
789.14704
805.45758
981.2949
921.05579
793.0862
568.98721
838.43228
558.94312
650.35748
843.74306
686.43778
670.85346
715.97123
1016.7402
621.72372
777.67415
503.80219
667.77727
1124.729
867.38185
785.56972
710.28729
823.3426
850.39237
966.12206
1049.4827
995.24166
1105.7228
786.59263
657.52365
898.99413
797.10202
829.15853
918.65962
750.12276
906.06374
753.62895
734.87407
810.5871
784.6024
783.05053
949.20203
1051.047
559.73279
938.72305
651.49129
825.62195
566.2037
587.02153
497.22368
845.41256
669.80168
830.86085
735.19688
562.63208
481.43471
639.60951
628.45592
730.61435
733.20655
837.76537
754.97381
925.80265
835.62736
847.25089
681.54626
761.12929
408.00776
790.77301
810.22003
686.13339
802.5692
706.73259
653.6984
683.6679
601.23196
931.49523
641.02591
805.46857
798.01141
1015.2446
1096.5445
1085.2137
791.41345
569.65115
556.24091
886.02422
804.69639
850.14645
708.66232
857.36402
877.37711
560.01636
791.44524
880.23026
859.53611
921.0092
844.03582
1018.8644
673.7377
1046.0896
571.89438
841.3983
840.59952
878.39184
634.39599
1024.7738
984.72514
898.00192
653.35975
692.15108
614.45981
581.26556
853.24656
1065.5727
758.31755
840.67634
778.34819
648.75932
556.04498
852.07511
949.58054
920.13554
735.21154
565.37886
671.19237
712.24989
749.72617
903.42255
922.27166
872.6759
755.12958
960.49117
1011.757
570.20441
626.52731
506.6952
716.67414
702.63688
702.0703
945.53236
918.67714
678.61644
553.43738
536.12632
713.33584
479.92201
564.11365
333.70645
508.26168
653.24786
654.33765
497.84215
596.27729
745.60076
511.12853
813.61012
634.86982
996.34028
659.89095
1063.97
983.06001
921.43329
860.33623
867.31541
854.84767
853.64499
400.13353
659.87629
653.74364
815.23592
831.71821
747.66294
752.53023
876.53244
730.60655
604.73634
780.50544
710.2927
936.37962
799.63454
520.24313
713.64731
712.15434
922.01715
910.24641
1130.7742
961.37252
927.68683
810.13237
954.01571
828.89929
939.85621
849.36202
899.61837
1039.7798
802.08882
890.56993
979.73246
703.41598
904.74468
892.22111
971.24449
926.81225
748.82753
779.03824
917.58111
747.09833
824.8747
994.45236
1012.0071
799.08969
828.85033
1151.5757
1132.7545
1106.2302
916.53021
871.92582
860.31702
1038.8202
729.99486
835.34449
893.49725
734.91679
908.68183
829.44587
617.06339
884.55288
771.21806
922.24668
833.15131
821.85577
1167.0639
724.3416
643.2728
876.24906
1011.5422
877.87822
849.5298
1080.3232
863.71375
864.30918
818.31073
821.11207
800.33705
938.76308
715.04295
604.77049
907.07883
892.93543
815.59438
1017.5515
936.65937
884.81932
771.9092
861.06593
862.35364
1084.7134
969.93299
741.73751
953.08196
825.11573
1017.0147
934.00208
1010.9846
805.35292
1068.3375
1049.8658
801.60553
810.92692
714.60476
943.48075
944.98591
1243.776
885.76218
1112.8549
665.88984
977.32768
795.25636
1008.2139
797.88007
958.83809
1266.5041
817.29398
787.4726
814.86734
944.91783
1007.526
755.70265
949.62126
689.41525
893.22733
708.24002
876.14957
1127.3762
767.00073
1148.3984
1065.6571
926.40095
1110.9733
896.74032
978.68183
725.42356
687.71316
1177.4551
1048.6233
1216.3325
1098.8363
1128.1822
908.79875
1000.3933
1051.4276
982.56042
756.14409
767.3156
863.71709
793.10841
716.30473
747.77142
830.00199
728.16061
653.4279
734.84351
782.60547
737.91549
690.3051
639.17211
834.17252
792.96076
662.14125
729.1572
824.00201
980.55719
816.09974
865.80684
820.65128
710.2128
758.21209
528.82383
682.4355
858.10338
952.13905
998.44516
790.35989
942.03293
762.02187
811.4256
854.76481
579.33469
774.99084
1036.7417
984.7187
753.32702
1115.966
1023.8919
688.70381
1149.215
828.9067
753.52496
806.16276
937.07515
988.54792
718.47384
1006.1766
952.87846
895.16855
986.12806
817.16005
909.62294
575.96134
868.42616
665.29983
804.67296
887.48204
949.33948
992.66995
881.63655
852.38698
864.89724
766.85313
695.36783
1116.8011
958.31122
1250.9395
877.61134
659.21928
705.08337
694.17587
796.61968
826.18595
1053.5292
560.76433
575.66319
626.45693
884.99597
800.28152
1026.7455
983.43997
829.62547
666.26958
769.20368
1089.2964
980.98385
1166.8931
972.63494
1068.1012
837.28095
802.10958
940.37926
701.14186
1136.0289
599.19454
654.99303
761.89794
832.25781
983.99666
883.43275
926.36504
600.37868
738.16673
759.25065
796.88944
728.10399
701.07262
640.14994
809.3337
806.97825
1001.9186
899.65541
804.81035
1205.2568
1061.9203
806.93464
670.60331
844.50333
712.71691
982.86272
945.94512
995.56507
653.69998
1019.2713
870.12034
971.74456
810.9461
720.92788
767.26727
829.57047
655.76013
682.35993
665.79043
934.97842
1007.5821
795.6773
737.34779
767.08771
639.98325
842.54185
973.93383
923.81513
940.99925
705.94818
793.37374
680.35572
825.35355
928.10249
706.64337
953.26066
752.32376
898.63497
821.66322
860.1367
1075.7651
613.92383
808.67714
823.54736
845.31561
843.35452
846.42458
839.52422
830.99279
1054.2639
873.13085
647.02102
857.2903
565.52325
814.91032
932.91243
935.71646
968.2355
880.51632
986.8751
657.32313
559.5985
779.81496
763.51926
610.16502
801.96946
775.52391
578.52725
854.68335
810.47635
871.45425
782.33755
919.16729
680.80226
747.17571
934.3171
991.72737
940.8866
965.016
975.33413
959.24254
825.53679
924.8708
814.86134
1018.2315
879.4461
1059.42
1006.3332
840.04369
788.42972
845.52832
893.3662
846.45493
827.52085
656.39524
793.33018
706.22962
993.06707
1050.732
939.83594
997.23903
892.19675
768.17125
716.15973
905.64292
1200.7834
961.57557
1062.1953
823.47312
954.83728
1040.6968
849.92282
730.59018
518.31992
805.5802
1077.2315
899.20354
1072.4753
855.21013
794.63408
567.55929
807.92946
1052.3868
883.91583
792.39155
465.16675
705.97916
663.09779
685.92439
1022.3852
890.60853
574.0786
837.86306
870.91026
915.13503
800.60992
856.8203
768.1438
736.82423
1020.9724
666.31988
672.78973
739.63758
717.86468
670.21279
760.21043
806.49284
799.31854
704.56844
872.47483
823.52366
629.7234
812.99086
757.02261
759.93073
540.11912
771.53451
804.38665
927.62976
884.49674
841.15332
761.35573
641.86715
719.0567
690.97066
745.40558
584.46755
758.00052
650.79409
723.31231
528.46656
779.21367
692.53636
766.19839
586.71607
532.38802
653.1987
491.51175
907.8529
873.94406
639.00734
1005.9415
938.707
755.89822
754.66891
742.96671
728.35915
647.97222
788.58283
1014.6796
705.54129
821.06894
925.7618
891.70644
576.27396
942.92801
797.87912
642.2134
788.93545
600.84348
756.65707
788.37229
863.70216
1068.0603
801.29504
963.92488
817.87279
536.67245
738.59163
740.87967
814.43892
948.95396
1046.864
887.50005
875.74618
686.88234
1123.5898
1052.629
798.93482
623.43594
682.28911
863.30492
1071.4366
1018.8012
776.25697
557.26892
621.46482
667.61516
732.96491
715.31039
669.93361
774.31457
667.80477
726.55716
944.79352
577.41612
725.28123
698.96865
700.63407
746.61986
621.36793
766.48832
619.39468
820.15966
896.53645
669.03704
877.82058
791.82288
341.5718
584.33221
452.7815
576.86151
1031.3326
1013.1454
767.62933
574.19979
524.04657
827.56429
602.36821
783.17625
802.49307
851.94164
1055.8201
850.65818
583.30937
712.6357
816.84074
495.03316
678.14923
954.80565
844.49451
631.59322
772.50914
831.75034
682.9936
731.24686
701.48463
638.76986
601.28985
933.94521
1000.8538
827.0386
644.25455
921.42223
825.03289
868.207
525.63469
559.80628
489.30085
805.00617
1132.685
1047.3935
508.71777
933.03007
667.73449
695.50415
608.95548
848.68269
895.09547
853.36529
835.71518
663.75711
785.71043
589.9958
684.66132
822.2436
632.26738
922.09057
814.79087
687.36482
943.12625
865.01987
763.40274
469.57989
712.15479
837.68565
613.04818
824.25054
697.99542
665.50647
851.93216
890.66978
590.57102
556.61486
598.86246
988.78826
871.12472
944.74137
759.76975
682.03983
473.44058
854.16517
945.67348
788.73597
980.10684
685.17732
701.01475
571.82682
700.5776
848.1045
824.63292
657.26463
611.52635
654.15623
691.77845
720.2419
912.2553
835.65592
799.11737
740.94763
812.00784
798.1884
522.36913
829.59295
746.02557
593.68708
718.0452
884.55422
505.78294
536.9069
739.32779
482.31565
671.53226
899.66937
719.90234
650.7266
852.85031
1011.7106
809.59486
910.45829
674.49697
887.02813
423.25566
769.90591
590.54645
970.7028
911.03355
799.00373
811.91796
701.63042
650.18205
507.25966
594.48623
707.14369
701.70749
790.4462
536.03867
618.1358
693.93488
881.3901
806.53664
741.65523
812.15112
717.41639
805.17574
863.6416
932.64637
859.10029
796.83653
816.4029
829.74224
981.11143
899.10936
631.41012
841.54522
860.37296
830.1279
762.80937
786.74563
604.91795
759.13129
676.24203
792.88203
721.8882
477.24101
794.9921
540.2154
425.671
911.73941
982.12882
891.54814
719.93432
882.32948
812.42654
631.41737
637.97761
794.41707
757.68795
756.31735
516.70269
491.68945
980.86178
980.10031
972.92432
684.95471
726.66422
630.42648
613.54293
790.09179
789.02452
466.05948
962.60319
624.44903
621.87639
745.28704
617.12662
706.69985
407.86205
742.06248
669.47649
697.66313
608.31154
691.46388
558.30761
691.18018
683.03763
768.38247
644.832
609.85767
574.38553
693.16433
859.46087
785.88566
693.26303
647.12491
587.75748
659.19959
571.22279
551.44654
449.07236
691.91447
775.07742
707.42626
871.41593
488.84466
701.78584
603.27159
786.13995
823.6417
516.59415
639.88662
641.75144
571.04198
868.02826
1010.5808
598.4739
817.94305
672.39197
640.6387
608.73682
614.56981
375.69534
561.17173
739.25185
759.91937
926.07509
710.12068
751.83049
687.44733
670.10187
881.11676
636.69096
597.01972
976.11217
554.86494
744.29094
958.98361
814.36871
875.20742
904.04839
703.72864
717.57746
614.63879
858.19081
788.19485
960.61078
952.11914
835.51245
634.63223
610.60616
805.80624
820.39456
634.00163
862.64911
982.16126
862.51095
757.45219
690.31719
534.11631
668.75301
824.40248
791.71735
935.3035
1081.1471
1110.3557
724.16206
632.50436
424.75026
939.17144
969.61349
574.76844
823.58129
787.87028
757.27427
837.33395
997.76437
691.7901
647.14349
624.1222
468.23445
923.86374
608.41253
1035.0637
612.02924
844.05403
755.97422
719.09674
731.76036
635.68012
753.86176
678.75065
531.2288
752.49471
660.11714
674.89144
875.64397
928.38671
647.27396
613.23844
462.18946
656.90819
574.69189
652.19615
523.67355
664.24351
664.73023
842.58235
783.75468
758.24272
653.39519
594.46886
604.29484
735.27739
666.26695
842.96347
739.905
555.06304
667.11285
545.53207
788.94335
565.47021
754.35051
753.36814
619.97137
587.60608
666.78008
844.62436
1042.1426
712.9242
573.64435
849.79085
516.06251
686.26693
1143.0834
876.58069
348.94808
533.90407
773.37989
1044.2451
560.97476
634.00777
622.69239
459.18045
536.71863
607.96843
659.2988
686.20709
672.10695
626.48733
680.67838
740.85187
665.5556
656.18044
677.68934
623.54747
535.9056
562.11341
478.37356
639.10443
707.79422
788.69518
886.33209
947.94087
495.5655
722.98389
741.73285
843.5615
749.07521
780.85538
844.60521
753.02674
763.72117
613.07941
641.20794
887.87105
704.78818
936.39186
878.28485
725.04538
734.03932
567.65201
850.10577
836.73997
670.10958
652.64396
630.70714
690.27369
938.45706
385.37222
807.51291
792.38055
942.24645
741.20539
738.60086
773.65725
853.01157
673.686
725.97045
389.44161
555.3371
699.22633
793.9358
888.33881
908.24412
674.96879
808.29502
847.93852
744.16856
721.3133
867.37666
769.64788
589.0218
618.21116
564.56633
662.3918
615.54827
915.12341
847.06813
836.49472
878.81696
706.99625
848.95087
735.50094
672.66493
649.52333
846.01601
670.54329
521.9318
860.73626
787.37355
849.75764
837.69842
608.69458
793.90735
685.34056
572.68423
765.05685
844.77273
930.23862
863.68146
629.89457
515.44193
586.74761
747.39752
995.52034
935.68423
567.27784
563.91499
572.44316
640.10291
604.35102
972.14263
682.27088
856.703
588.42238
559.64933
373.74193
462.404
889.24921
678.38309
619.80312
685.82182
720.41133
464.75258
757.71014
892.00206
783.76319
771.79442
820.47767
898.05385
832.56708
789.16266
527.0831
634.86238
502.09028
409.39847
702.15043
519.36734
698.18693
596.59956
646.6459
858.61599
922.29802
939.95524
953.44744
895.35963
1026.4352
489.13967
605.9174
541.049
1009.1599
802.40028
983.52471
636.8191
762.32765
920.80645
865.47537
915.76449
977.79655
703.97086
784.20826
870.76432
698.59661
781.49601
661.75109
878.69403
753.31681
685.01264
845.59052
633.64489
813.16245
820.12351
903.22945
704.51776
851.30742
902.44761
667.59368
702.68314
1043.9505
622.81441
678.02331
636.60289
691.9303
587.50866
590.38997
523.43059
814.03655
788.2182
798.83677
707.07457
536.52392
1061.5706
969.15803
810.10886
824.6144
890.41416
695.19082
793.41211
825.18176
610.12116
879.8419
799.43185
965.70519
607.33463
690.02714
970.39377
684.69907
562.48227
498.79421
638.49957
725.69444
1072.3529
945.02878
851.3737
883.37474
860.18835
944.37692
639.76306
748.98641
918.7216
1002.3248
870.4296
528.99156
511.76756
430.12925
802.8947
794.01375
737.50521
633.47232
706.44098
814.46315
905.28718
518.11751
690.3674
491.34684
679.54421
510.78169
540.13568
805.81612
396.82451
818.03067
815.99189
717.23697
566.0881
750.85995
720.03955
963.70845
873.51853
611.07189
717.31944
473.52093
561.43274
729.90586
579.70287
521.76189
722.43689
637.87691
445.2289
664.46903
741.36329
663.25973
856.13294
748.75735
787.56946
481.68517
870.22529
814.97433
720.88999
804.63239
568.90396
550.98703
446.09659
584.95516
910.09044
492.1286
794.99646
824.70662
743.14058
543.43872
711.8041
632.15847
604.24477
526.5643
451.2866
748.91879
578.83239
1007.9043
778.65937
874.03358
614.95378
678.05938
624.37331
954.23183
803.01323
774.06058
801.11324
717.45501
738.12649
805.03751
861.25166
732.01148
790.08491
779.67812
630.96689
812.41829
503.36876
626.39225
628.74849
743.18334
790.15357
735.33337
520.7577
581.70375
376.21937
436.65683
452.06707
418.19963
793.14696
602.01281
654.92246
564.40406
739.45486
592.39911
743.23818
596.33728
556.10051
729.28898
749.29221
566.29967
581.31227
688.52324
613.77589
858.40414
874.58336
857.06256
715.64808
817.64042
688.37493
518.85552
744.04554
829.64938
659.95436
751.67153
706.28365
694.34809
671.45602
662.05496
703.40295
945.83866
787.22304
1065.6166
720.36718
451.46409
663.38149
818.9732
552.02575
880.81641
864.51771
949.11044
881.87072
1063.4385
806.47201
805.8595
792.74616
806.7981
739.03586
778.46643
625.22468
763.43922
784.87781
678.1004
819.88695
724.06896
771.32472
573.9311
838.08029
644.58916
907.05192
737.8679
714.44782
724.80225
799.17995
1022.7073
952.34994
961.89144
773.62802
840.77548
799.86674
754.43122
842.58344
810.03953
649.24022
690.2868
887.62719
771.78668
843.82346
830.01598
838.41809
775.70804
960.22367
959.08853
1004.8565
759.84404
867.53492
737.6515
694.80432
1209.8573
982.04652
901.02169
1080.7757
486.16312
852.51995
857.28572
917.04092
972.42421
1093.3446
641.15
460.1618
633.6881
696.78886
836.32885
794.10288
980.18748
701.20878
812.3814
671.58828
692.84497
651.94226
984.48321
902.26277
1045.0672
942.67496
920.73988
834.83575
860.40264
706.75957
795.32977
812.80748
656.46911
856.59993
802.28935
927.65656
869.26967
1084.3625
650.46481
768.62409
565.66093
712.53083
605.38914
655.05266
343.17054
649.44531
529.59415
394.74013
796.98319
505.34929
518.08307
687.35482
710.49661
921.20409
966.307
904.44541
852.67845
605.48946
691.49067
583.31594
857.11909
754.23614
754.7125
841.73674
740.84941
745.43576
810.65287
879.42721
626.71524
638.55738
653.6814
384.74919
848.78636
599.49733
653.23922
551.70663
521.4993
480.44002
350.47368
482.05229
696.25941
721.15836
711.53456
714.45939
721.74961
507.28438
587.69962
910.29877
855.03153
977.09294
663.6242
552.69483
678.92534
811.40518
767.56455
401.30713
535.13192
515.05079
623.67932
629.89438
532.87292
639.34456
430.17559
616.20802
679.7023
497.93392
876.80289
701.43081
761.76374
802.78964
827.06546
932.13842
951.46075
616.64307
791.42258
748.36849
672.30215
531.96126
644.3428
773.54661
886.56657
712.65224
718.07997
633.55374
649.98161
581.16085
434.40226
659.32216
693.66738
796.15262
602.55777
740.33258
921.46694
750.49805
582.08857
890.23952
559.9517
914.47396
904.12086
930.25359
765.07293
848.43522
897.2537
1060.5844
738.88859
695.1474
520.6283
808.52031
614.20483
630.40067
827.81416
915.26599
714.12191
596.53755
588.68692
724.1285
563.50465
717.86172
651.37968
798.94593
714.14499
494.93512
832.40485
685.18572
526.77361
589.2939
488.43133
669.33301
750.03306
618.16014
395.70816
586.71058
866.51215
695.05232
532.92818
567.5811
591.15822
738.97187
703.31395
643.15244
881.12863
942.88394
926.81261
712.5742
613.80588
706.8051
652.59442
581.75723
534.42464
550.79799
932.34547
781.24243
859.38002
542.72766
761.588
546.60944
616.01281
832.39745
802.01828
979.8043
547.8847
751.43087
726.75086
784.23335
989.88308
775.90346
737.64398
663.84695
569.46509
621.99246
482.54239
636.85289
506.171
545.1109
601.75417
592.17114
660.49875
953.64337
953.75437
1051.6223
608.72699
507.31933
650.36815
680.85614
793.81054
875.82264
873.82416
596.79654
756.5019
534.63841
626.49157
756.26337
722.79628
577.78582
721.44072
775.28796
706.07418
790.95709
769.27443
791.0063
790.36894
686.55491
684.41049
600.36001
599.47803
683.52051
596.49564
792.62016
658.31835
594.44637
590.33736
638.93347
721.03455
854.14167
709.24307
1033.9014
673.69182
827.63439
787.12737
702.46491
557.29651
627.38213
871.98358
606.20971
366.11151
454.31929
676.11624
379.04967
794.44735
660.22301
861.23837
766.32533
496.5252
560.00224
758.77181
664.13995
894.06303
462.82898
574.47715
635.2058
658.70896
619.04457
555.94772
496.25133
491.25731
451.47753
700.2996
871.59205
727.54128
752.82951
587.47313
550.57728
561.80468
501.35262
483.40827
540.34702
708.43357
616.50643
891.68716
839.82658
763.59083
751.31377
677.19708
469.80425
835.86225
738.00664
751.15671
523.76846
801.56785
654.22504
477.57273
687.93037
736.18624
628.25066
836.64608
245.76004
689.73635
385.60202
745.30026
811.7944
649.18318
955.73106
883.75022
979.04154
1049.4269
847.18
949.37309
714.95872
907.47056
412.15475
418.63519
849.78431
795.67342
476.71565
653.38445
636.10146
899.80671
863.77253
664.85635
699.14175
657.86461
784.39441
1030.6772
513.81056
702.80624
719.47323
631.70843
983.85418
1022.1755
787.13519
668.78327
900.03665
471.13872
470.91902
312.46485
625.9411
893.05035
560.23667
572.03045
563.22228
769.54789
605.11938
865.13888
818.38277
895.35841
685.8974
1004.4981
795.38
752.08677
915.82954
972.5521
840.40901
754.16138
652.04869
553.36825
1023.6629
802.30591
1055.0883
545.12851
653.41997
787.08371
529.90324
926.01745
531.14092
855.18895
708.74481
773.50035
910.48792
569.74791
674.4439
782.40293
876.91302
808.68187
854.18564
860.57163
667.34637
781.19979
771.62461
804.77714
849.37966
815.63618
450.86663
566.30015
881.32243
1044.0924
719.57463
582.78737
682.98137
788.05643
681.94604
569.83704
778.55157
705.98553
807.7227
826.01284
785.94662
631.28874
631.156
737.77193
733.76069
846.03057
803.16728
586.44985
891.00295
922.94616
681.84896
870.18473
959.3854
606.57017
735.79001
420.74095
838.65532
955.23791
1071.658
896.30865
652.95526
729.46304
603.69412
912.12393
734.22568
688.76154
643.42105
874.78916
891.57431
826.52998
529.50549
968.25673
951.96366
793.77565
699.18989
812.2936
774.67214
760.61923
832.47281
738.86034
827.23395
1021.6053
819.42582
1001.3301
839.94477
951.44062
722.64421
1029.0135
830.68872
736.05597
678.81886
876.8525
847.75151
721.48562
519.93994
768.77578
808.80188
857.88763
909.34494
1025.9086
794.43871
695.78298
459.32194
955.90076
568.9933
668.81117
685.85511
583.0121
656.07486
822.68866
626.10575
515.93369
635.45039
869.46272
832.22733
847.59559
752.34868
884.22031
729.66731
638.22443
771.7939
905.31537
668.23878
533.89438
458.36421
861.09069
610.99293
1019.2327
693.66479
940.37066
967.20433
626.00859
725.66093
542.38689
705.75757
690.70495
891.52686
759.0702
897.00283
765.42529
633.33835
939.11613
870.19711
555.09676
758.75834
702.68579
845.09442
833.67265
847.61982
964.80965
586.65166
887.30059
726.06935
827.25217
1195.6374
897.10705
635.9257
806.81875
484.38297
717.97756
712.12717
1019.9634
822.54436
944.73204
729.73869
713.64755
843.3875
928.72981
764.52756
794.3903
851.05175
774.1871
708.38661
716.07787
805.39425
1080.9707
775.27575
1035.1207
812.72794
1174.4552
911.79847
453.28891
814.61673
597.18013
730.30166
897.48368
928.04926
868.14384
741.97197
736.85329
930.30516
676.07397
562.87045
1004.1083
824.72049
557.44092
816.18517
613.12513
630.40529
838.50429
968.34034
920.99162
681.26308
642.38105
724.5043
695.41114
860.68359
766.63825
719.9829
750.26695
708.51805
450.08659
798.66681
774.49507
986.70709
633.1354
835.09463
826.85321
865.07505
883.11729
716.39577
796.62773
1121.8555
845.71396
579.65632
900.84269
937.59382
658.90517
828.17954
668.60434
640.76891
704.07959
699.04706
1100.5168
972.02417
887.77611
1042.8185
870.15621
788.1096
785.75942
925.02253
708.92735
717.71106
826.15351
973.93053
909.94309
814.25458
709.06078
662.03011
1012.7162
805.75088
508.29933
790.06224
546.17844
703.39934
968.67172
930.89484
706.41419
979.61302
792.46072
761.23821
740.33104
753.6151
706.40174
588.57023
631.6219
327.4337
692.27502
1042.669
1144.1493
724.23107
593.7174
623.3507
665.9584
755.05105
769.2076
676.68907
706.37379
667.72405
713.61471
792.71099
569.15758
583.82239
596.50895
648.09045
728.33086
821.37262
854.43038
647.27362
570.89823
604.64075
828.81859
726.04947
849.25796
922.49006
663.08595
1018.7516
639.71699
696.09971
565.15227
566.43182
753.01436
865.06269
832.20655
819.23186
648.37948
629.25928
834.88687
729.71177
651.34718
771.11202
650.04013
740.66106
865.75546
766.61637
703.54218
1023.3592
820.57364
840.13551
805.56562
913.27611
973.87838
803.31242
731.61531
663.95051
613.96242
678.92695
779.93776
864.87163
788.19665
831.57617
712.84553
933.61712
798.88974
782.33392
728.81919
656.11775
935.32036
1104.0073
780.35516
944.52769
708.65446
613.12545
643.57339
642.91436
1104.3136
645.57007
702.04456
671.52459
527.36623
768.06963
496.76607
869.69505
825.55242
935.26351
736.66277
611.36442
762.11301
442.85831
570.86535
562.03094
816.52278
706.93524
923.62992
791.32317
742.586
765.0237
884.36568
813.09628
703.30119
569.89423
887.26258
828.40559
769.85915
819.03102
928.12231
826.4924
712.02208
678.3333
602.61831
601.8034
648.97956
490.34837
826.84175
848.99537
744.24238
706.1996
1105.35
627.40547
713.64118
724.15146
650.51231
785.56284
791.32467
688.39236
641.11719
723.28366
1002.5886
853.5757
657.52882
413.46993
540.92416
924.34067
762.59983
1085.8526
592.29111
875.76993
917.06716
727.48124
830.64784
970.00694
696.60278
885.97568
864.72542
765.23698
618.65007
1055.204
770.33602
1013.2385
632.247
715.16784
884.6803
697.78324
642.64719
612.17513
846.37486
698.59957
761.86336
699.07428
650.96715
698.627
651.3878
642.75784
451.17758
455.89243
760.67907
967.66796
703.17074
842.17346
763.66139
718.94278
605.17975
576.49406
928.13626
969.75056
900.81285
926.7543
787.72519
670.43787
904.1141
845.22861
704.4138
994.20096
789.70668
675.80931
709.50241
539.82045
855.1553
1095.2209
895.64816
960.97782
813.49382
708.61632
972
909.26998
993.17023
942.89123
706.82722
662.07599
642.87848
810.58999
933.10946
862.0736
600.52156
579.01368
789.82777
516.8053
567.62216
889.72479
730.04844
770.34379
435.66549
865.49851
707.15493
847.71094
547.40983
724.69155
756.8469
875.71392
802.02442
939.75587
804.52424
637.0062
800.84619
804.24175
609.30245
756.38528
876.23329
765.21155
759.07141
823.71085
596.46576
796.18046
755.78099
742.13235
741.94402
823.11871
600.31918
739.78124
666.96708
754.35978
455.77941
401.00315
753.10305
720.77345
555.84109
914.74478
786.24782
560.21166
637.4287
798.6084
623.2355
434.11163
789.9207
606.0253
863.0691
768.23335
708.80621
660.83347
863.6083
680.53818
438.9394
561.39543
529.41739
785.13225
1006.2658
906.11795
941.77163
768.78037
764.21175
653.05754
699.06503
882.21016
950.939
889.7799
825.20457
672.01517
924.88634
697.49171
874.30136
1070.6642
771.16671
548.78138
766.67373
878.32704
864.99575
866.63132
724.8224
745.80021
835.51263
717.37928
635.34159
497.09
733.67541
591.29499
745.23006
831.02254
819.52624
703.17595
951.7991
920.04632
930.66667
874.44976
846.83501
985.16886
868.3411
685.2512
589.49149
736.35009
925.48102
602.60466
838.01234
843.4031
1082.0812
760.52953
970.88843
815.75097
928.01204
1021.0843
770.31212
712.01655
692.66402
749.69019
872.87347
633.26752
490.34728
677.99155
754.29013
516.43739
576.04677
649.65957
638.37684
491.27156
624.91481
775.31247
737.2129
975.45714
692.45397
657.24715
708.70875
550.06492
852.62563
682.06194
804.15151
637.39422
694.23431
722.82615
816.61925
575.10483
648.5154
506.31302
741.64555
270.19271
552.19799
833.93737
779.13051
634.06556
800.59192
597.41496
699.65977
960.11058
888.46064
706.99638
967.51461
728.43656
950.31761
791.26789
901.96007
1066.2993
801.27127
584.23028
629.73259
583.37256
983.72194
858.94104
690.27527
838.01025
837.22125
802.2681
571.57994
590.44145
581.65685
689.09748
684.43806
793.29131
956.68173
709.83494
848.64649
835.84081
963.55751
857.5171
777.60027
696.08048
708.51161
553.59573
694.09536
458.86652
703.81732
614.54501
298.1171
436.91593
756.52746
707.56804
507.0334
516.65616
555.63661
454.88164
629.51972
253.21035
526.06121
771.89473
639.32811
738.39083
929.55584
575.11125
505.85272
528.1079
526.60633
618.01122
813.09894
597.39372
645.15135
680.04344
477.82293
849.55811
527.82437
657.9466
217.7986
619.67228
755.07921
580.45104
1088.549
987.70261
729.80099
889.47998
814.9331
677.94163
565.53951
951.23733
999.15073
785.58106
664.06115
686.27035
520.76868
704.99626
862.9234
867.19867
853.93559
879.73644
810.47573
567.95898
695.3331
766.93461
814.74625
626.94143
808.86357
684.2219
744.92688
874.42944
1017.5353
953.01771
1042.0703
743.57273
469.33384
636.12111
740.08441
798.23607
754.31045
531.08545
880.19609
696.99333
653.35533
711.85565
508.00157
568.43407
679.38034
765.35802
664.14097
693.43596
648.88198
510.84644
506.15342
722.47248
638.33364
676.81471
686.52987
831.91901
885.60166
783.17606
744.45861
886.10292
635.84894
660.32363
587.04768
842.52882
559.8168
746.12041
462.30454
756.90901
715.67869
627.54519
921.81645
838.46446
1039.673
408.47302
824.48871
476.75133
839.52199
701.32883
1022.3581
608.79293
612.68892
772.04022
783.499
364.54864
652.02529
746.54949
669.37864
630.6625
457.0891
517.89924
524.97018
603.70888
581.23257
664.39982
546.49528
568.4137
679.90546
782.61774
513.15912
809.54636
794.93374
842.03943
683.07899
707.60175
721.88062
701.10102
776.75383
594.99545
742.43121
632.13927
705.92767
964.95375
698.08088
739.19942
619.75
256.18905
789.62366
816.87468
797.73631
560.95777
748.95452
651.30875
468.61104
469.27813
600.18443
489.22949
821.17952
488.67256
598.85166
833.21987
543.98394
576.14179
496.17309
619.34559
439.13064
709.32916
655.69018
731.53957
593.3468
740.05265
610.66378
523.88354
493.28585
580.76741
705.73305
801.38419
834.49059
549.43115
518.59899
826.30312
583.99853
649.26075
743.03006
773.04496
568.19163
397.88726
634.86665
989.16807
561.77758
503.82584
605.30155
590.05642
452.86608
620.39716
585.06285
448.18783
381.79037
739.23274
503.4308
792.3459
786.72113
779.60635
637.35948
642.47987
526.57454
633.00603
703.72205
655.13818
682.02483
395.9352
413.3385
685.7685
585.13734
515.91071
584.24185
277.94235
828.34197
747.46857
714.1617
624.06938
556.64252
857.53985
860.95096
349.4556
558.01012
809.87336
863.82107
773.26584
870.99964
745.36627
510.72215
725.07157
481.11492
861.72144
570.83728
691.49125
621.20827
595.69388
629.83732
732.25992
578.62749
869.47844
347.51392
535.07533
370.69898
539.06286
693.88487
606.7424
563.36288
508.23864
589.845
850.54051
632.50157
486.95832
519.20626
484.24649
784.56667
816.40404
389.67233
572.29339
763.63469
670.1279
673.12883
982.4073
980.42301
721.18032
814.42312
909.5104
717.23522
744.98499
547.25784
609.57257
867.04945
794.01349
579.06459
658.62238
1074.4104
959.12124
974.33225
712.18045
633.3164
414.0616
815.63591
529.08985
508.75238
667.18474
470.32587
673.40481
644.81264
293.27101
743.71881
831.27675
746.70927
611.14152
684.14288
654.61218
679.40216
499.73301
792.28638
611.35323
892.98363
534.76317
677.65197
562.47201
490.93794
740.06733
800.34512
740.29952
673.52455
755.31136
590.21707
714.47193
725.4233
643.41595
873.80566
794.57645
923.9089
671.65595
400.98183
524.15629
626.17256
647.72954
625.0321
628.11126
516.01191
536.60206
508.04157
451.81081
440.67642
753.64798
595.26789
639.20849
639.36348
584.55121
746.31007
494.76973
464.5313
646.08084
678.5947
414.34009
556.88655
740.8567
635.77804
606.36971
591.23755
583.24646
561.248
568.57259
597.19792
830.06767
515.40751
712.10472
871.02938
858.54419
793.03171
615.71501
573.50239
548.09069
821.25174
681.23046
641.4314
735.3387
577.87555
347.46511
392.15417
582.13275
514.05279
539.97034
710.15778
674.20236
562.47994
722.20295
633.33394
480.66466
573.43452
562.31264
461.56926
733.49167
471.39137
337.10707
740.10725
507.10075
424.73909
424.798
708.10581
692.78956
658.14483
620.53072
521.48991
420.38027
656.4478
518.2397
815.36169
758.95574
978.01076
621.40826
481.09456
453.32998
611.04781
531.20134
523.81968
975.02409
844.47463
821.33433
762.24599
600.98302
555.98033
650.20852
787.84967
649.15552
769.15287
554.86052
595.61271
869.17358
972.17701
777.11129
343.27337
746.46289
790.26162
852.50682
831.61527
737.9479
620.39759
766.73354
649.01677
725.90881
635.64348
918.11919
555.8381
538.61729
684.01851
684.49669
723.43132
833.05272
646.08351
624.71812
791.36566
681.08595
698.81833
651.10689
772.61941
650.3342
429.30914
735.37665
794.17246
801.97863
510.67445
481.39456
459.15201
698.24351
847.34679
523.02376
632.82154
377.60172
674.69986
539.40497
659.40719
671.48917
600.40754
607.76306
812.11923
649.90308
605.04726
924.29871
698.11085
627.06834
431.5237
431.04644
491.32768
917.86745
813.46034
851.03591
471.47023
686.53546
491.05018
769.9542
544.17602
726.79426
709.45873
545.60619
549.72405
863.85643
761.61392
763.55552
874.27468
615.52677
658.51739
692.11139
568.57253
695.31652
448.3115
455.72166
372.14831
800.46928
689.59033
762.87997
949.00744
605.13281
723.93671
633.54828
806.26393
492.26227
697.12652
477.65314
575.29534
490.95745
458.88453
492.39508
720.3987
603.65671
360.68282
613.97446
509.57118
406.58034
374.0247
829.33775
725.17898
649.72814
423.03897
798.22117
910.80011
737.42879
822.87744
744.90451
553.49271
649.918
629.18721
609.14367
687.47119
725.9798
694.52252
734.38804
760.87155
605.00783
599.46127
536.12072
618.46499
758.12587
897.38168
551.12701
521.97509
482.47883
413.37926
367.21185
471.20408
408.7092
834.9092
910.44615
592.01631
538.77758
768.71417
788.87034
670.74704
817.53087
581.02045
654.94719
753.63743
349.62279
632.58391
225.10749
354.63554
514.13733
830.15329
675.95119
532.67106
697.6534
461.58192
643.20559
486.74686
675.79724
665.95045
551.07055
621.88175
819.60065
467.23588
660.97954
601.42439
717.92416
774.58949
624.77743
419.4872
601.38868
813.05584
901.98874
649.01215
642.54413
315.63317
425.08223
705.95422
788.32007
831.54257
642.12523
585.60154
846.77263
407.40211
396.63147
650.94586
710.33871
874.87152
862.53544
769.52523
795.88506
378.61757
511.37507
429.37839
587.84183
570.58967
419.58254
581.17983
481.17654
239.00701
596.05779
490.85264
780.98251
698.23392
577.90038
587.21555
682.73065
939.85522
440.56243
663.40749
529.68372
539.85086
593.35657
698.90071
785.15025
761.54304
884.35541
771.7453
861.47127
489.71807
684.00094
550.03152
328.34816
454.06676
739.33915
616.3706
527.94251
719.01028
381.37703
728.63473
849.86385
662.78696
610.49425
505.36562
553.53295
474.331
644.43109
544.58494
505.28926
551.09123
648.82681
622.9695
865.88115
725.4
748.46942
610.16974
725.6199
650.77616
721.22639
736.30536
622.12303
572.50695
368.36528
605.49083
697.20549
668.32174
642.82278
578.72162
693.0392
565.74807
798.68816
903.77203
791.2094
563.5069
458.0677
615.02605
493.43268
604.0268
540.4201
534.26373
954.71746
522.10327
628.16441
689.04412
678.36464
407.04616
763.74008
502.62883
781.14969
759.13427
591.10291
703.20446
513.9099
594.53128
585.28109
670.47758
541.03127
497.54338
604.33879
374.47861
693.13273
677.93914
387.55694
524.58275
722.09932
668.39447
532.64336
799.7508
675.43198
897.343
738.28544
778.44338
787.45978
544.28096
589.37142
754.16608
509.53803
679.76189
650.47614
658.20021
472.89207
460.24693
521.3489
505.70061
706.58326
852.70193
796.87556
885.32752
731.17988
727.93087
1030.9229
521.87111
720.39544
852.24055
775.5189
731.69332
734.87498
612.62531
569.32294
525.69768
907.02548
1001.9216
748.43796
367.19403
631.9342
688.66135
900.81927
862.84731
838.84198
448.84665
648.96548
674.48552
688.32904
672.65661
597.40172
630.69031
457.18115
739.31657
578.0225
553.45901
804.04281
496.37979
560.51321
592.38417
368.75232
538.23508
831.39198
768.47145
863.54291
856.16027
450.02621
384.66122
443.49032
784.86685
732.41872
706.24281
815.52868
651.6772
518.01134
701.40164
586.68554
749.02535
675.94357
737.60273
628.50205
622.54237
684.25668
689.89317
901.82008
669.39621
668.83382
506.61729
521.97087
740.45877
559.33189
588.44235
563.69114
692.52574
699.62799
820.7997
477.84951
301.94229
385.69645
597.33749
719.25598
794.53098
393.04815
566.34236
299.47858
723.72764
646.20749
487.12706
624.4078
586.68949
534.93123
627.6646
750.31802
712.56979
740.93818
680.77808
749.43762
636.95921
664.07332
968.2731
609.57528
376.22374
699.58698
818.2553
839.20554
534.36941
439.71304
712.86953
825.65891
874.79436
586.8027
565.38547
524.81913
226.6582
364.77166
636.71038
489.42812
669.29737
488.67434
643.38707
728.3721
911.41881
677.82854
719.59786
700.40866
675.76499
492.11326
310.07322
805.50459
672.22931
652.11417
753.32799
639.70287
530.55393
436.32647
853.42231
551.41051
664.19431
763.35146
800.68746
741.0982
780.9852
553.62616
532.41686
587.8604
570.09791
688.0591
722.39325
418.04315
613.63145
701.81965
579.80387
911.48011
751.01158
778.6315
557.92412
704.18659
374.54679
642.71683
874.89791
573.45446
847.0809
564.01049
593.62515
544.14299
516.83753
620.74402
759.85061
758.87501
539.0347
265.53448
350.93199
478.45501
719.63933
498.55546
961.90581
741.8077
502.00624
565.22454
527.25346
574.22425
603.07254
743.03666
417.00779
779.55893
811.34893
793.93285
641.63049
534.71755
620.64397
686.72371
799.98983
496.15703
601.26458
756.65688
602.13961
778.88926
407.88417
505.9827
421.02175
468.54663
523.67207
590.24581
726.34893
547.60048
442.70527
695.3746
443.46649
594.79505
798.85963
702.90089
659.65176
541.11044
551.61218
611.11977
762.64664
787.92828
777.96836
643.91773
505.08654
542.66124
527.01104
608.10978
467.01124
607.92473
871.84042
944.49097
743.37921
536.5707
808.67684
642.92831
910.66219
785.53001
512.51516
828.24235
658.93634
721.19151
603.98243
567.94778
573.1875
545.1391
639.35292
732.59285
349.7294
433.28717
676.71258
655.18918
598.94409
587.50554
401.59386
409.01852
860.47572
528.91948
953.37439
588.64982
718.36166
654.79463
369.94498
538.2171
803.95123
800.66997
764.46827
661.67007
676.80954
709.47604
757.1126
552.07751
647.43228
639.70913
595.53888
279.73841
492.34875
447.8971
698.37404
508.36378
942.627
440.02666
653.48618
905.08546
549.79719
766.68383
834.12891
753.07198
689.00614
527.66666
440.64132
858.24829
766.59957
576.49467
350.39153
575.23419
737.71029
906.85131
809.91683
718.94907
444.37674
550.58147
387.30849
716.38336
789.8995
931.92978
534.65543
542.08605
592.40931
595.10703
544.09066
560.2265
656.27944
722.18936
657.03965
993.45157
865.21413
1026.426
469.44813
559.2109
697.73596
534.79662
704.54123
544.70093
649.60949
607.65114
474.03266
441.43273
721.79561
743.45768
825.16757
720.8069
670.49104
463.47819
500.6898
834.02667
892.8005
854.03512
823.40451
612.10522
618.40691
947.7394
664.0807
808.26891
553.29261
676.72259
712.53514
687.23866
584.28984
364.1001
648.1468
517.14114
745.02002
627.4889
973.70354
918.26289
1006.5537
816.84833
661.68741
530.08603
835.86027
573.06079
906.65849
484.3775
482.02062
600.18684
747.80419
700.74162
578.63407
829.68797
532.4468
671.14367
485.11656
703.80821
447.72878
608.77792
563.36091
708.41119
389.59093
376.72795
577.07054
385.01239
677.97861
626.06584
519.19627
609.6142
694.29222
618.93351
702.79103
796.49478
560.23496
450.07849
590.65883
698.75612
430.14672
459.16144
574.31702
693.43976
539.15924
604.94494
648.26284
739.24229
873.93828
418.86277
608.50862
647.52126
495.69365
894.6765
604.13255
573.9394
564.756
610.96513
657.69266
726.56135
633.24392
508.00452
334.39489
501.66386
521.58153
403.05837
551.98153
521.99423
374.9488
437.16835
491.19359
622.2032
579.04321
593.45221
739.40835
892.01747
495.2302
734.21022
880.34764
683.90438
645.95371
718.90518
602.00557
527.99325
614.21789
576.711
688.55164
671.27366
639.32725
411.88058
582.41579
515.9527
831.2699
579.40251
422.65677
568.68676
824.80416
744.78688
760.07443
500.07558
578.28016
481.04159
542.16832
794.66163
768.02168
666.71895
658.35394
649.16804
515.80036
530.52059
894.49572
805.55942
603.81671
389.49665
451.49052
613.43966
860.54474
780.5463
718.49105
791.94756
576.12328
530.03223
467.14782
666.9564
544.89655
781.81813
536.22011
571.26033
643.87497
621.579
544.78057
847.29997
772.62797
668.84495
677.15271
396.22454
474.83562
815.94408
634.69134
686.98632
797.16372
517.94057
520.83024
807.52002
625.18394
793.55572
738.82347
890.41831
743.38611
608.73683
662.20836
631.22069
676.84753
672.04782
611.35191
563.739
899.76806
778.90443
567.46243
663.37451
670.60868
974.60935
662.48167
729.69744
741.92381
742.04237
1059.6399
814.71389
600.8734
641.84847
594.06276
615.39655
596.62881
548.79016
635.96272
407.52186
820.32166
735.15226
649.75432
518.49611
595.89993
521.99432
505.66017
697.29855
706.46316
645.33373
573.87882
686.99016
437.93897
820.68855
770.5432
564.33102
446.52476
518.00406
651.54919
771.85427
731.72669
480.70908
641.35486
562.00799
601.06988
669.5216
631.14215
519.91286
765.35146
284.59315
448.80947
494.6183
553.16468
443.60157
495.27305
500.26185
536.83491
511.78541
520.54264
496.26945
384.34737
538.55798
829.42289
498.11923
651.01772
688.89574
881.06047
754.80503
744.29161
698.1569
387.88479
493.58804
652.38292
658.55665
701.96608
695.48907
640.866
626.63431
275.39631
371.56095
467.59027
403.50115
470.45134
616.89565
433.02102
434.28501
349.03885
413.7716
687.35409
576.63856
520.61288
495.64903
360.18846
516.37429
626.22861
418.442
636.6797
688.99751
727.21596
368.29524
528.1136
578.51904
587.00724
836.07342
535.4296
490.19197
520.41919
723.68396
706.8948
717.21551
353.57069
538.22288
310.52559
613.16971
857.54516
367.53093
586.29023
166.42576
281.06676
597.15101
915.53211
640.30024
622.59508
602.21095
830.54058
655.23059
783.96062
719.14178
1016.4209
636.5361
515.43464
500.19611
546.86569
627.75412
580.88288
506.86854
515.24885
728.14651
715.60268
718.64669
493.23499
447.51012
433.62594
381.15968
740.00302
810.11302
575.48425
497.00097
777.18822
673.7967
726.39619
528.00109
440.35069
717.32848
548.81555
542.44802
513.40751
532.05413
586.3716
654.27623
674.79024
827.55674
892.24125
739.25986
550.71036
459.64234
687.76814
536.83312
649.96635
859.14199
656.06218
688.31845
673.6407
618.02871
518.37385
587.76465
553.7931
629.61867
357.36766
441.06918
604.38301
565.20405
902.02995
826.87178
512.34184
509.5675
347.77019
554.37955
498.36162
726.6824
648.02101
641.77577
841.05978
554.32912
541.23602
705.97956
668.56239
809.16349
643.59571
624.62992
578.39598
733.22359
456.40235
577.61472
549.15014
832.48647
579.63732
528.83938
496.09541
833.56637
686.16745
622.53834
774.35527
726.20762
654.20453
643.0194
610.35914
1101.1205
536.243
776.88691
732.92685
664.67451
686.2316
564.15652
721.32834
626.65589
496.35954
792.80887
440.22745
668.50295
540.95437
757.05732
481.28219
338.03898
642.70112
448.14655
663.13595
886.45381
843.1811
525.47378
625.91762
928.22658
595.07303
809.83448
826.06436
643.30091
588.71627
1036.6979
785.85432
723.03806
520.35323
781.33966
602.53363
591.38064
729.47457
662.55267
861.94551
671.04329
782.62929
660.57047
781.15743
862.36293
680.82059
817.02754
774.68659
749.32312
518.52205
611.01015
651.29844
761.32499
658.16228
604.72542
823.25046
602.38404
784.27563
937.93286
682.23122
847.79985
654.35073
413.61155
742.65534
999.12009
872.22314
904.21691
586.84628
580.60422
683.80849
600.56926
713.53629
680.69065
814.99444
661.62003
681.01686
783.26104
783.93084
616.12968
722.64351
683.56361
988.8515
966.25952
738.15693
509.46973
594.78485
375.62651
456.85675
664.03022
634.52693
552.74262
675.17543
789.92054
821.72028
738.35991
616.69798
696.29351
751.82691
907.7754
548.44709
704.86378
815.04037
624.31355
816.63919
435.91578
572.45758
267.0575
791.75921
560.78195
758.9735
651.59211
443.0663
597.6305
631.77282
548.14413
660.88938
625.21452
634.5849
777.96019
669.98121
562.41877
634.52641
504.7367
468.90371
657.38055
675.95146
593.64186
863.05089
595.41799
624.56215
526.58418
624.11471
502.74649
625.77947
413.51559
637.62008
730.24
935.61816
703.94736
902.68399
984.78178
743.89493
527.35126
647.00571
581.455
558.57477
958.57739
760.72591
962.44265
932.17325
742.56213
956.18035
705.73019
710.55178
481.60799
627.8222
602.7918
606.82753
609.23691
435.63798
800.27331
567.30996
718.31946
536.88993
512.13508
938.95319
707.25559
826.24162
689.18471
481.94494
668.04718
563.70178
719.92999
604.31201
685.65802
571.32462
769.5348
580.64645
484.7127
754.10869
391.57927
947.31139
718.10572
462.38237
390.70692
652.96468
531.89067
408.32463
688.27689
416.27416
460.10647
586.04314
668.91373
711.14041
772.12765
566.14394
768.06988
879.1085
1029.3451
792.22513
892.12632
962.12237
831.50389
661.10065
691.08563
687.3004
837.06769
964.13593
732.9055
750.09529
547.55957
594.25473
649.27457
726.91247
756.04344
534.9018
681.39699
571.11865
644.84028
823.10849
672.07036
594.06446
419.92535
620.1288
532.20162
789.60339
808.59576
371.91259
488.89981
665.07975
348.14034
551.02299
841.32207
667.32768
905.01567
685.54388
832.84025
985.26212
927.69144
440.02862
833.65636
872.1479
780.12573
672.9686
765.00193
860.23506
530.75693
816.38169
653.42487
624.98315
598.53517
590.80015
709.47128
573.78538
445.41697
570.03245
660.44512
704.41823
824.22541
325.37883
395.05945
582.64135
803.99449
572.29776
566.92174
430.40153
394.00904
655.21709
512.1811
677.30339
384.9238
425.50944
385.17679
792.11251
958.34915
616.72734
665.68737
588.18591
497.33012
693.39063
816.56191
921.77567
607.03675
749.16472
639.62902
672.08991
585.56448
564.15579
770.17064
617.18869
740.14512
436.85604
606.26013
664.37102
400.65266
553.00576
684.04587
691.76912
690.03377
726.91252
638.10128
677.8771
585.0657
563.8741
725.17045
618.72172
677.66396
516.59804
705.46684
599.24577
544.99594
670.6946
837.72648
949.02885
823.15855
641.33005
431.9956
497.2422
684.00068
521.85333
727.66096
579.63394
456.07093
538.36079
418.54903
661.91342
688.51491
843.2406
619.02617
735.88107
345.19762
724.13752
674.5485
634.45393
457.56282
697.66598
825.60596
767.13158
404.72004
759.87338
686.27671
775.7421
596.15398
821.1207
580.35489
468.86188
651.36977
687.13874
781.30303
671.67061
662.43466
612.37608
849.83839
706.29434
532.80178
537.25617
453.40754
625.65719
747.87624
666.71576
829.20072
701.50669
759.76919
386.53061
556.15398
591.40127
569.45978
614.81421
484.01958
900.31391
936.70057
818.2709
771.52267
561.78615
434.95782
462.72508
410.28679
591.10946
702.46638
563.94833
703.59681
622.38758
584.43491
602.21418
458.72452
763.0002
635.93703
922.0687
876.56375
493.33465
482.49813
884.07353
570.16773
386.58465
531.31145
384.34696
643.13258
619.61955
815.59869
520.8596
593.49566
608.90922
769.65656
551.53602
541.22294
536.76499
453.18426
463.02397
507.69359
422.65571
544.92655
627.63231
352.46232
564.97588
635.30619
666.64883
744.27174
463.24839
376.68468
520.45756
469.65741
658.88558
576.3599
816.07086
745.22451
585.47666
771.08596
445.99453
744.68391
833.25012
716.09767
746.50749
672.96755
587.21783
276.71416
445.83456
539.40022
649.77581
616.71794
531.10106
574.84744
632.89047
660.55686
532.89281
539.82299
516.5482
648.5073
845.61039
591.60288
850.76803
610.1099
873.09304
560.84209
682.93168
835.75997
671.00019
728.55986
464.18443
649.12018
480.34085
407.25875
750.14469
826.49477
582.99824
855.30929
784.66597
549.36704
491.28096
779.58505
705.686
782.45703
748.53574
381.15762
457.43773
379.13044
496.32423
545.60827
543.04229
733.86032
904.1803
487.59996
443.13626
501.3614
558.10277
633.17088
570.70319
520.25336
592.09369
595.72145
619.09186
450.45175
401.44744
350.45061
471.02322
441.75247
637.65742
764.22402
829.73222
787.98598
656.56603
646.10194
551.37291
534.5648
484.56757
637.33376
478.23361
613.69449
577.49196
738.07163
725.44752
804.64879
662.50376
853.89666
794.15517
640.50189
780.07179
350.00289
553.81731
518.75794
475.59166
917.66325
837.60339
737.32048
616.01804
594.70988
537.89752
586.77492
649.29407
601.40245
564.50505
655.03094
469.24879
514.01668
560.35485
635.75625
541.51078
728.16113
700.74793
446.80068
537.48208
530.54022
531.03509
419.60826
493.19748
585.56076
364.02458
522.68489
521.99114
586.82201
443.58656
612.55356
831.5797
792.46746
600.88376
525.18997
444.23627
591.35927
463.35352
526.76253
593.35249
755.08485
588.37295
351.70365
517.25114
682.74133
794.74114
974.94916
485.44214
582.75139
495.71719
673.80594
740.53433
492.9414
821.64019
664.07207
407.19055
395.66108
487.24589
679.30269
572.62901
830.81734
347.01774
634.78454
431.25379
545.70575
482.24019
555.84505
598.10566
461.67316
446.10172
625.30464
435.18676
812.93148
441.72746
423.67918
480.78649
807.79606
707.90791
690.68254
704.84626
662.36021
887.35212
447.0725
674.15037
749.8072
559.26162
473.95787
340.92726
350.42905
407.886
807.82049
540.4939
878.04071
501.48961
424.33022
434.5034
434.89669
330.09238
582.40228
499.34918
707.34212
592.8779
769.23313
447.58143
343.4023
465.6149
650.3281
591.20167
482.83653
471.89303
658.79973
651.95904
704.90314
626.30339
433.35301
497.84638
689.63037
745.10306
380.69017
503.74792
283.96286
545.51028
558.13573
872.84302
834.13013
338.11194
539.39636
649.91855
548.88498
469.13158
568.5432
627.95682
683.68774
767.77086
753.64365
484.69431
552.24387
743.73239
540.481
669.05095
685.7511
779.77705
799.20562
763.66917
789.18143
598.44088
636.94669
453.20435
315.4067
746.22436
599.05236
706.49559
514.29569
857.54055
814.82413
555.36176
619.7575
629.99933
553.43528
840.24723
727.26713
534.10714
545.00561
503.77755
485.95316
680.40843
676.26925
786.35806
532.28902
528.98274
738.30016
545.95858
627.73597
909.00944
756.02046
534.3253
542.21575
554.40419
587.56453
526.45942
621.56396
538.01728
605.31863
736.23622
712.18993
432.7087
672.57237
1076.4937
919.19718
791.74358
671.58392
687.5694
837.9249
690.34615
626.9497
693.22465
418.02229
248.07573
365.14563
375.2007
456.22941
531.54101
689.75286
624.80092
451.44424
631.23461
663.83538
726.18979
435.93899
720.82248
803.10871
324.33556
763.02816
593.89349
844.32536
707.53498
507.2425
799.79682
747.20545
615.71448
455.53519
670.98195
518.15343
634.03516
819.90099
758.10119
541.00417
686.5552
478.14565
465.58851
818.5388
712.90118
665.94894
1093.892
732.06045
561.30351
600.29489
899.25342
706.33541
539.66676
542.73095
459.58949
504.81311
605.96774
574.13754
500.24789
437.51394
466.77244
805.66366
552.5439
686.81004
762.18852
819.8215
830.164
713.37714
551.3025
680.88345
345.41127
302.59773
816.57475
573.93151
483.80465
481.66002
610.20321
767.36388
741.28532
822.9794
582.88843
861.18999
1085.6603
599.9292
511.76426
757.28932
740.57964
988.83139
495.38013
565.77588
603.0955
621.25753
1023.1009
760.81346
416.567
518.43272
558.56587
615.88081
587.43168
685.01995
892.79812
525.71832
597.80685
661.48895
528.99721
663.05868
552.51094
675.58564
581.48387
893.8395
862.02304
793.31405
570.72252
662.30024
889.47559
898.26726
816.71645
728.05783
728.99551
600.50782
696.97916
772.94042
674.32635
915.32502
708.73643
571.86469
669.89797
675.53318
676.76242
676.97296
735.70323
716.42046
597.93988
659.46074
675.20857
449.5444
533.76114
903.49916
648.88831
451.36162
636.57801
717.43129
766.74486
601.94425
533.48407
749.66086
787.1831
678.93302
700.42315
1104.4261
549.35416
567.27894
901.18778
1077.5517
847.66616
879.16435
562.90072
680.08532
762.36801
836.25361
576.68765
764.8579
204.45438
814.4951
377.7631
504.43634
713.55885
619.87405
777.94115
778.78243
710.3768
671.73887
743.83108
953.57599
673.77469
532.11504
826.22096
935.82806
765.16342
607.12945
495.42773
106.01054
309.29669
666.09556
635.23438
434.138
685.63978
521.92626
681.55909
303.35726
773.00073
584.58721
931.72163
660.35736
724.9434
518.34786
848.60005
611.96488
513.67382
597.18256
619.26391
787.30848
643.40973
701.24586
705.71873
817.20358
631.47335
898.8681
859.53167
1026.3745
701.55713
827.20332
442.3589
591.92884
507.3536
647.40367
730.53767
781.60273
860.75212
868.2216
748.44882
943.86171
740.52967
734.50244
547.50229
557.54684
809.74423
934.09526
777.33464
464.71781
630.93185
326.30147
348.05687
588.883
730.56257
706.85945
709.69653
812.73815
754.58042
613.6947
574.19035
587.5312
659.68963
454.63837
416.46932
708.3024
1028.7527
905.96912
710.85951
791.9807
882.32866
733.15138
541.58516
842.15997
556.79484
713.54303
682.89213
694.21371
988.79828
654.30758
700.63164
747.63305
596.92167
744.75048
636.91455
544.24428
719.36377
755.36043
800.03317
903.65817
732.21205
715.44389
657.79533
640.45932
717.60246
730.88137
455.64888
427.39899
521.64723
713.51589
768.65241
892.1127
963.54609
753.76699
932.12106
893.20645
695.85221
858.3423
693.84462
929.32724
712.12656
737.97781
608.25076
808.97831
957.85144
905.72548
620.22944
436.27022
449.67156
495.52899
760.51678
770.56966
562.88663
643.61189
717.24696
735.26942
710.73111
533.93292
703.0353
863.16731
739.87793
812.82813
585.19434
449.39394
381.64535
646.1222
765.13309
652.1435
741.11038
467.23196
703.23373
624.74623
851.66604
728.66931
729.7927
944.90078
793.71266
682.93978
754.32849
588.07914
686.83147
838.3465
1003.1986
784.4301
1037.1074
730.09166
689.3668
896.7055
551.32437
733.58326
689.9203
481.73518
391.8929
643.42195
546.24011
402.27509
476.12001
450.78133
616.34868
512.50956
469.88669
856.29099
622.79668
638.31526
544.17566
673.31057
695.26803
594.87479
885.04113
859.74978
894.15245
834.84012
679.94594
526.78635
466.51178
409.68526
569.64116
731.04558
958.62676
764.52508
625.27361
730.19188
1014.6891
663.26547
818.85824
647.06749
686.79307
868.52042
880.99299
610.26265
450.70414
797.59017
671.25174
852.32718
715.9323
618.19903
637.21449
765.87988
649.98454
1003.3828
742.74145
684.26035
466.07888
650.88072
647.35416
825.78342
923.82964
831.49072
665.28384
692.43907
643.39542
553.48236
618.36579
1019.6345
649.55577
749.85981
580.54973
628.88129
768.24209
807.56847
582.02041
669.03011
494.69862
447.51984
534.90288
911.07076
764.62604
675.18559
424.45317
542.87751
812.40079
660.22617
769.83648
613.21972
683.08606
559.6702
661.39065
404.99181
707.70948
691.8876
648.14785
695.9026
974.60634
529.89922
731.52297
560.21918
913.74899
738.60085
653.76068
690.02423
581.43212
416.01709
754.98745
603.94368
637.54014
792.65059
943.75253
680.48533
695.74596
735.07285
382.52244
834.93872
778.25386
910.57546
635.34165
577.43716
484.02549
508.79867
701.88111
590.87029
810.4976
859.14555
749.33954
709.4338
542.56018
580.03235
486.63717
699.52884
719.8166
600.16951
590.64046
337.51169
486.98752
550.82205
624.22039
770.0366
507.97391
627.28445
635.74613
580.694
484.83046
589.52131
457.56103
663.04747
509.9412
513.67691
812.17136
516.60201
680.82964
840.23755
643.8128
479.97979
673.03536
691.7434
553.17103
574.21627
566.45017
654.52725
714.90736
633.18338
734.80273
517.97841
613.377
905.73809
766.99445
797.96757
643.55956
721.77362
765.14743
767.15181
835.35865
904.46081
629.52586
467.16041
568.65995
447.41184
755.69101
925.59411
986.82826
769.41162
772.2095
556.03585
576.65685
845.04503
722.57466
907.0205
816.81534
663.67929
533.8082
652.19896
579.58058
479.29379
609.90269
383.86174
682.05673
677.00577
564.41167
604.52128
510.04486
590.50014
492.06092
896.5528
924.96765
462.41456
837.70561
695.09123
881.46137
866.16314
690.11451
564.23216
581.73494
624.61535
695.57681
644.44276
515.02154
568.45733
719.79245
573.4822
834.43221
404.91423
614.5617
585.37105
690.19413
437.13678
532.4419
568.0358
472.01227
699.04366
679.57384
442.47271
747.94304
427.98505
476.3894
237.33721
701.14704
498.64327
610.57648
761.30411
707.78392
529.00362
468.83587
656.45911
651.95888
590.47966
737.16862
889.23791
626.33245
647.31811
853.66735
684.61336
720.60668
547.55701
662.65613
505.66705
695.7036
487.67924
619.54973
712.96349
737.20076
607.35824
819.2174
738.32579
793.50492
666.5525
432.04147
635.109
502.71247
561.18074
976.36262
749.25802
445.39059
436.77746
634.30829
702.87665
782.2252
851.4937
817.4785
610.58174
748.83973
462.27025
624.11442
733.35227
776.93712
677.75826
679.96804
747.08458
566.17527
648.3228
714.62078
599.90446
632.84858
631.125
480.9209
519.26093
503.26646
381.33789
536.06665
657.65428
475.94228
745.91613
719.38953
922.57755
886.07369
786.51889
618.30651
649.01611
622.92413
857.44291
672.86468
677.04543
443.64317
398.67422
448.44819
724.78687
707.25532
601.49018
532.59198
401.11763
474.11976
678.50523
838.51729
722.17908
705.57948
868.70413
568.60471
658.85252
682.39142
724.51729
772.44059
956.97258
588.80662
931.3266
952.44564
784.89534
464.51804
476.97257
654.6341
661.66353
806.79066
853.9513
730.15649
746.41494
763.51256
596.77358
632.77691
780.33075
883.13937
747.67147
743.03283
629.534
819.83422
560.87717
568.69231
606.18423
697.27756
403.0479
650.01768
528.4981
700.03013
656.95079
1065.0248
628.93102
572.23692
615.05756
985.32858
832.28857
872.61357
779.74638
662.70166
553.87333
643.59851
518.11099
688.03974
941.42997
683.28814
728.3531
770.44201
912.02947
665.3195
700.25861
715.44172
824.09767
638.00159
682.93076
739.59812
544.55614
572.99244
653.01507
443.92322
549.43895
481.28222
578.39152
1000.9661
528.55181
585.34311
658.27821
776.6151
827.44013
841.17805
451.30329
548.82445
454.90542
553.40093
514.50541
576.79861
489.48728
637.76136
579.54617
291.22262
506.43745
629.60664
661.61833
741.9467
653.12406
542.05893
738.16904
798.70579
694.67397
762.45321
495.74565
719.22101
594.60376
596.92842
767.95272
1038.4327
952.06864
929.40819
582.30532
424.1068
541.58077
739.64109
820.25905
682.90373
840.46772
934.62801
595.66002
484.41034
896.04826
529.76493
721.77573
893.4481
794.88953
903.31053
868.12381
792.46983
692.58128
613.38409
447.62873
847.3025
530.94303
796.22534
860.17906
936.42789
819.0011
861.09207
756.32628
791.66312
914.07299
1004.0374
898.62605
951.97337
751.59889
927.90191
945.0132
1014.1234
1031.04
1015.8355
727.25504
749.18989
656.98705
723.68852
791.35305
872.44213
916.33013
701.33533
881.93783
854.58968
564.59057
507.75339
752.38374
702.4964
690.52251
857.70179
879.49065
804.28307
721.75029
659.19831
650.68929
653.00921
763.05426
735.50038
650.73027
589.09831
417.42623
511.29614
648.37717
625.97418
627.59585
561.51357
642.99032
691.86455
327.89262
550.34201
742.94912
951.68823
858.46299
805.93366
869.81083
488.55075
594.90772
564.05497
819.59558
934.5529
812.43237
468.50583
723.29666
604.87662
813.24497
708.51075
753.66083
533.16023
554.94468
603.39249
696.49534
599.22952
711.99743
639.92441
977.23047
841.51144
797.87934
665.87901
612.42205
906.86985
520.24341
622.02508
636.27748
753.52477
453.35709
728.95749
858.04632
818.84522
488.42197
408.18082
795.39125
890.00967
712.63202
865.71206
728.00663
752.41338
613.91067
537.44113
581.49396
824.69767
931.99467
497.66942
601.67408
594.38549
811.54398
658.28018
611.50967
379.28971
659.43267
688.75515
817.29477
998.64166
661.55924
547.75468
641.17764
764.50153
684.43363
768.63894
770.12151
631.2207
862.78235
833.31684
677.10721
773.71561
399.79403
537.73221
643.09371
732.42463
706.63984
783.65354
618.08844
436.73436
638.97574
758.9327
841.02964
796.63784
690.52785
812.56696
772.71467
933.63545
595.08908
858.58608
