790.71693
1027.0365
1573.1748
1943.2374
1896.6722
1838.9016
1942.5542
1614.643
1466.809
1347.082
1319.4821
1584.6631
1681.6369
1698.4291
1405.5565
1604.6787
1479.4561
1334.4721
1242.7209
1463.1283
1404.3807
1611.273
1763.3541
1707.7519
1404.3418
1196.5786
1319.7786
1023.4132
1517.8779
1409.091
1413.9648
1505.2227
1224.7405
1524.6388
1479.8899
1595.4404
1595.6661
1344.196
1333.1103
1667.9595
1481.2342
1436.9399
1461.7913
1455.3859
1323.5981
1429.8978
1045.3204
1217.301
1389.687
1464.9555
1230.5145
1335.9662
1413.2379
1436.6385
1599.8727
1490.686
1367.3737
1581.2792
1335.7311
1409.8174
1511.1688
1753.7206
1648.7629
1611.2155
1479.3034
1637.7673
1568.3159
1437.0421
1409.4265
1409.9871
1155.2147
1139.1543
1606.9912
1232.5207
1314.5942
1641.5053
1589.1035
1308.8472
1203.9117
1585.2116
1475.033
1843.4048
1643.5496
1589.9088
1803.4695
1540.1815
1508.9763
1459.4987
1286.863
1287.2919
1549.8172
1462.525
1426.2493
1612.6129
1494.0514
1475.3249
1682.6975
1309.3184
1356.5149
1444.9964
1528.0469
1368.0372
1209.8506
1046.5611
1182.7501
1584.8377
1490.9218
1170.2928
1414.247
1565.2356
1091.9963
1368.6835
1531.3216
1415.9815
1165.9616
1251.9486
974.06344
1409.7607
1728.3716
1567.5477
1380.3374
1263.5861
1207.8276
1407.6684
1242.2955
1560.0211
1518.6448
1455.6465
1306.5763
1633.2254
1413.9233
1562.4235
1560.1384
1424.7861
1604.9105
1503.3456
1661.6486
1477.6253
1565.1217
1691.4579
1468.0858
1550.8034
1367.073
1437.558
1353.0985
1319.7505
1536.2217
1578.316
1590.0547
1538.3739
1400.502
1408.3978
1321.5931
1483.0828
1296.2919
1121.0782
1294.5937
1642.655
1424.0722
1452.8455
1499.3806
1491.4632
1561.7257
1642.5923
1506.5878
1370.8093
1596.1212
1420.0602
1437.2315
1562.7088
1591.2712
1282.5165
1508.4492
1636.8002
1780.4136
1669.5093
1390.1047
1431.2193
1489.9418
1609.9694
1483.3599
1582.8487
1334.0716
1549.4822
1391.1989
1449.8188
1685.8899
1473.0973
1399.1486
1557.5273
1259.061
1425.6711
1496.2702
1377.9842
1783.7768
1420.551
1409.0097
1425.3155
1534.5986
1251.8827
1427.4204
1588.0128
1649.7058
1783.8248
1715.669
1431.0439
1562.0003
1267.6559
1638.4374
1434.8122
1471.7814
1365.9828
1489.3301
1627.588
1844.0405
1452.9831
1780.0741
1828.6083
1594.9979
1460.0381
1529.6197
1357.8324
1502.398
1633.6558
1292.8741
1425.2532
1359.3278
1425.1309
1484.1904
1493.415
1546.7372
1444.6667
1340.325
1691.4906
1573.2141
1330.9262
1474.8203
1480.0205
1560.7428
1796.7458
1444.8292
1749.5133
1605.7223
1925.5816
1379.8831
1521.0663
1512.8194
1299.9443
1496.2617
1432.6159
1362.9813
1583.5308
1524.3956
1567.92
1593.9049
1279.9287
1461.5086
1651.7201
1245.6328
1403.3777
1415.0898
1506.1272
1579.9079
1288.6903
1513.5803
1446.6924
1305.767
1430.995
1598.5625
1256.0671
1552.4255
1300.0512
1261.2268
1433.0172
1377.1197
1581.0237
1602.6545
1501.3146
1375.3015
1432.8202
1355.4933
1270.3587
1464.1174
1597.3101
1527.6437
1576.7361
1536.2227
1505.9427
1716.5063
1515.0542
1461.7671
1588.5352
1587.1758
1506.7168
1327.1914
1435.5898
1280.251
1525.9092
1402.3316
1388.3951
1356.7888
1463.5636
1182.14
1280.9555
1301.0034
1448.9864
1609.6242
1447.0762
1623.1204
1847.4418
1561.697
1237.006
1388.6167
1521.3276
1212.7714
1550.8492
1711.9728
1452.3322
1337.0838
1408.3609
1260.7498
1338.7116
1709.7149
1460.6275
1106.7024
1503.8779
1562.1214
1390.2461
1582.761
1273.1667
1310.6659
1610.3964
1376.8999
1608.613
1327.4309
1581.9838
1340.7711
1466.6733
1588.2816
1638.5677
1569.3371
1562.8418
1338.234
1439.3048
1164.9989
1094.4446
1522.8007
1417.3865
1656.2918
1537.4879
1586.0763
1415.2638
1660.8347
1293.8151
1510.6572
1322.4202
1648.06
1689.6438
1544.0795
1605.718
1558.6101
1351.9784
1283.8511
1198.2075
1609.7434
1544.8009
1535.4958
1455.2123
1624.4631
1318.0733
1628.7852
1350.1659
1539.2798
1448.5034
1472.7644
1616.6848
1459.1364
1309.2719
1231.4873
1615.4858
1265.0476
1477.9103
1401.7449
1574.235
1384.1272
1429.3047
1601.5505
1427.6601
1658.1169
1477.4522
1418.3183
1542.6687
1832.1487
1515.1363
1665.8167
1408.9151
1553.0712
1666.117
1570.8271
1678.4637
1479.985
1339.186
1466.6969
1505.6432
1745.6228
1418.6865
1611.5922
1492.7808
1400.3043
1385.2181
1387.1403
1536.5142
1718.5186
1278.242
1533.9199
1631.0723
1398.6945
1388.9648
1383.1006
1452.7475
1291.7739
1438.1593
1542.7779
1519.9775
1405.0818
1516.1458
1297.0548
1752.2731
1428.6199
1425.6797
1439.9679
1640.1294
1555.9089
1891.2015
1547.7165
1377.0142
1378.714
1522.1643
1504.0781
1564.339
1381.8205
1545.0406
1622.9474
1435.3472
1658.3326
1469.8171
1490.2956
1581.4018
1508.8614
1431.0441
1608.2084
1412.1019
1620.4578
1539.3912
1606.0984
1279.6205
1449.3662
1485.6269
1586.6406
1484.3471
1342.3627
1558.4784
1357.4278
1632.748
1572.2903
1332.5387
1288.9902
1294.1029
1338.3009
1475.2507
1315.7195
1545.5501
1318.8873
1501.9758
1244.672
1269.4483
1376.3422
1423.3881
1528.0228
1803.0917
1732.5676
1297.0289
1470.5375
1452.0009
1708.3529
1450.8641
1644.8615
1261.3815
1417.9569
1437.7771
1462.4627
1430.7714
1328.544
1003.529
1333.7191
1426.129
1023.1105
1823.7204
1252.8757
1353.9714
1464.6015
1495.343
1643.6077
1374.0426
1608.8275
1545.9536
1634.092
1506.1009
1447.5757
1624.5127
1389.5381
1450.0047
1332.9325
1427.0119
1836.0396
1665.7277
1702.0338
1389.7645
1433.4861
1266.8845
1663.4593
1735.5292
1696.6692
1605.3146
1647.7298
1498.989
1478.3003
1484.2101
1476.2415
1612.0409
1562.1076
1421.9174
1560.6699
1273.4104
1284.6356
1473.935
1597.387
1570.0884
1481.2805
1440.2731
1252.1369
1487.0286
1290.6823
1361.7143
1255.2745
1553.1676
1796.7325
1647.9262
1569.8027
1544.8385
1404.5715
1261.6873
1289.1314
1141.6965
1502.2038
1186.1023
1324.9232
1470.5557
1618.3863
1482.9063
1449.6727
1675.1293
1653.7664
1356.6183
1550.7049
1410.9866
1672.2876
1529.7389
1450.5631
1541.8716
1550.5321
1506.7132
1568.7632
1330.793
1517.1848
1594.4842
1421.1826
1606.3857
1665.7211
1339.8758
1449.4276
1498.8402
1539.7904
1328.3388
1343.8082
1511.4176
1312.395
1379.0149
1466.6951
1568.3786
1585.5794
1381.5019
1241.3071
1357.9662
1450.0108
1633.673
1251.9311
1639.1838
1604.8344
1440.867
1370.4515
1240.8453
1398.7357
1533.5655
1396.0558
1596.3281
1356.4462
1334.3368
1339.2187
1192.0213
1371.7243
1420.4281
1591.6523
1323.8284
1468.5126
1307.0548
1268.2055
1419.8697
1354.6983
1228.319
1463.0392
1558.469
1457.0821
1530.2036
1292.359
1324.4974
1457.0486
1629.2053
1349.392
1493.5965
1651.4747
1448.783
1244.8748
1210.2471
1259.0307
1503.8454
1575.621
1502.7704
1505.6387
1347.3658
1473.0105
1289.8353
1411.5945
1533.4777
1468.2977
1411.8615
1555.7
1302.1863
1476.2922
1382.5487
1406.8531
1334.0358
1316.9867
1347.1238
1457.3621
1559.6341
1452.6994
1339.3908
1173.5943
1142.1517
1846.102
1418.4512
1368.9794
1336.5692
1261.6787
1303.8
1185.4652
1232.5751
1446.1526
1529.8037
1432.9643
1308.5846
1310.2494
1389.8135
1419.1301
1187.9099
1727.4398
1410.2483
1498.8605
1743.5556
1421.2075
1528.3532
1471.365
1383.7544
1395.317
1533.9558
1433.6966
1439.8677
1299.6006
1451.7239
1510.1036
1561.1269
1487.4742
1238.5528
1585.1099
1550.7208
1294.0229
1485.5112
1769.9565
1456.9492
1425.9144
1319.3744
1498.7338
1411.8967
1565.6041
1391.233
1306.0367
1576.7956
1497.3998
1687.6773
1751.1309
1761.5566
1678.0871
1363.942
1789.7862
1454.8287
1446.045
1602.7085
1415.6034
1469.61
1394.8262
1444.4732
1360.9067
1424.3247
1297.1183
1456.958
1487.7115
1697.544
1584.3061
1366.4447
1571.2227
1192.3716
1294.1099
1479.4765
1332.7457
1599.1588
1592.2342
1660.2189
1529.9304
1523.7533
1772.7971
1425.9314
1409.4386
1668.4543
1551.7769
1592.357
1681.5916
1688.6284
1655.2785
1249.4694
1419.5759
1461.9099
1437.669
1602.8856
1483.4918
1675.554
1575.0494
1497.1494
1376.8015
1752.5161
1597.4295
1394.885
1376.8484
1401.7018
1403.8229
1288.9674
1450.4527
1505.2248
1267.1502
1603.2056
1233.8258
1311.6693
1540.1676
1647.7941
1378.2885
1495.7138
1609.4514
1397.9224
1395.7706
1418.9587
1429.7046
1575.1463
1338.2633
1406.0943
1580.9088
1460.481
1294.0227
1716.6987
1613.5367
1498.7415
1531.8966
1415.6654
1586.901
1500.3502
1699.6451
1907.9422
1876.3169
1540.8451
1504.0417
1427.4606
1326.3372
1488.4581
1443.1767
1558.0677
1628.7233
1541.1378
1488.4552
1694.3626
1431.0551
1545.2104
1738.539
1529.8131
1656.7303
1554.4645
1608.8273
1642.7362
1208.5126
1509.9653
1380.376
1571.2061
1437.8871
1525.5518
1735.0328
1622.9856
1837.7254
1399.6868
1330.2423
1555.9914
1555.9927
1582.4155
1724.5559
1452.483
1463.6811
1497.7584
1364.0584
1743.0685
1792.1261
1603.2393
1668.9767
1522.8785
1420.095
1302.9692
1659.7755
1352.2723
1427.1531
1485.7043
1497.6257
1623.6756
1655.8518
1628.6403
1922.5352
1513.4289
1568.3213
1383.4167
1593.6939
1615.2021
1503.8755
1474.4919
1566.4427
1511.0535
1465.4466
1380.0201
1598.6702
1733.7489
1525.231
1300.4408
1520.4793
1593.9797
1562.9195
1529.0158
1653.9684
1398.0012
1383.8419
1337.051
1623.9699
1633.4154
1568.8938
1720.5509
1329.0586
1403.1036
1544.6951
1450.2819
1436.0736
1389.2318
1618.6139
1505.2888
1325.5216
1379.3129
1576.8323
1733.1469
1669.2249
1454.5796
1691.819
1405.8745
1265.3967
1527.2282
1715.4397
1569.4421
1581.1555
1371.5585
1475.4708
1379.0754
1313.1756
1463.3747
1513.4426
1313.6751
1357.2429
1445.9273
1387.3558
1348.6614
1639.1639
1656.0883
1435.7954
1577.7222
1599.3648
1582.9401
1472.7313
1304.295
1407.0957
1435.0195
1475.1501
1527.8755
1604.5288
1511.2305
1292.0056
1333.0376
1639.9348
1703.3129
1429.5402
1405.3452
1392.7021
1423.3301
1416.7589
1683.5469
1468.8646
1498.2383
1319.2001
1283.8952
1707.8329
1347.1956
1449.0426
1331.0058
1751.4682
1813.3678
1478.3507
1512.9773
1685.1126
1306.1934
1580.2379
1652.2743
1595.9155
1426.253
1375.8972
1483.3947
1634.837
1616.5241
1558.1866
1599.7594
1326.1512
1497.1897
1859.7231
1551.2386
1485.9016
1545.3531
1359.0626
1347.0973
1492.2415
1333.0939
1525.4963
1413.3995
1475.0331
1616.0166
1574.2411
1546.2425
1345.466
1648.416
1470.9119
1586.8633
1599.1847
1579.0928
1425.7736
1465.7057
1597.5277
1616.0461
1460.5446
1604.7302
1607.4812
1489.4911
1352.8938
1392.7505
1455.3035
1681.6977
1526.8316
1655.4182
1621.0166
1523.8695
1496.7369
1404.7263
1459.2462
1418.5903
1761.5767
1571.3418
1695.1919
1617.5109
1408.6865
1359.8637
1656.6438
1474.0524
1813.5035
1650.7497
1730.7643
1508.7473
1439.0004
1561.6835
1666.3317
1631.4637
1762.2512
1670.908
1650.1003
1557.6858
1429.9061
1511.1095
1612.719
1372.3188
1562.3475
1739.2412
1581.2388
1569.6136
1610.0224
1431.3049
1611.2004
1456.2356
1532.6167
1329.7797
1789.0228
1433.8307
1551.2928
1409.0599
1588.2894
1542.9539
1753.5282
1582.2025
1524.945
1657.6148
1328.7918
1681.1481
1794.786
1525.6255
1463.2579
1500.7398
1632.4929
1299.3638
1464.7168
1579.5135
1565.4895
1767.8879
1475.3202
1446.9813
1659.2848
1266.9666
1395.0016
1486.4587
1182.2082
1574.2574
1455.084
1361.4615
1606.5269
1794.5538
1509.6839
1394.6042
1557.0524
1666.2207
1498.9297
1339.7267
1521.445
1354.016
1380.2281
1551.9285
1163.7633
1266.3481
1489.1008
1564.8634
1576.5524
1297.4071
1317.6212
1484.4978
1188.1863
1376.6537
1463.2066
1275.5553
1396.3859
1403.7472
1266.0305
1358.4163
1450.7596
1499.4136
1572.5931
1509.4714
1357.7155
1398.6862
1608.0381
1422.4602
1555.3351
1464.1974
1627.7146
1649.1586
1559.1383
1566.3884
1288.3989
1627.4618
1560.1981
1514.3175
1520.831
1672.4551
1602.1804
1658.8455
1500.1763
1538.859
1719.7361
1518.7708
1477.486
1400.9769
1495.2199
1582.5069
1569.3132
1394.7312
1557.1047
1391.4881
1478.7034
1449.2049
1459.1676
1664.95
1681.5936
1451.9915
1599.2014
1162.5837
1178.858
1507.5772
1487.6358
1616.2488
1512.6861
1502.8584
1375.8341
1598.2106
1900.1437
1497.1902
1391.0335
1441.3217
1573.3152
1360.886
1527.4366
1636.3826
1531.2225
1583.1043
1352.9542
1407.7289
1392.9413
1684.7502
1490.5472
1734.6434
1453.6293
1489.4111
1310.1289
1216.268
1297.8644
1562.9357
1625.4172
1561.591
1405.9817
1766.8917
1527.3739
1278.1317
1473.4775
1947.978
1550.2851
1455.882
1271.2834
1437.3697
1443.3324
1584.6159
1515.5214
1589.9776
1492.7925
1252.4062
1272.6668
1426.8609
1315.8773
1285.6399
1527.0264
1515.1496
1463.8491
1514.1782
1409.4055
1505.1402
1524.7715
1694.1844
1583.5906
1330.2064
1408.9307
1335.8436
1513.3621
1391.5836
1617.7988
1508.3467
1250.2885
1253.661
1495.8525
1302.2972
1508.739
1586.0851
1337.5082
1267.3076
1231.8286
1325.0795
1309.7886
1381.6843
1608.7092
1697.3148
1570.6153
1371.4345
1324.1091
1426.0952
1852.0471
1552.9404
1521.5403
1546.0785
1768.6908
1561.1582
1581.2615
1644.3536
1678.6597
1373.6717
1766.0846
1593.1725
1592.7096
1718.214
1449.0177
1524.7379
1508.1711
1333.3042
1320.7215
1446.7285
1349.6072
1691.2256
1201.416
1471.4918
1525.0009
1384.2213
1273.7097
1480.4256
1504.6816
1644.4677
1552.085
1422.8354
1396.8081
1323.9678
1389.1955
1349.6709
1906.7735
1575.0619
1442.2272
1585.5175
1721.8424
1518.3938
1639.7252
1550.4633
1633.1727
1454.4764
1430.2661
1668.2191
1646.5498
1285.7018
1356.3513
1443.2512
1716.2559
1761.5424
1608.6634
1460.7261
1514.2222
1215.5862
1684.4055
1401.4479
1370.5854
1470.7267
1494.2471
1280.2718
1667.1328
1582.8139
1402.2761
1468.3406
1506.9392
1433.7425
1399.7909
1693.1031
1909.1117
1441.6705
1606.9036
1676.4962
1573.2727
1390.6366
1444.8769
1335.5281
1591.2903
1575.1003
1440.0555
1436.5355
1605.6365
1537.6413
1645.7228
1496.1999
1376.7162
1267.5115
1335.7177
1188.3151
1797.6699
1585.6247
1342.0598
1515.7212
1526.1726
1407.7093
1169.7193
1489.0638
1569.0031
1636.3446
1761.8761
1810.2644
1745.4864
1514.6458
1312.8829
1519.8756
1537.9035
1623.4192
1622.0548
1739.1121
1467.4827
1376.418
1514.1742
1514.6731
1461.7416
1678.1482
1597.7475
1186.3632
1396.1765
1723.3066
1690.5407
1548.8778
1524.0976
1711.7576
1498.1577
1435.0866
1337.295
1773.1299
1459.0557
1243.2659
1556.5769
1411.8984
1575.9263
1498.1316
1661.8986
1525.7283
1562.168
1168.1845
1392.5033
1289.965
1715.3883
1629.6824
1579.7278
1412.707
1466.006
1457.3981
1620.6186
1590.7304
1331.1498
1445.8329
1245.8691
1655.8567
1449.2139
1616.2373
1351.3073
1404.1764
1446.5945
1702.5838
1583.7954
1501.2906
1629.5335
1496.4687
1387.3852
1258.2846
1646.1694
1367.6992
1589.433
1448.2415
1329.3526
1686.3902
1670.3599
1530.8915
1338.256
1524.4856
1424.8849
1481.8805
1392.6371
1500.8731
1792.4272
1607.9586
1493.2499
1689.6951
1500.0999
1316.6696
1417.1957
1353.8787
1207.7881
1285.0548
1495.9544
1280.8627
1398.8391
1343.9754
1265.1401
1615.9394
1398.1794
1310.3618
1509.9954
1610.007
1581.3557
1441.35
1531.4619
1892.3224
1588.0533
1781.5092
1337.7075
1670.7641
1352.7935
1772.8488
1256.9799
1306.6434
1529.0192
1407.8219
1669.1226
1294.8138
1578.1489
1480.2828
1698.8551
1650.0062
1401.4008
1511.7079
1537.6417
1468.4154
1522.9792
1493.1822
1631.5399
1458.8863
1430.3274
1281.3215
1848.7777
1759.1713
1642.5319
1485.812
1165.5903
1478.7331
1456.7615
1650.3468
1710.3613
1519.3279
1488.1711
1459.8688
1618.0509
1590.6908
1493.1167
1521.607
1334.2585
1572.8925
1450.602
1537.8135
1463.8333
1432.1167
1667.0292
1590.748
1466.788
1616.4504
1503.2401
1721.1015
1467.6284
1585.1643
1542.6359
1452.2519
1630.6075
1778.0597
1466.5336
1565.4349
1208.7041
1598.1709
1493.4123
1379.8931
1656.8637
1554.4317
1458.6684
1488.8774
1637.7528
1510.2346
1344.0086
1537.0294
1546.9067
1493.7769
1111.0121
1406.2477
1437.7503
1639.2645
1601.9558
1592.3116
1420.2797
1240.8389
1248.624
1035.7398
1270.8725
1801.4306
1596.5286
1357.634
1356.8059
1435.7154
1347.1881
1420.2911
1389.7594
1616.4227
1647.8203
1539.9842
1608.9051
1386.0933
1388.2365
1372.2179
1240.3527
1483.646
1427.7637
1590.8175
1249.3472
1410.0068
1466.1996
1176.2793
1366.5126
1409.3944
1492.9955
1512.8323
1804.5609
1398.3191
1215.0009
1293.7926
1361.9799
1730.734
1373.9915
1478.3195
1425.6096
1373.3515
1258.1508
1175.3181
1430.6473
1320.4719
1671.7718
1486.0063
1525.8409
1718.7528
1466.5795
1487.5578
1618.6793
1485.4484
1401.5942
1386.2363
1419.9326
1472.5821
1545.3188
1569.5757
1511.6043
1286.7915
1488.9859
1490.6284
1464.7672
1559.1759
1289.3802
1344.2418
1226.7853
1264.8885
1375.0857
1462.533
1590.3819
1338.5614
1205.5372
1408.6753
1681.6411
1469.7997
1538.205
1406.5746
1605.4424
1403.4064
1396.1592
1368.7287
1346.8653
1556.2828
1271.7989
1466.6062
1443.8979
1497.9866
1091.5193
1501.9821
1465.8158
1389.1504
1287.0711
1778.3018
1339.885
1547.8494
1578.7649
1322.3804
1388.5057
1627.4631
1435.1018
1413.8791
1226.6436
1438.6255
1449.727
1307.5833
1403.5174
1445.2134
1405.5523
1192.2358
1184.5994
1243.2779
1528.8639
1390.7972
1486.0647
1461.9013
1322.16
1395.5111
1371.3486
1336.4229
1451.1391
1404.4761
1654.1842
1351.6164
1501.9158
1387.9448
1336.8082
1249.0569
1422.089
1603.2305
1687.8756
1641.5814
1387.6555
1134.6455
1372.2277
1539.1942
1583.0936
1601.0557
1327.4794
1627.6665
1446.8189
1567.3485
1410.4654
1383.3238
1605.9023
1577.843
1282.4374
1304.8921
1212.4537
1470.0894
1572.3913
1426.7251
1511.3518
1571.0018
1579.9354
1605.046
1772.3798
1503.5236
1662.9075
1766.6167
1698.6864
1533.3641
1485.2267
1521.9858
1532.9699
1467.5884
1715.5211
1586.0801
1587.3911
1513.1755
1584.2258
1582.2152
1608.804
1461.3837
1663.034
1362.7065
1543.2159
1435.0546
1742.54
1554.7806
1448.8979
1727.127
1548.886
1541.5642
1473.231
1526.9481
1502.7943
1659.6072
1441.2473
1482.3968
1639.6143
1713.4655
1482.9503
1218.8505
1408.3821
1482.5408
1881.0667
1643.6009
1594.7013
1541.8108
1547.4796
1599.9375
1484.4479
1605.026
1690.0791
1797.5992
1451.3672
1558.1495
1438.305
1471.4181
1433.1931
1512.2957
1634.4581
1459.6578
1398.2676
1454.8812
1592.86
1608.6233
1641.4999
1639.6057
1683.3576
1543.6688
1632.1575
1665.3782
1652.9487
1468.1278
1418.3769
1520.1476
1393.26
1692.2715
1650.4389
1422.1771
1339.2801
1366.7372
1322.5411
1389.1219
1443.5244
1532.5301
1368.9376
1640.5079
1608.6225
1664.0232
1512.7613
1420.1499
1762.7039
1794.975
1380.644
1540.3245
1549.3446
1477.8632
1345.0183
1443.9638
1351.2165
1367.417
1264.4802
1374.9349
1791.5678
1513.6937
1615.0287
1679.6211
1497.6833
1334.2669
1593.7958
1605.982
1653.2515
1518.973
1402.761
1502.3688
1587.4255
1530.9201
1549.5811
1454.7185
1416.136
1302.3766
1265.5553
1266.1477
1333.2623
1732.459
1529.6833
1632.613
1476.6455
1435.7692
1601.0322
1552.1397
1657.9797
1513.1906
1457.5324
1426.586
1492.4501
1565.2959
1683.2155
1847.6593
1814.5309
1497.2653
1552.5668
1287.3501
1365.3467
1343.0891
1497.3799
1443.1406
1435.2629
1659.3234
1597.1413
1387.9854
1474.6074
1501.987
1289.9433
1232.7995
1519.422
1560.6718
1576.7227
1401.0725
1612.0893
1278.8963
1385.0316
1421.5618
1505.4151
1581.9587
1554.4167
1251.7862
1510.496
1281.4894
1518.4316
1562.1082
1333.1219
1644.8252
1395.6004
1302.5366
1510.5572
1676.8758
1885.6022
1519.1402
1492.4262
1509.1898
1331.5801
1531.8896
1258.7384
1408.8363
1497.8304
1615.4113
1459.1849
1506.0559
1446.1204
1415.5339
1531.8929
1452.349
1437.9056
1693.1003
1646.8616
1377.3425
1675.1152
1636.7989
1684.2493
1334.8819
1477.7756
1426.838
1529.5741
1721.3131
1579.0264
1565.9448
1659.4666
1748.0107
1691.4225
1419.6944
1423.0593
1316.2781
1546.3445
1470.869
1458.1038
1573.769
1627.924
1264.8022
1201.5033
1442.5077
1540.3222
1420.7861
1614.5439
1604.0506
1241.4527
1417.7515
1325.7774
1330.0328
1459.3304
1398.3706
1299.7373
1483.1826
1573.9417
1483.2545
1390.524
1312.406
1633.3389
1735.7453
1349.5408
1389.9529
1427.3998
1315.2796
1473.9518
1505.8746
1304.3634
1563.5042
1560.1362
1221.9285
1615.9477
1387.7772
1258.3066
1177.3326
1549.2239
1453.2775
1566.9403
1573.8494
1586.0338
1568.9495
1506.6454
1308.4392
1714.239
1444.4219
1510.2339
1585.8202
1608.0254
1560.3845
1403.6796
1608.3763
1354.3197
1544.0105
1439.285
1542.2826
1357.0186
1663.538
1470.1764
1462.1052
1263.0381
1612.3965
1572.9631
1924.3589
1512.2525
1582.367
1616.4748
1451.2821
1371.3404
1473.7791
1407.6244
1492.343
1743.9361
1616.8109
1368.5385
1566.4491
1683.9565
1524.0846
1644.6168
1521.845
1527.3022
1749.0902
1893.1364
1393.9464
1408.3134
1468.2018
1407.4266
1588.3958
1330.0188
1535.9581
1677.1074
1518.4717
1674.7117
1727.6932
1458.0483
1529.0245
1554.9602
1425.4029
1817.3783
1490.5797
1498.3495
1579.329
1340.0815
1442.8753
1130.3276
1382.585
1688.0377
1311.6388
1726.5067
1342.9659
1829.5211
1771.988
1492.566
1482.545
1371.3458
1537.1547
1512.2278
1548.5169
1443.4611
1451.8434
1409.6336
1322.4436
1419.5046
1619.6715
1460.7958
1768.5929
1649.1645
1729.1461
1446.599
1787.8543
1573.6501
1654.261
1265.926
1372.676
1422.5749
1485.0628
1704.0312
1828.0517
1792.6709
1506.8055
1506.1146
1372.4697
1112.8873
1224.2752
1371.8774
1430.7853
1298.3447
1474.6674
1306.3569
1323.9911
1306.6588
1655.2447
1608.5773
1648.277
1317.1995
1650.6565
1585.4304
1675.4225
1590.3929
1494.1419
1492.8817
1554.8977
1760.6325
1419.9957
1452.3968
1408.3112
1553.0274
1342.0688
1518.2119
1783.0297
1542.0655
1598.758
1376.8762
1558.2864
1260.8343
1525.4041
1408.795
1665.5771
1616.4342
1633.728
1242.3641
1322.7129
1498.4469
1474.7993
1486.2044
1446.571
1712.224
1519.9693
1435.8208
1549.0476
1724.9256
1289.5827
1595.698
1653.2281
1658.9337
1450.5315
1306.2364
1515.2598
1455.0931
1301.6067
1256.5425
1535.1165
1706.7436
1431.0134
1631.9926
1581.7796
1452.0993
1642.1055
1318.6622
1319.9569
1291.5812
1358.9616
1548.6758
1787.1817
1419.0885
1587.1319
1489.9189
1672.2281
1536.3006
1602.2621
1395.8489
1687.2552
1470.827
1241.5217
1137.2261
1264.5502
1456.7796
1488.032
1352.5646
1358.2295
1477.6846
1275.3614
1348.1729
1510.1622
1293.8589
1402.0436
1702.3646
1556.5019
1438.8342
1646.5532
1508.3015
1338.588
1371.3284
1386.4708
1413.1826
1596.137
1531.4842
1328.4856
1220.5786
1562.747
1352.1702
1299.8954
1495.5951
1754.3182
1565.6389
1514.5665
1559.5148
1411.4222
1341.141
1407.4703
1501.2255
1591.7949
1431.6699
1560.8167
1340.9835
1462.352
1346.7749
1443.8514
1568.5674
1243.1855
1328.8427
1734.5853
1609.3059
1488.5708
1766.9196
1879.0627
1319.2086
1398.3538
1514.3623
1600.4484
1634.1621
1595.3183
1364.1851
1307.2547
1601.9695
1600.0871
1395.7763
1398.5836
1404.0738
1482.4277
1429.5205
1737.8633
1683.0654
1679.853
1325.4079
1619.4787
1509.0693
1605.6004
1745.1081
1589.759
1550.1328
1557.4683
1524.9165
1685.3541
1867.5748
1608.6119
1566.6665
1337.8674
1224.1058
1552.009
1679.8504
1496.9435
1681.1154
1572.3157
1322.8191
1432.7205
1619.505
1768.5059
1443.8051
1802.3335
1611.027
1447.8503
1607.2748
1262.905
1402.1534
1408.1891
1454.1337
1533.1596
1624.8016
1659.6494
1802.3931
1514.9273
1712.8477
1592.0067
1524.3195
1479.8481
1697.1496
1596.503
1542.6898
1696.4915
1500.9934
1410.6982
1569.8174
1605.5441
1732.9759
1815.1098
1866.7476
1477.131
1463.0046
1547.7644
1731.3461
1577.4002
1414.5192
1454.3047
1647.9115
1484.1172
1418.5169
1524.1451
1532.7696
1632.0989
1595.4892
1538.8685
1604.3819
1503.7845
1506.7766
1425.4482
1484.8519
1444.3586
1302.8543
1714.1298
1630.1829
1428.8926
1490.5624
1367.8933
1367.6299
1504.4812
1368.7646
1265.8045
1459.9087
1601.6064
1248.2365
1505.0028
1604.4635
1511.3227
1530.4394
1423.4274
1405.4541
1466.6945
1415.9318
1258.9891
1367.8064
1387.8702
1332.4287
1489.9549
1576.7927
1473.9276
1437.3343
1389.1599
1404.4852
1330.576
1474.8111
1412.4266
1467.4819
1451.6232
1085.7173
1424.8121
1416.4797
1565.5031
1713.3197
1724.998
1458.1694
1207.369
1349.6641
1140.08
1316.1783
1375.5393
1469.7831
1462.0802
1649.4795
1670.9419
1607.3576
1326.1567
1228.3322
1287.1498
1029.8856
1326.5042
1764.0431
1634.5939
1503.3018
1402.6854
1351.1403
1261.0393
1347.1359
1250.0869
1528.5936
1307.2611
1562.5446
1463.7305
1398.662
1259.967
1338.1409
1295.1366
1560.3767
1084.8895
1289.6511
1286.6412
1378.3161
1428.5531
1608.7721
1659.9913
1276.8915
1573.4841
1510.8437
1476.7476
1211.4897
1729.3782
1561.3311
1363.5625
1277.4157
1477.004
1623.8076
1344.5615
1335.0527
1364.0247
1532.1572
1258.7547
1414.8444
1296.1498
1335.8991
1363.718
1476.7095
1584.2297
1572.7725
1542.6027
1308.8785
1540.0723
1491.9197
1618.261
1741.0103
1694.1462
1627.2741
1643.7185
1624.0474
1368.8569
1278.1261
1339.6975
1306.9256
1483.8308
1373.365
1475.5969
1512.9937
1306.033
1478.1417
1404.4376
1439.7314
1648.0257
1772.9447
1579.3288
1446.5534
1554.3324
1564.3704
1522.482
1621.8044
1238.6305
1516.98
1242.9815
1285.2499
1485.603
1393.2629
1526.1625
1482.538
1411.6564
1178.6
1544.2138
1513.2645
1505.7915
1400.078
1481.717
1551.8762
1634.4906
1722.2361
1346.3452
1480.0354
1433.3495
1469.9319
1848.7868
1453.0297
1528.4934
1300.5349
1424.9228
1353.6033
1640.3895
1654.5161
1666.5574
1612.0181
1313.9932
1457.8959
1177.705
1282.464
1575.8929
1679.5425
1660.7805
1556.9136
1569.8316
1654.0167
1519.7295
1376.065
1492.4936
1260.2086
1439.7901
1262.0661
1296.3964
1282.2762
1383.097
1063.5754
1198.2718
1397.6076
1398.1157
1270.6538
1263.9165
1422.9305
1484.3687
1601.0662
1526.9588
1385.2107
1485.6135
1364.4685
1386.7325
1345.4133
1280.3727
1652.8645
1543.9428
1336.8472
1608.4394
1213.2877
1405.7947
1422.7477
1320.0535
1409.1731
1380.463
1238.6567
1386.7813
990.07599
1253.9564
1177.2115
1448.8534
1660.1684
1522.8828
1312.3988
1360.7256
1463.4869
1359.1153
1407.4164
1269.4712
1412.0183
1256.691
1300.9812
1422.8766
1611.05
1310.3091
1552.5767
1685.4731
1386.3361
1307.5068
1434.4121
1686.6711
1483.9004
1598.7439
1575.6831
1407.8247
1545.6858
1431.3584
1444.2267
1364.1128
1471.8083
1703.0577
1481.9528
1772.8426
1563.7258
1602.5168
1507.094
1460.5165
1338.2446
1214.0258
1615.9196
1489.3836
1687.2044
1563.6468
1371.8484
1373.0019
1285.6903
1313.541
1396.6865
1684.2611
1603.2261
1350.8569
1284.917
1559.0888
1587.0233
1545.5076
1700.6665
1374.306
1335.0703
1573.3451
1496.0821
1492.5098
1451.0789
1699.053
1231.9629
1276.0344
1514.237
1436.471
1535.7846
1582.085
1644.33
1593.0928
1389.6366
1606.1521
1325.5933
1349.7256
1485.0151
1449.1606
1607.2736
1464.1702
1525.6601
1550.3633
1493.633
1119.4977
1260.7416
1534.186
1594.6063
1542.2714
1411.2454
1511.7713
1470.2352
1445.3916
1515.1397
1359.7546
1365.5363
1559.8345
1894.1084
1606.4211
1599.5779
1297.5668
1282.586
1575.4761
1611.9859
1354.7583
1720.1537
1393.5456
1567.0052
1449.7732
1606.7813
1330.3143
1291.7357
1562.5641
1458.6852
1537.7861
1517.8817
1462.721
1730.709
1706.3469
1576.6981
1596.4846
1752.3597
1634.2324
1585.6757
1466.7034
1565.9378
1528.7109
1433.2536
1549.8055
1441.8137
1633.1135
1282.5939
1636.6639
1662.9892
1789.8376
1642.6849
1446.6523
1804.3321
1629.1238
1412.7264
1336.8812
1279.4626
1399.9167
1517.3187
1419.9583
1451.4948
1431.7067
1519.5678
1326.0755
1365.3473
1741.2774
1593.9303
1459.019
1565.1889
1658.7571
1223.5781
1412.8849
1374.4456
1535.5091
1437.911
1508.813
1347.0846
1559.9785
1441.4132
1675.322
1773.5322
1510.9085
1551.3273
1504.1386
1344.7935
1427.7554
1739.4275
1787.9145
1790.0981
1490.3024
1476.7678
1425.2224
1458.8241
1541.9208
1592.6192
1913.5168
1694.6876
1776.294
1574.2832
1387.159
1424.6105
1427.8598
1692.6112
1484.6458
1361.4351
1631.6099
1488.9907
1521.9625
1272.0695
1676.3773
1500.8891
1690.4698
1558.2488
1391.3266
1272.4977
1559.0182
1483.3253
1411.6648
1529.8458
1568.9852
1500.2554
1435.2301
1387.5923
1493.749
1477.6487
1496.6017
1366.3639
1210.3161
1446.1638
1449.6232
1471.6937
1353.2004
1478.3307
1404.1913
1400.3027
1353.8345
1630.1086
1624.4576
1647.706
1481.5621
1522.6041
1331.3415
1409.7445
1434.8976
1610.4697
1443.8039
1692.497
1516.3448
1212.0014
1489.5298
1507.0413
1465.0694
1706.9828
1449.162
1381.9268
1433.9877
1421.3211
1522.4754
1535.4926
1615.0657
1486.5528
1663.8215
1504.0115
1522.6365
1489.5165
1498.3291
1791.6688
1440.8256
1457.3944
1624.6219
1546.8234
1425.4946
1226.6896
1629.2975
1433.9798
1422.2848
1861.107
1591.5448
1604.7516
1583.0868
1527.356
1689.6838
1534.4119
1582.4406
1483.9964
1503.5211
1749.4341
1682.8619
1566.9911
1456.4211
1440.6121
1314.8755
1613.2246
1411.5036
1336.569
1411.2011
1481.9673
1643.2987
1863.923
1384.6344
1510.7633
1303.9564
1609.7984
1796.9057
1526.7894
1658.8285
1445.5886
1556.0338
1427.3324
1585.2866
1578.6469
1620.1552
1539.0416
1437.1132
1396.1962
1503.1085
1307.4296
1599.1775
1694.6518
1799.3943
1742.2999
1426.7689
1625.039
1606.4486
1291.8123
1609.9105
1326.0707
1261.344
1371.9331
1527.056
1655.6763
1716.6511
1470.0877
1303.6587
1266.5755
1578.9205
1507.6523
1501.6131
1291.6248
1288.8835
1584.9643
1655.4175
1378.9785
1383.2201
1567.8913
1483.6712
1624.2763
1265.5485
1480.2451
1463.7649
1508.2916
1837.0845
1611.8619
1605.4184
1658.9073
1459.7614
1261.7688
1425.2669
1342.8642
1386.1992
1376.842
1502.6909
1603.7558
1600.1298
1497.135
1311.6154
1352.1373
1479.7188
1798.0482
1657.6909
1466.8594
1537.9306
1502.6236
1443.8467
1569.0901
1369.9866
1405.0479
1516.3895
1516.46
1414.4395
1654.4774
1374.7591
1547.7273
1558.9692
1713.9421
1804.3823
1581.199
1498.8545
1429.3979
1695.3538
1545.712
1385.8847
1478.6676
1455.6861
1560.2633
1541.3465
1629.9469
1538.4807
1562.5069
1605.7728
1642.2105
1369.0706
1443.7349
1462.7012
1501.668
1573.597
1511.3604
1786.146
1734.5929
1468.4818
1500.1574
1400.8407
1463.864
1387.5022
1800.6723
1869.3932
1756.766
1400.7637
1394.8804
1285.2048
1606.3954
1557.2749
1713.7687
1637.719
1492.5661
1548.4338
1229.411
1370.0094
1625.7727
1560.7042
1353.3166
1399.6973
1482.9601
1605.8979
1719.9474
1777.0924
1440.5251
1634.5948
1584.3433
1583.8988
1488.9617
1311.5662
1380.4618
1422.2774
1483.2657
1583.2737
1444.2121
1657.4795
1486.2722
1633.8356
1562.4066
1637.0605
1652.1469
1683.0528
1425.4503
1199.8749
1498.1745
1629.6785
1495.8702
1399.6937
1450.439
1483.4303
1303.9208
1356.542
1333.8112
1267.0705
1351.4642
1315.8986
1550.7127
1458.6885
1495.2609
1523.3583
1539.922
1368.3007
1599.666
1559.831
1699.3716
1270.3235
1361.07
1627.9581
1400.5849
1213.4584
1446.1962
1297.0798
1538.4652
1461.9885
1371.8099
1530.0888
1703.9172
1465.7224
1580.7311
1329.1203
1430.5286
1409.1988
1625.8052
1776.5029
1563.1271
1548.3307
1462.0514
1383.379
1298.605
1514.7607
1290.9653
1412.9275
1167.9793
1467.7823
1325.3628
1401.2003
1484.5385
1591.3824
1524.8111
1526.7531
1408.3088
1452.4853
1330.1919
1427.978
1545.1133
1587.043
1606.7055
1363.3386
1192.3591
1454.2351
1454.4358
1503.4426
1403.7323
1393.1588
1604.5157
1308.6763
1413.425
1381.7508
1317.6588
1416.5538
1504.4024
1395.918
1392.283
1689.73
1565.5346
1420.4214
1291.2259
1383.196
1256.8906
1576.6906
1806.3678
1712.0955
1478.9191
1490.613
1612.708
1277.9128
1770.7092
1742.1542
1512.8715
1654.0478
1745.5835
1494.9729
1548.3802
1521.3065
1382.0166
1460.7903
1385.8135
1495.8881
1334.3944
1370.2495
1193.8643
1143.0512
1462.5605
1397.6824
1413.7107
1684.6399
1556.221
1806.9316
1395.6235
1402.7698
1440.0365
1265.3991
1698.395
1382.9098
1291.1803
1523.2222
1616.8041
1627.8136
1691.3624
1535.4803
1358.7938
1144.2894
1521.3339
1475.7391
1573.642
1508.1446
1325.6634
1540.0122
1453.8475
1643.6312
1535.3783
1464.1782
1454.0762
1420.4764
1524.1773
1465.5439
1469.5876
1526.8165
1606.6621
1645.8027
1512.6528
1469.0186
1511.5782
1499.9114
1632.9561
1545.9448
1395.6247
1512.5052
1595.235
1405.8744
1404.7001
1233.6639
1552.6121
1663.4114
1507.9648
1374.9975
1464.1141
1411.0138
1274.5269
1422.925
1497.9887
1688.9081
1450.922
1475.1653
1295.1525
1419.4984
1633.1617
1594.1887
1441.8383
1439.7216
1433.3987
1499.9613
1587.9759
1622.2963
1189.7935
1391.2951
1448.261
1639.5001
1775.8722
1785.5258
1835.8162
1681.3626
1468.182
1559.8862
1761.7989
1743.6333
1567.7553
1598.1453
1640.6884
1394.2879
1339.7526
1379.345
1239.5249
1494.4037
1738.7471
1564.5217
1583.7575
1639.9626
1298.0502
1163.4463
1253.8329
1365.0431
1457.6858
1704.9979
1537.2121
1369.591
1494.3524
1501.9072
1562.0735
1435.1368
1419.5602
1358.5679
1808.2149
1649.933
1628.9885
1508.7214
1700.6079
1583.9536
1578.3696
1475.7845
1683.1623
1286.4245
1400.2913
1664.6649
1602.9442
1692.0498
1404.1558
1567.2449
1606.5926
1500.676
1432.2257
1476.0309
1688.0572
1231.9058
1671.7579
1558.417
1562.4885
1394.4803
1443.7969
1146.2847
1010.2581
1333.5238
1413.658
1394.1112
1383.6854
1515.3982
1385.2126
1731.0655
1329.2952
1423.1549
1420.5601
1487.7825
1538.8077
1465.4125
1558.8771
1613.8749
1464.9071
1200.5328
1312.0306
1476.5552
1270.6451
1384.8135
1326.1192
1322.3095
1608.3286
1646.3532
1687.1344
1448.1103
1331.7204
1265.9533
1252.6508
1534.2818
1493.3275
1530.639
1140.4899
1293.0342
1658.8968
1579.1525
1499.4809
1460.7883
1686.5967
1445.7889
1571.9095
1342.4161
1602.2422
1914.0226
1495.1084
1601.5788
1482.9649
1318.8803
1500.1508
1273.9834
1182.6333
1432.6361
1422.5836
1580.2835
1226.2621
1426.4559
1373.8034
1474.597
1526.0214
1483.3045
1747.1951
1221.3072
1319.0052
1470.3378
1494.6704
1531.3355
1388.0908
1378.0321
1457.2891
1461.041
1325.8318
1428.5824
1590.3892
1286.2206
1383.7323
1407.1001
1285.9283
1122.4692
1011.901
1417.7357
1489.0018
1581.154
1153.1936
1261.6232
1315.3958
1359.5599
1467.0705
1651.1914
1740.4874
1654.9101
1389.2781
1292.8081
1392.1594
1542.5342
1465.1944
1414.3806
1401.9239
1238.539
1531.0826
1343.8475
1461.8541
1567.5848
1682.5255
1552.761
1443.2955
1542.3593
1590.7498
1428.9968
1443.4317
1640.8047
1327.8275
1291.3673
1560.0283
1473.1854
1652.5157
1448.1408
1588.054
1447.3003
1452.2078
1382.6545
1571.2747
1527.2859
1579.8422
1763.236
1510.5264
1398.2872
1215.7367
1727.1285
1440.5591
1358.9977
1579.2059
1437.1298
1340.8578
1408.6416
1383.0323
1639.8336
1458.9708
1562.3124
1785.5048
1346.0114
1256.3201
1273.8009
1422.1529
1593.2825
1505.6865
1777.9797
1511.2884
1497.3168
1147.4176
1446.5084
1370.0407
1312.4014
1590.6757
1471.4744
1406.2455
1657.429
1589.8927
1254.9061
1416.9757
1450.3664
1087.4415
1347.433
1376.0877
1408.1026
1316.546
1244.2125
1306.1347
1363.3647
1475.0205
1372.0441
1318.2181
1278.3083
1403.9855
1622.8374
1415.572
1331.2084
1248.7733
1514.6655
1381.5753
1443.7826
1244.0044
1065.1076
1359.2021
1416.7215
1672.0593
1546.1772
1633.7176
1610.1282
1477.32
1617.3564
1855.2603
1560.5153
1360.9309
1456.4394
1804.101
1523.5767
1360.2415
1337.51
1465.0955
1487.9461
1673.3415
1500.6099
1394.8467
1332.9547
1231.1286
1461.8172
1361.6455
1660.6795
1610.2369
1427.6926
1276.2429
1321.9678
1441.0546
1493.1456
1629.0465
1376.1424
1393.3496
1612.3845
1328.2809
1458.8604
1556.9838
1487.0367
1563.8818
1654.5145
1513.3742
1435.0378
1561.884
1559.0567
1548.1522
1420.0078
1559.6098
1869.0587
1591.2806
1737.9603
1757.826
1506.4727
1703.7725
1481.3614
1525.0965
1431.0228
1365.781
1520.7211
1649.2847
1585.1243
1331.1499
1564.5475
1762.531
1793.9195
1835.721
1682.1939
1439.4528
1615.6408
1717.3702
1671.9081
1541.7362
1619.5882
1565.3881
1637.448
1435.466
1484.0522
1504.0039
1615.9196
1170.781
1692.9999
1651.5131
1540.1606
1509.8169
1658.2877
1377.055
1324.729
1483.0075
1424.7389
1662.8107
1817.1413
1569.6796
1640.8613
1578.3656
1672.2603
1638.3725
1499.8526
1352.9328
1281.38
1597.9108
1552.9714
1656.0861
1583.0582
1271.7582
1397.7279
1234.3063
1433.7329
1321.5624
1429.1732
1471.0176
1622.6613
1462.4723
1484.0836
1732.8046
1496.2751
1643.3026
1501.9084
1430.7683
1602.0378
1456.0711
1337.9619
1609.5179
1612.9323
1477.3155
1504.5143
1539.1656
1265.8204
1427.9607
1354.264
1395.6858
1531.8062
1384.1231
1539.7734
1401.9241
1390.0183
1456.346
1614.6962
1509.4815
1558.6635
1612.0338
1399.1422
1507.5222
1430.8976
1459.598
1607.9472
1676.0723
1414.6789
1449.6363
1342.7568
1346.1379
1353.718
1858.4446
1442.956
1467.9477
1483.073
1524.1134
1544.6844
1655.2119
1380.9549
1649.9415
1572.5531
1370.78
1268.384
1581.2815
1421.4365
1515.5056
1571.8234
1479.5347
1316.9934
1468.1587
1173.577
1249.9173
1381.2735
1332.1922
1442.8845
1743.3807
1678.1689
1849.683
1678.2829
1422.5583
1464.5311
1762.1965
1838.4618
1581.7142
1525.9145
1538.9474
1665.0333
1654.0023
1518.3417
1579.1988
1643.7247
1783.4036
1709.5688
1732.9392
1500.7915
1488.7384
1342.8713
1613.4118
1502.3006
1370.2418
1469.7515
1303.2111
1313.8391
1578.2498
1650.4636
1417.3312
1346.0906
1710.9726
1328.8587
1624.6047
1452.1397
1601.4907
1530.5064
1640.6427
1695.4147
1665.3305
1644.8807
1572.456
1443.3461
1431.8403
1597.0978
1831.3913
1662.129
1473.3734
1761.4198
1622.7592
1521.7081
1480.3137
1385.9279
1511.6317
1423.767
1632.1563
1538.8282
1323.8937
1677.6479
1649.1575
1528.7326
1420.934
1375.2238
1461.8004
1297.4453
1192.0651
1301.1763
1114.3685
1629.9945
1725.1101
1639.5475
1353.6076
1570.4186
1461.611
1309.8884
1408.5616
1581.3182
1417.2446
1741.4688
1475.5877
1595.0094
1508.9011
1244.3405
1489.1656
1454.6671
1423.1598
1267.495
1352.6993
1375.9511
1146.6558
1309.0003
1732.7246
1348.6877
1514.2302
1564.2536
1529.4491
1333.6519
1359.6538
1466.9011
1551.2607
1494.8593
1555.3678
1395.194
1453.1137
1422.699
1720.8566
1390.4349
1482.4479
1456.6637
1512.5736
1539.8929
1404.6193
1404.7218
1565.6933
1591.5959
1614.4324
1298.5808
1654.0824
1574.8364
1453.753
1347.4866
1291.8748
1397.9103
1272.4867
1369.5176
1416.8051
1559.7259
1451.485
1541.8628
1482.4989
1578.7188
1367.2881
1146.6288
1411.6861
1377.7391
1401.6349
1560.5103
1170.7437
1417.7374
1122.061
1352.3925
1401.6136
1516.758
1519.6997
1426.5043
1531.3971
1471.0805
1588.4727
1377.5853
1415.1443
1546.315
1244.8043
1569.0178
1548.7284
1610.9098
1298.3874
1498.9019
1520.095
1598.9363
1362.6871
1296.3554
1518.6865
1611.7519
1447.7
1588.5041
1438.8594
1506.8319
1558.3062
1369.9367
1610.3751
1644.4968
1628.6599
1623.9181
1251.6877
1492.5675
1414.6051
1700.4547
1732.7698
1626.4122
1422.6872
1078.7661
1500.2556
1483.9178
1618.7055
1394.8034
1687.5616
1509.9171
1454.0023
1228.706
1449.6867
1207.364
1185.0271
1219.1639
1552.072
1466.893
1727.5215
1505.5083
1506.0644
1243.1451
1587.9179
1463.8185
1389.929
1474.3674
1218.1299
1421.6908
1349.7817
1474.9401
1563.4025
1272.8867
1496.9742
1385.5084
1557.6297
1456.7856
1122.472
1604.9281
1480.5843
1212.7344
1433.5013
1647.281
1700.7541
1559.181
1475.3116
1576.9721
1630.0549
1450.2571
1473.2301
1803.4757
1610.3624
1653.8693
1700.369
1540.8971
1649.1233
1282.0028
1666.9674
1431.9966
1369.221
1628.5938
1515.3105
1589.3926
1531.1202
1608.3285
1408.1816
2022.8659
1409.4288
1646.3316
1307.1745
1522.6067
1563.1336
1549.8173
1574.4609
1409.2433
1322.5651
1305.9768
1443.3184
1334.1432
1157.385
1490.336
1422.3195
1430.5913
1481.0251
1353.0571
1750.7232
1465.6249
1661.6647
1402.6922
1659.4845
1503.6377
1311.9744
1148.0201
1529.0356
1459.1857
1753.816
1639.3011
1541.583
1358.693
1438.3147
1343.1925
1359.2143
1406.1787
1536.0789
1542.4742
1403.0781
1402.1685
1400.2799
1462.7591
1356.4111
1466.7039
1639.6912
1467.1849
1608.3762
1893.0902
1421.7882
1655.3443
1696.698
1406.4027
1325.1245
1550.2837
1393.7933
1514.1659
1631.2574
1376.4216
1494.9964
1462.551
1232.5805
1469.7569
1356.4838
1155.8224
1438.2457
1480.1144
1801.1179
1477.0419
1380.3253
1366.3313
1393.4255
1348.1327
1377.7549
1656.5012
1554.2575
1535.8705
1496.5336
1683.1006
1428.95
1939.9389
1586.2792
1605.4694
1676.492
1589.4898
1822.5284
1544.0392
1796.3283
1374.2707
1687.985
1600.4062
1257.7163
1554.7978
1426.7954
1651.4717
1539.5971
1621.304
1649.9094
1566.2743
1631.5482
1482.1379
1559.8872
1563.7791
1378.9394
1511.0947
1319.2064
1413.6331
1505.6858
1432.3216
1581.826
1440.6711
1532.2008
1499.6524
1546.752
1722.4281
1711.0543
1480.5208
1526.3936
1516.0019
1233.8886
1475.2142
1718.4329
1772.2213
1182.5958
1406.1865
1509.8977
1426.6367
1399.6346
1451.4217
1518.014
1446.2791
1330.6841
1542.7107
1455.3321
1448.697
1499.3279
1403.5108
1483.4626
1593.7545
1531.6201
1336.9682
1224.8258
1172.5183
1297.3509
1749.4743
1511.7002
1653.7732
1608.2354
1577.5686
1459.6093
1363.2312
1533.5001
1325.5701
1505.8983
1433.2488
1233.2087
1156.3458
1422.1055
1537.6176
1780.9798
1740.1645
1257.2688
1024.7646
1595.1233
1539.1564
1615.9717
1715.3828
1789.9625
1302.6251
1460.8196
1406.6578
1738.1877
1525.9302
1765.8332
1424.8916
1418.3091
1573.8425
1389.485
1408.1084
1506.6367
1502.0689
1749.5511
1612.4036
1544.118
1580.9466
1193.1338
1322.6184
1452.5043
1410.2977
1421.227
1468.8961
1364.2308
1572.1769
1479.6341
1540.2464
1611.0721
1454.1403
1755.6309
1588.1038
1376.5378
1374.8478
1658.5389
1664.9607
1581.3985
1362.9595
1389.181
1522.2002
1673.5864
1906.412
1624.0915
1563.6806
1454.9759
1606.2094
1753.1925
1749.7327
1469.3563
1598.2733
1328.3409
1610.8108
1829.5805
1495.1635
1474.619
1491.6528
1590.8763
1500.9308
1523.9749
1559.0554
1544.9176
1654.4534
1437.7465
1876.139
1391.1419
1364.5641
1130.9205
1426.5878
1539.5727
1679.7485
1837.5852
1469.3289
1521.6041
1429.9706
1431.9165
1349.7025
1389.1311
1759.4668
1737.9325
1421.6219
1694.9967
1481.2484
1525.3455
1665.3588
1250.998
1515.1145
1324.104
1485.8283
1451.6303
1342.0812
1351.0264
1827.216
1561.2368
1591.9125
1548.8978
1478.43
1556.7055
1529.0645
1576.2603
1402.4048
1587.5817
1660.8165
1478.6308
1385.7303
1591.1793
1621.2142
1560.2819
1735.8691
1251.1731
1554.6587
1671.8767
1492.1122
1510.2951
1576.9137
1019.5873
1496.7385
1361.3619
1385.9928
1449.495
1443.1499
1161.3469
1542.7509
1632.5753
1469.2041
1481.2982
1638.4714
1389.4952
1337.8046
1417.0819
1588.1441
1416.6895
1546.9386
1423.8233
1440.1645
1433.3738
1551.0765
1299.8666
1587.5965
1472.1224
1726.4842
1243.1724
1164.2849
1280.4911
1390.3311
1397.3601
1602.0281
1583.6306
1383.9769
1523.4309
1578.6409
1709.4972
1741.9999
1875.3741
1600.8491
1379.0838
1412.8279
1526.0128
1616.0964
1560.4213
1552.6393
1517.5184
1544.468
1701.7454
1464.4787
1722.5253
1571.4532
1626.1893
1224.651
1741.6747
1739.546
1427.9249
1528.6182
1368.8482
1442.0221
1728.9562
1415.0031
1502.2987
1255.5413
1361.3819
1617.2289
1656.4922
1570.3215
1639.1025
1569.6293
1607.1526
1352.109
1573.5244
1388.007
1167.3537
1501.503
1418.7323
1490.4692
1516.289
1442.4097
1304.2208
1392.1537
1582.7191
1569.2134
1536.4329
1629.718
1727.3955
1630.28
1241.1682
1619.3046
1612.6192
1552.7277
1361.073
1636.4599
1467.0893
1519.4068
1397.2583
1486.0287
1527.2499
1564.9852
1729.6894
1645.2388
1705.3642
1631.0981
1879.7511
1799.0944
1483.8783
1699.4153
1416.6793
1312.7039
1439.976
1620.2535
1328.387
1467.1857
1311.7853
1279.7722
1431.7415
1459.8708
1416.8778
1345.4742
1439.823
1504.507
1475.5198
1578.7036
1578.7443
1415.4829
1557.3073
1391.8196
1527.9969
1507.2859
1507.6969
1512.1688
1436.7667
1223.1868
1324.4171
1486.761
1466.3537
1427.2245
1264.7926
1355.8636
1491.1703
1431.2862
1294.1098
1375.1282
1330.0731
1265.7286
1408.2703
1635.2876
1262.594
1278.565
1458.6424
1310.8734
1612.7362
1363.7237
1375.3108
1358.5084
1336.4031
1199.5922
1662.4153
1385.7193
1408.2035
1592.2108
1346.2352
1301.884
1300.302
1093.484
1334.578
1457.1142
1398.7477
1419.104
1642.8076
1595.1549
1540.326
1428.1879
1361.5804
1461.4892
1593.8526
1438.1502
1653.6377
1522.7822
1594.1106
1419.8009
1246.6804
1263.6529
1333.0925
1563.0948
1543.8561
1289.8916
1396.8096
1555.1612
1173.2535
1274.3252
1352.2845
1368.4876
1236.4712
1295.2765
1376.2108
1390.5648
1550.5634
1405.7822
1459.3403
1392.8504
1354.9553
1215.4869
1487.7897
1360.978
1599.4136
1544.3655
1524.9805
1288.7957
1446.744
1635.9954
1331.2945
1150.9911
1384.5554
1423.9403
1437.1517
1464.7758
1646.5227
1338.1038
1261.4065
1572.0856
1563.3291
1417.4083
1587.8979
1378.3137
1089.6231
1586.9213
1190.2557
1658.5474
1533.718
1641.1155
1774.1564
1672.9714
1614.2757
1379.601
1644.2557
1312.8135
1505.9315
1774.0172
1368.542
1423.726
1426.3051
1713.6577
1616.4483
1387.1053
1366.2056
1416.205
1409.9048
1437.8628
1411.3134
1362.0253
1532.4178
1453.2998
1758.5862
1636.5396
1521.8666
1458.6571
1375.2049
1264.4296
1526.299
1539.944
1357.3022
1411.6939
1510.7877
1286.5967
1411.2868
1641.253
1612.6785
1429.6892
1529.5513
1318.7069
1187.3998
1347.0657
1550.0129
1316.4444
1396.1659
1489.7854
1613.2314
1525.3303
1470.5626
1439.1937
1397.0069
1386.2094
1652.3319
1120.5003
1311.1826
1380.4948
1471.2815
1681.3046
1578.5582
1742.1136
1560.6682
1245.5948
1668.3696
1461.1878
1912.4908
1604.3916
1731.4269
1365.6533
1587.7772
1458.1649
1233.7294
1535.1726
1609.2195
1566.1119
1444.5962
1461.3516
1493.8311
1685.0769
1523.4055
1672.7884
1421.2474
1604.3582
1415.6599
1439.9915
1441.0217
1497.1533
1195.6965
1359.0092
1046.4198
1028.6737
1409.6135
1457.1638
1446.4753
1479.4527
1336.0267
1437.3345
1292.6838
1252.2982
1417.5946
1502.0961
1421.2068
1641.1232
1577.989
1417.9734
1494.8084
1556.1002
1619.3301
1330.9019
1569.7974
1364.926
1193.9117
1635.8579
1590.7492
1452.8824
1388.2262
1362.4339
1409.4612
1406.1753
1653.2939
1357.6735
1319.0589
1314.9241
1402.889
1283.6763
1249.6796
1339.2124
1277.4374
1399.2494
1376.3714
1406.8121
1448.4727
1197.3579
1315.4827
1482.7426
1354.1372
1440.2713
1322.8848
1387.3954
1748.5194
1479.844
1568.4413
1178.9733
1552.0147
1393.1298
1496.0902
1538.4885
1536.5465
1495.2078
1429.4528
1144.8591
1462.3691
1298.1875
1262.7989
1428.0614
1283.9436
1403.9645
1300.0757
1422.8166
1484.901
1352.6189
1512.7103
1664.6205
1787.7231
1503.8817
1647.8873
1455.5975
1397.6814
1450.0723
1604.2635
1424.1287
1735.4703
1450.7256
1562.714
1517.515
1505.6125
1241.6178
1522.4969
1359.2196
1560.0052
1447.0162
1383.2768
1537.6665
1494.0001
1398.1071
1507.2334
1516.1847
1361.9135
1551.6212
1464.1412
1341.2129
1372.787
1501.9365
1591.6248
1531.712
1218.3819
1303.0222
1425.3297
1514.8491
1515.2056
1365.1482
1567.5754
1282.0702
1114.6537
1365.2726
1446.95
1534.1561
1522.4399
1423.9143
1607.5918
1660.0342
1514.6239
1648.97
1694.093
1326.7882
1201.2255
1540.218
1614.2716
1464.4238
1440.8538
1635.329
1841.8636
1651.6886
1664.6813
1280.6862
1240.4473
1500.0331
1476.8285
1535.9277
1711.7378
1669.1598
1385.8472
1526.8681
1527.35
1392.6857
1246.4471
1484.7139
1420.5452
1461.8548
1362.0209
1580.4319
1692.0617
1532.036
1405.0286
1051.945
1556.9373
1550.3051
1438.0673
1199.8487
1639.898
1625.1737
1415.4888
1340.8626
1480.8584
1521.0123
1483.042
1658.2229
1373.4775
1565.0336
1442.6644
1634.5847
1340.1347
1564.2991
1585.8643
1372.2081
1646.7988
1606.8713
1474.1836
1537.0456
1531.5228
1530.5016
1387.7526
1723.2404
1563.8497
1715.1749
1584.0221
1332.1163
1694.4466
1421.0351
1536.3527
1698.4451
1703.9747
1528.5358
1379.8402
1487.3057
1724.1129
1369.4081
1506.8315
1277.4554
1559.4249
1475.021
1595.2146
1630.0338
1442.9497
1454.5249
1518.6786
1497.5266
1568.6196
1647.0489
1672.9957
1415.0081
1299.584
1512.0874
1607.2768
1617.0019
1693.1245
1253.6829
1370.2029
1471.5823
1513.132
1561.2342
1429.2765
1365.0128
1273.4518
1427.8303
1457.3319
1285.0012
1431.2195
1615.3514
1733.1842
1573.4853
1418.9327
1507.7628
1356.2988
1434.6561
1403.3923
1551.1307
1792.8929
1459.65
1684.869
1282.9831
1432.0247
1511.5183
1581.0282
1393.0674
1317.1112
1493.7401
1388.047
1407.1036
1404.3912
1475.7829
1641.1632
1445.1871
1548.898
1842.407
1459.8908
1336.1749
1516.6077
1481.2251
1485.4587
1684.2178
1456.2687
1582.5335
1633.1644
1631.5514
1474.834
1542.3374
1566.5471
1497.0934
1522.3171
1579.4992
1565.3157
1449.2784
1351.369
1397.7463
1218.0487
1387.2678
1532.5039
1630.4091
1420.746
1775.1302
1553.0984
1498.2382
1667.8002
1479.9383
1738.1984
1522.5389
1757.9568
1597.6875
1324.5928
1634.4304
1547.7263
1797.8897
1419.6001
1452.9302
1319.4525
1583.9301
1877.4101
1734.3863
1498.5187
1508.6644
1516.6424
1861.0815
1649.8313
1360.1727
1320.9845
1483.7392
1350.6973
1498.7907
1510.6795
1791.284
1868.3906
1455.5302
1404.5103
1415.0649
1228.8154
1508.9855
1463.045
1521.6497
1404.2539
1581.1931
1454.7203
1742.7153
1456.7769
1599.8677
1346.2568
1649.1726
1424.0208
1649.3211
1518.4571
1262.4021
1607.2704
1461.5442
1634.7723
1504.1652
1866.2435
1839.5257
1657.1988
1298.8742
1319.8865
1534.3705
1607.442
1621.2299
1355.5483
1678.1318
1661.6267
1532.7915
1619.7924
1804.317
1525.4572
1730.7546
1519.0124
1537.8594
1446.2575
1573.5395
1598.0744
1584.0939
1634.6735
1446.3277
1406.5216
1240.5407
1573.9151
1626.5325
1455.3037
1331.3662
1618.004
1604.257
1401.1531
1385.471
1474.9387
1388.1412
1485.1962
1461.4362
1463.9298
1512.9009
1623.4092
1643.0254
1488.7067
1445.1487
1535.272
1495.4094
1361.8128
1451.4217
1145.1298
1450.8479
1661.2605
1516.0474
1282.4894
1529.4248
1207.8951
1493.5036
1458.3466
1483.7622
1252.206
1487.0218
1386.8793
1477.6409
1523.222
1417.5137
1525.3207
1641.7973
1511.985
1464.9563
1435.0793
1368.1705
1528.6209
1421.6642
1509.9346
1321.5977
1480.7099
1600.7914
1653.5024
1500.192
1614.7201
1307.5752
1584.7091
1408.9029
1380.9426
1545.5726
1403.5115
1402.5402
1725.4739
1806.5754
1633.3474
1481.2186
1508.1335
1382.7291
1199.8493
1548.4104
1463.3433
1634.1789
1470.2958
1743.182
1482.9977
1374.7993
1251.4096
1598.1261
1562.209
1541.2318
1507.5948
1867.6073
1552.0998
1411.39
1744.6475
1568.1815
1664.9048
1514.0763
1500.2678
1440.0823
1771.5335
1691.5945
1488.4264
1519.2343
1844.8892
1596.3535
1690.6994
1810.1406
1628.8426
1426.6531
1488.6003
1418.4476
1555.4103
1616.5543
1531.3422
1754.2793
1460.4022
1382.464
1585.1196
1595.7765
1403.9842
1306.5473
1646.4019
1561.6776
1327.4881
1588.6632
1598.2357
1421.865
1441.7992
1530.9084
1508.8668
1703.1613
1680.2892
1466.6502
1288.6371
1489.3429
1517.7234
1525.4339
1603.2385
1651.6792
1531.3071
1449.6021
1342.3533
1797.9747
1450.6302
1578.572
1426.4036
1697.1628
1748.9628
1623.9929
1534.562
1624.171
1388.9948
1084.1576
1574.2848
1350.8631
1756.99
1306.4744
1661.8531
1741.4603
1504.1547
1592.7492
1365.3482
1207.9395
1550.9824
1649.2552
1498.2682
1359.0561
1485.2471
1320.745
1303.4584
1290.7532
1420.6223
1414.0616
1501.9776
1530.2064
1402.0445
1469.4362
1498.396
1491.0558
1726.8588
1657.5316
1670.9779
1614.5506
1674.586
1575.0418
1591.9703
1407.1241
1502.0507
1768.0798
1469.9838
1586.9719
1718.7554
1490.3331
1583.0632
1640.5725
1424.206
1541.8382
1396.5325
1446.7276
1228.5409
1235.5025
1515.0198
1779.3667
1682.3221
1545.1818
1474.0555
1461.5811
1502.5393
1614.1431
1446.1325
1321.0503
1345.5367
1647.2897
1654.4902
1120.6676
1218.7006
1175.583
1494.7136
1445.1802
1653.1929
1550.9265
1479.4569
1556.2368
1378.5276
1589.0724
1381.5766
1561.442
1578.1967
1446.8188
1580.883
1403.1796
1671.7879
1511.8521
1406.5495
1601.2034
1545.3304
1301.254
1460.8519
1492.2977
1270.3818
1790.2245
1564.3656
1506.2039
1376.2283
1020.3262
1093.1869
1564.7708
1327.9687
1307.735
1530.964
1534.9613
1619.5855
1698.5449
1500.7014
1503.5477
1437.6027
1478.4462
1336.0261
1421.2275
1666.3889
1782.1023
1627.4767
1413.8551
1701.8139
1639.1729
1439.8292
1607.5904
1780.0665
1464.3782
1591.7561
1594.1012
1207.1709
1253.6809
1553.7639
1573.0356
1388.7986
1643.47
1220.491
1198.6018
1318.0486
1374.6492
1638.1079
1724.1138
1505.3032
1680.5354
1563.7037
1522.4685
1376.3852
1484.0012
1540.3458
1521.9428
1310.8044
1616.9269
1714.8304
1609.5284
1404.1839
1223.1618
1348.2778
1687.9598
1436.7785
1591.4374
1256.1942
1518.1897
1454.6277
1426.5952
1202.6479
1484.4829
1725.9124
1363.2122
1454.0192
1635.9966
1579.5355
1497.8217
1491.0233
1425.8208
1498.8076
1546.183
1339.6402
1664.0421
1507.8793
1318.4927
1549.6428
1351.5821
1492.5719
1372.4105
1462.6969
1506.4489
1543.1981
1543.2189
1341.0981
1565.0417
1549.0175
1608.794
1420.2513
1800.0059
1851.6767
1503.8772
1464.4091
1494.5018
1373.2607
1542.7429
1743.7976
1609.0865
1339.3343
1426.5469
1473.5845
1259.1693
1514.5764
1423.4524
1603.4182
1341.0145
1196.8604
1349.3807
1472.9557
1390.9578
1404.5567
1612.3734
1562.7994
1367.831
1608.5245
1337.0381
1451.0205
1521.728
1160.902
1507.315
1228.3607
1291.659
1297.2513
1219.9591
1429.7788
1495.3511
1581.915
1552.2444
1513.8725
1336.9906
1393.3387
1330.0252
1376.708
1502.0467
1468.6572
1517.3693
1429.6322
1467.9516
1381.1638
1372.0641
1502.1943
1494.9538
1194.5595
1285.0581
1270.7016
1425.8206
1446.9221
1633.3443
1584.7392
1443.583
1209.0014
1511.1965
1350.0445
1683.8614
1513.3413
1492.6856
1533.6634
1406.1914
1413.4304
1464.0321
1453.6646
1388.8229
1482.422
1667.0144
1425.2304
1521.3189
1199.6185
1262.8668
1280.1163
1365.9208
1266.6739
1412.3188
1462.2605
1655.0836
1526.4721
1531.4418
1464.2968
1354.3322
1239.3078
1303.8898
1540.0427
1745.6335
1486.5651
1401.8215
1392.6643
1477.9658
1775.2219
1593.5923
1537.774
1453.3553
1369.9201
1651.5639
1591.5862
1490.1739
1627.1435
1484.1421
1564.778
1529.5755
1360.7034
1454.5618
1596.9297
1599.9946
1314.7297
1598.4663
1471.2338
1688.3446
1451.0079
1586.9071
1557.5131
1566.7152
1382.1782
1499.565
1421.2974
1442.5647
1592.8405
1415.3398
1343.72
1448.0473
1714.8413
1592.6065
1579.774
1663.1113
1474.7207
1508.3741
1416.2473
1438.3115
1519.0731
1719.034
1440.0422
1770.9148
1525.5494
1508.4853
1565.8753
1376.2746
1510.362
1361.6657
1522.9157
1662.3716
1429.8895
1356.6453
1314.2551
1613.7192
1404.9368
1627.3291
1368.5154
1513.019
1326.004
1283.8111
1681.7726
1778.6074
1632.723
1677.2961
1329.6737
1558.4031
1436.6996
1515.854
1521.9813
1750.3948
1530.6683
1461.4844
1416.4753
1526.5746
1406.487
1735.0052
1548.1727
1359.5398
1534.7714
1545.3864
1676.1389
1647.2823
1445.6478
1605.3687
1569.0948
1391.7575
1518.046
1643.6338
1514.9921
1789.2313
1321.672
1499.203
1611.199
1462.3762
1593.4866
1532.1961
1495.582
1663.9953
1668.4416
1650.7363
1444.1728
1468.5966
1356.8271
1534.5664
1553.1932
1574.488
1610.4066
1500.926
1673.5054
1680.479
1755.1811
1861.4902
1616.7728
1745.6565
1484.9027
1575.4554
1694.5125
1538.9405
1259.3195
1462.3782
1498.8549
1509.126
1494.1151
1591.6825
1225.1883
1280.7389
1402.8483
1483.8767
1558.291
1744.3417
1271.87
1391.2478
1305.4437
1453.7024
1542.5409
1763.0121
1647.4333
1526.74
1498.4633
1809.5478
1416.9217
1409.4451
1702.5522
1568.5292
1360.0893
1454.4992
1474.2054
1493.1418
1576.7115
1498.503
1453.114
1478.6589
1512.2541
1400.6982
1490.0209
1508.1827
1346.0387
1606.6612
1762.3991
1586.9465
1719.4933
1537.8987
1325.3276
1407.407
1350.3729
1681.1254
1309.6979
1436.3056
1391.5062
1701.9328
1425.0863
1497.5727
1292.7237
1468.1397
1554.5524
1637.9643
1398.7502
1415.5514
1355.0466
1525.8555
1338.4095
1625.6518
1468.5594
1440.212
1539.5255
1791.939
1667.0058
1498.6005
1330.2648
1313.3835
1434.6373
1596.4126
1467.9471
1569.5602
1585.8704
1105.9902
1254.1007
1504.0025
1376.0086
1653.8835
1320.3052
1374.0066
1276.5951
1296.7978
1621.1383
1353.4559
1422.9323
1282.2384
1401.772
1618.546
1504.1961
1457.2687
1483.4234
1458.6984
1467.7134
1482.4495
1516.4021
1344.9239
1435.6426
1934.8906
1485.4986
1371.6127
1434.397
1568.5029
1681.4848
1334.5055
1456.9682
1335.5116
1522.1197
1256.8905
1387.8927
1331.2652
1419.9387
1552.1948
1410.2939
1399.0089
1470.305
1328.4975
1732.5165
1548.9265
1530.1349
1387.1813
1426.3503
1351.9965
1347.2165
1370.3638
1603.431
1295.5672
1467.9015
1440.26
1362.4795
1338.7523
1574.5103
1591.0234
1572.4275
1257.7052
1442.5992
1464.3293
1587.8719
1471.8582
1613.6444
1516.8208
1640.5058
1497.6626
1603.3448
1608.2895
1513.1461
1234.4353
1451.0278
1346.2249
1609.0379
1502.5873
1360.2873
1528.1252
1489.6416
1411.3673
1645.5341
1332.2607
1527.6094
1521.5761
1318.6834
1470.5019
1485.2454
1679.7554
1496.5236
1360.9337
1565.3117
1821.229
1356.7615
1472.1638
1411.6815
1334.0377
1357.8566
1427.4096
1492.4651
1451.4046
1574.0893
1590.5186
1520.4184
1259.3751
1430.2101
1491.1707
1507.7813
1404.2209
1548.7792
1693.3509
1446.9826
1476.963
1447.8993
1335.379
1585.4917
1668.8741
1479.4929
1473.5866
1462.025
1628.3724
1552.3196
1410.6619
1560.0096
1758.5096
1524.8157
1353.8926
1286.9036
1377.398
1462.6983
1619.5863
1720.0392
1716.025
1594.6725
1511.3202
1812.7927
1680.742
1440.4882
1250.1858
1626.3596
1739.0397
1621.1274
1657.8147
1674.6997
1468.2483
1541.2389
1364.1735
1436.0911
1560.1214
1465.6898
1599.3507
1310.7255
1618.054
1707.7472
1638.9873
1293.1221
1601.046
1464.9103
1729.8845
1332.7999
1669.233
1441.3088
1589.4947
1371.6263
1564.7238
1475.7157
1581.6343
1317.1421
1378.8178
1604.8362
1526.3672
1148.679
1514.1537
1454.9606
1542.8682
1529.5844
1722.9561
1693.789
1588.6665
1631.6583
1568.0416
1456.2689
1520.6259
1527.9152
1400.4198
1368.8703
1631.0596
1698.6717
1619.1087
1592.0153
1385.6645
1600.8371
1449.2238
1487.947
1599.5509
1551.4314
1707.2382
1617.3344
1619.8763
1461.219
1352.4008
1442.2475
1626.972
1486.9413
1497.7395
1485.147
1558.4593
1530.9851
1625.5391
1591.8067
1579.7385
1600.5705
1684.4556
1366.4208
1499.0948
1329.2042
1540.9111
1747.0776
1661.2533
1449.6225
1553.4036
1539.0796
1395.0616
1756.5084
1299.6046
1342.05
1501.9015
1705.1565
1586.2689
1454.2193
1503.6766
1546.4034
1511.8973
1713.3307
1320.9995
1500.617
1556.8209
1592.4666
1732.5419
1510.2174
1686.4058
1297.5402
1449.5671
1599.7769
1530.7292
1597.407
1570.9583
1508.0528
1538.9072
1504.1411
1605.9799
1811.1378
1554.2993
1320.685
1532.5093
1413.7678
1523.4571
1261.8321
1299.0395
1610.715
1339.1889
1517.7518
1328.6032
1377.313
1567.706
1538.1739
1423.2176
1638.2231
1403.4107
1483.0562
1206.8297
1398.6868
1599.5587
1383.2123
1561.1956
1542.5205
1530.3606
1518.9208
1333.2641
1397.4385
1207.7641
1409.9824
1267.4747
1635.959
1552.7925
1456.1602
1555.44
1142.3502
1555.2187
1545.5902
1681.4812
1670.1148
1658.4892
1395.4192
1489.0384
1546.6369
1420.8527
1473.013
1641.8812
1415.233
1443.2324
1386.1715
1339.7284
1458.6104
1329.1891
1457.9301
1557.1772
1435.9506
1344.6632
1364.2475
1588.7341
1559.8379
1265.0514
1324.7755
1392.4283
1423.049
1687.3827
1508.5189
1382.6639
1449.9443
1384.5634
1349.0187
1581.1329
1488.9635
1452.0942
1535.3646
1630.0562
1626.9762
1668.692
1768.615
1775.0684
1803.221
1438.8217
1358.4155
1450.6255
1613.2629
1505.8328
1589.1535
1781.3898
1525.4496
1456.4782
1696.1771
1490.4453
1620.2452
1643.501
1635.5137
1536.1311
1369.5262
1230.4501
1560.3453
1369.0516
1363.5546
1583.7408
1528.8797
1292.0722
1382.7595
1588.8703
1473.104
1274.7187
1518.3989
1413.3762
1428.1971
1384.022
1218.0611
1510.8211
1487.1563
1499.6286
1269.7971
1625.5463
1370.6953
1197.6627
1391.6589
1374.2995
1414.2052
1644.1504
1637.7117
1521.4568
1565.3108
1576.7358
1664.3002
1433.1663
1632.655
1562.4216
1575.5667
1594.9327
1280.3981
1370.4517
1473.2287
1508.9617
1519.3264
1285.3494
1305.7302
1623.1657
1694.9165
1455.6816
1597.6152
1426.2113
1533.0731
1532.0718
1748.4358
1441.422
1480.2538
1630.9389
1587.3643
1416.3392
1250.226
1316.7469
1375.1348
1327.1501
1308.9738
1418.2309
1634.6209
1500.658
1268.0918
1386.0067
1462.8551
1370.306
1351.831
1416.1557
1657.1786
1380.0815
1580.4571
1504.6988
1501.2365
1559.7693
1464.4182
1552.7503
1526.213
1630.809
1486.6897
1415.006
1307.6341
1534.6174
1306.3571
1544.655
1316.4345
1317.4399
1178.5756
1562.1983
1608.7477
1532.0893
1543.4073
1384.5018
1374.6844
1514.5857
1577.3617
1446.5691
1666.3597
1335.7962
1440.3305
1390.7355
1488.4665
1614.1289
1265.0355
1323.66
1622.3861
1466.599
1660.9601
1800.4679
1479.4434
1660.9424
1607.1895
1267.7011
1498.415
1308.8933
1580.864
1511.0321
1507.824
1657.1238
1538.8216
1469.9503
1961.3259
1413.5123
1469.7167
1380.9301
1384.5952
1464.5032
1458.6157
1689.3963
1396.3184
1406.884
1507.1957
1616.5149
1243.7549
1323.5615
1565.31
1284.676
1506.9468
1472.951
1575.0501
1591.2469
1524.6935
1379.1952
1258.7469
1084.8835
1380.8687
1411.7166
1531.5749
1407.7734
1518.6717
1358.106
1404.5489
1538.6848
1555.8042
1418.1788
1454.1669
1572.0434
1367.2518
1590.3436
1496.9438
1471.134
1765.9994
1578.2183
1501.6617
1506.8928
1322.2808
1325.5863
1552.6002
1371.0798
1441.202
1716.1488
1586.6664
1362.8862
1266.6933
1306.9164
1602.2789
1464.2343
1388.3487
1273.0594
1479.2199
1549.7158
1642.0737
1432.7758
1609.1597
1394.8025
1547.1201
1459.143
1467.5189
1351.2065
1603.5344
1330.2188
1341.938
1584.384
1377.6842
1428.0152
1421.6693
1375.868
1565.8404
1275.6592
1364.5067
1481.1526
1484.9219
1396.5491
1630.1893
1663.6298
1636.6451
1618.8386
1351.3818
1593.613
1634.1651
1599.2672
1356.0106
1664.9643
1315.5271
1415.0105
1494.4336
1316.0004
1471.5559
1478.3545
1361.2816
1273.6355
1605.8965
1408.8869
1280.0812
1478.5117
1507.8551
1533.3399
1501.3982
1372.7911
1617.8295
1302.717
1556.5504
1273.176
1503.1151
1481.4566
1446.3849
1509.3821
1857.1644
1509.2092
1216.5933
1482.9009
1647.6919
1520.9873
1265.2766
1152.564
1374.6177
1458.5752
1549.2753
2016.0578
1670.6334
1757.0196
1563.0759
1665.8346
1599.1959
1554.5176
1104.073
1484.3723
1451.4505
1522.5808
1585.519
1466.8629
1436.3661
1220.4077
1273.7017
1588.0425
1570.5108
1578.4223
1554.2705
1238.7591
1216.4672
1381.7786
1340.2738
1333.5824
1352.3816
1548.4751
1613.828
1537.8089
1605.5557
1593.7685
1438.7713
1294.8239
1658.7378
1320.123
1226.8286
1560.822
1457.0489
1502.6755
1430.318
1384.7547
1353.4716
1483.6713
1321.7049
1618.0019
1489.7585
1543.9909
1557.3056
1433.8792
1350.067
1490.2819
1681.9537
1594.0157
1512.8315
1579.7503
1519.2025
1411.1969
1649.6313
1535.4108
1610.5912
1419.4643
1562.175
1398.6969
1539.1383
1622.4219
1428.1651
1538.6759
1420.1567
1325.9158
1495.6061
1771.6889
1675.3032
1456.4384
1537.5129
1423.4181
1497.0069
1316.1246
1301.8867
1432.0934
1460.801
1312.3835
1159.6271
1342.1435
1377.218
1556.1134
1302.6188
1666.9701
1598.1317
1571.374
1547.8346
1525.1764
1242.6107
1587.5942
1429.1918
1576.9779
1536.0947
1484.1543
1246.4041
1497.7785
1574.6437
1551.9443
1731.7582
1830.9222
1731.4362
1496.7605
1403.3943
1450.8621
1402.1976
1485.5202
1363.3666
1384.9714
1265.6857
1511.3791
1605.4896
1519.902
1453.5808
1394.3729
1297.8904
1526.654
1724.0131
1727.1418
1390.705
1161.0584
1122.1889
1184.8946
1387.9614
1639.1031
1348.81
1738.7108
1795.343
1764.7945
1486.2918
1342.9731
1471.9658
1564.9889
1513.9274
1597.093
1590.5245
1472.4278
1672.8467
1544.0628
1482.0274
1524.2361
1321.5561
1492.698
1360.8772
1402.1057
1405.3815
1551.3795
1447.2754
1584.2078
1516.5744
1678.1593
1558.9527
1482.8194
1313.8329
1481.1036
1449.6661
1593.6589
1437.0443
1379.1473
1308.5201
1292.0933
1205.8279
1364.9621
1283.9475
1304.2713
1378.2409
1505.3682
1343.9037
1683.7857
1114.5101
1638.5873
1186.5212
1252.578
1543.9781
1430.3255
1635.1995
1522.6857
1563.0876
1213.6189
1234.7306
1544.5779
1610.2954
1590.4782
1479.4833
1461.4438
1460.114
1445.5073
1285.584
1180.4157
1409.2419
1417.8662
1592.6237
1559.855
1553.0355
1573.7842
1648.8968
1530.8379
1825.2493
1575.3
1397.9335
1594.3941
1459.7949
1597.9024
1554.5828
1231.0602
1317.4416
1393.8292
1608.8465
1655.7517
1620.6129
1685.0393
1769.624
1552.0914
1597.5694
1621.8469
1313.8807
1465.1773
1446.3192
1644.1361
1786.0375
1548.6937
1463.0519
1555.4344
1644.5166
1405.0545
1370.5917
1335.7463
1461.8302
1414.8091
1355.5407
1575.25
1672.3289
1678.3045
1657.4544
1688.0195
1458.8309
1484.8951
1682.525
1532.805
1590.9687
1396.1919
1306.4818
1351.7034
1571.6339
1747.5265
1697.657
1620.5956
1445.6583
1411.782
1590.9947
1536.9069
1593.7445
1707.9688
1458.5206
1505.3776
1643.189
1874.8305
1811.0101
1493.7724
1453.4292
1206.1699
1383.7956
1702.3971
1587.554
1634.2693
1412.8437
1451.1401
1680.4904
1572.2764
1359.3951
1360.9857
1486.7649
1430.6301
1175.6613
1516.5877
1600.5106
1490.1642
1780.4773
1494.1184
1326.1513
1584.4118
1382.9633
1753.164
1647.6407
1575.0019
1461.9748
1569.9129
1267.8286
1380.5293
1569.702
1425.2445
1654.2974
1378.1372
1479.0153
1357.2805
1501.6317
1244.5805
1393.9562
1559.4577
1498.1227
1713.8327
1648.4842
1579.3777
1592.1368
1733.3529
1503.9569
1301.5392
1335.3255
1432.2424
1413.7488
1681.1766
1651.2415
1416.8453
1317.3521
1327.3537
1524.5611
1451.5617
1455.5002
1452.2264
1559.4071
1323.384
1503.0425
1524.1224
1500.7466
1627.3797
1376.6044
1538.7555
1419.494
1667.5988
1566.0476
1189.0397
1237.6635
1416.1304
1406.28
1531.0601
1550.0319
1262.2776
1373.2282
1427.2456
1432.2015
1562.8096
1634.3457
1489.7249
1414.8619
1371.8594
1465.3197
1451.8506
1660.9064
1393.6722
1448.2217
1491.9657
1452.0077
1356.4449
1376.125
1645.6655
1521.4614
1497.8496
1477.6301
1249.6622
1599.3165
1414.1024
1407.8389
1643.6566
1524.8595
1475.0567
1716.557
1406.7695
1454.8835
1340.7538
1538.4729
1336.6758
1378.7291
1373.3114
1279.8617
1159.6551
1372.1268
1629.7131
1365.309
1325.9173
1657.8445
1387.642
1339.7351
1304.008
1576.1106
1664.6364
1447.142
1460.4046
1669.585
1421.8044
1300.113
1254.8134
1599.5508
1478.1711
1289.9385
1287.1652
1282.6015
1442.3433
1321.7254
1454.4494
1573.0543
1630.3983
1552.1956
1395.4832
1542.2498
1674.4993
1372.8019
1365.5117
1641.4958
1554.6188
1541.1291
1470.1532
1320.0123
1412.5675
1352.282
1261.1707
1663.9692
1581.8274
1523.4634
1615.5362
1375.9063
1714.43
1386.9992
1206.7384
1263.0219
1556.7855
1510.3217
1479.4352
1356.2614
1368.0505
1437.1404
1516.134
1400.6155
1251.2859
1524.8581
1696.149
1485.0115
1763.7332
1622.4255
1519.3743
1188.8039
1529.2704
1554.0335
1738.0432
1576.9203
1647.7981
1245.5611
1554.369
1488.841
1618.8792
1436.15
1487.3716
1489.4624
1497.1758
1355.2284
1399.7506
1552.2134
1421.3834
1464.5669
1577.6956
1529.4727
1617.8158
1442.3182
1439.5765
1352.5358
1451.589
1479.106
1550.8788
1590.5886
1438.0343
1482.9314
1553.5641
1412.0153
1796.9053
1621.3361
1446.2477
1285.4662
1329.0944
1655.4402
1445.7786
1700.2176
1476.8318
1638.9551
1667.5898
1635.202
1659.2331
1389.1089
1736.1392
1619.8598
1325.4744
1298.2423
1470.4531
1370.4882
1335.1837
1467.9298
1418.33
1598.6934
1631.6067
1563.2838
1544.984
1306.8443
1646.088
1484.9268
1474.7661
1421.1387
1629.0659
1403.8061
1556.9073
1599.5498
1331.4966
1572.5578
1532.2851
1812.8121
1616.2961
1870.4395
1679.5203
1474.3855
1491.3187
1451.2781
1244.7931
1405.2452
1471.8177
1465.0723
1532.3957
1206.9083
1252.098
1517.2918
1647.6975
1455.7958
1564.9926
1453.7004
1521.9992
1520.4076
1663.262
1437.867
1358.822
1414.8331
1285.0856
1438.5093
1322.1929
1235.6073
1529.0565
1392.7725
1491.9595
1238.2201
1288.9793
1330.325
1379.4644
1656.0604
1466.9278
1213.7986
1414.0139
1307.9459
1162.2343
1256.1533
1481.6977
1581.6427
1550.6303
1597.9853
1443.1915
1569.5931
1653.6824
1564.6049
1572.3819
1373.932
1409.9064
1379.831
1498.4009
1342.0577
1385.4014
1460.6992
1237.7249
1636.1556
1570.0072
1612.9347
1471.1693
1405.0657
1242.1334
961.74183
1281.3548
1562.5377
1377.0294
1387.7961
1610.8687
1598.2729
1432.2223
1412.0645
1431.1097
1382.5242
1519.2327
1422.0023
1486.344
1492.5779
1327.0841
1308.7352
1702.8517
1384.9519
1629.2276
1200.3464
1378.3578
1463.751
1384.3216
1460.8562
1331.4387
1370.0238
1583.6221
1566.6277
1398.7874
1458.4357
1782.3803
1647.0802
1587.8636
1395.6928
1495.5966
1483.0334
1394.2325
1553.4969
1427.0207
1445.9433
1324.1045
1477.4005
1350.1034
1697.4059
1580.2203
1297.6574
1341.1588
1197.8523
1445.3244
1540.0642
1540.209
1546.7923
1427.2882
1507.4651
1730.0702
1493.1735
1356.6133
1470.1334
1508.3829
1783.7462
1587.7973
1457.5989
1431.4
1480.4444
1399.2693
1374.7331
1458.2492
1443.7057
1563.7417
1281.3475
1375.6403
1405.7638
1343.3275
1239.1064
1275.0329
1654.1347
1402.4182
1589.1554
1561.5987
1441.9941
1501.9548
1333.0065
1466.8849
1316.3819
1390.0038
1740.2519
1658.9175
1417.0412
1603.6723
1416.9079
1405.0529
1365.1403
1414.1567
1206.9355
1853.5228
1498.2425
1380.7829
1635.1888
1750.1753
1399.8728
1691.6143
1626.6155
1616.3542
1384.5353
1465.2337
1393.9167
1515.4984
1749.2773
1456.9273
1473.7562
1611.7125
1591.3574
1576.8774
1604.4413
1536.3274
1375.8706
1571.2586
1488.5489
1384.8321
1239.2316
1559.6979
1287.6098
1161.3273
1321.9002
1566.5536
1372.7981
1514.8721
1466.8909
1345.1635
1604.8691
1502.1054
1365.8974
1490.5987
1356.8927
1291.1925
1438.7314
1519.0396
1491.8851
1344.624
1294.4986
1294.739
1164.8316
1402.112
1315.7663
1279.1108
1443.753
1568.5207
1306.7862
1305.7357
1448.1357
1450.5284
1330.772
1398.0494
1402.7432
1709.7681
1684.695
1654.5404
1688.2557
1244.3934
1360.6932
1492.2396
1792.8708
1608.7482
1397.0231
1773.9744
1572.7649
1355.8345
1422.2772
1421.0978
1424.4028
1354.1078
1496.1471
1744.3001
1553.0248
1600.6915
1515.4585
1476.4863
1284.7734
1305.702
1368.9044
1418.8464
1149.9527
1275.1751
1533.747
1602.681
1489.1344
1421.8665
1600.8418
1556.9286
1211.1244
1731.165
1409.2829
1531.1774
1464.3026
1422.9628
1203.7111
1618.6458
1616.6126
1605.5843
1759.0297
1550.6675
1425.6366
1508.309
1487.672
1350.2007
1522.5508
1794.4471
1475.4987
1476.5065
1592.9095
1623.746
1509.0539
1541.8887
1390.8706
1466.6766
1146.5191
1743.6618
1673.0575
1275.9481
1406.4281
1490.3338
1361.7678
1570.4935
1624.4294
1711.4356
1894.3869
1706.314
1555.3013
1817.7622
1609.3202
1262.2504
1255.3138
1194.0007
1572.8489
1656.1358
1438.5039
1541.473
1387.1054
1295.0204
1385.9278
1599.8337
1412.4277
1336.9938
1369.0773
1375.9615
1588.3198
1265.9249
1479.695
1342.1313
1395.0287
1487.2511
1448.9241
1326.4493
1518.0939
1044.2915
1428.3877
1426.9322
1618.7691
1527.5247
1282.7254
1407.0309
1456.8402
1525.0268
1424.0783
1506.5729
1357.6402
1373.2072
1424.5141
1269.0872
1248.4902
1418.8427
1398.2213
1410.0443
1209.5815
1409.8843
1365.8431
1408.1755
1466.5537
1338.0333
1672.9652
1387.1113
1581.2543
1077.8172
1376.7005
1498.1722
1438.1745
1375.7818
1331.7301
1033.6447
1417.0232
1290.8421
1324.2677
1378.2954
1063.0861
1352.9307
1281.6584
1455.2049
1671.833
1413.3242
1452.7399
1242.1559
1276.3408
1484.6737
1629.2025
1489.906
1624.4111
1499.2449
1569.3222
1404.383
1315.3422
1270.0829
1600.2446
1314.7508
1608.4371
1505.3152
1404.6158
1333.56
1314.1526
1492.4068
1487.1153
1339.433
1533.1
1463.6621
1412.6713
1540.5994
1505.3033
1520.9948
1484.6843
1254.7288
1456.0149
1244.6807
1252.6137
1699.8862
1680.9645
1360.2295
1375.416
1295.2703
1422.3108
1068.7956
1618.9288
1580.714
1493.0295
1450.4618
1496.2382
1351.2401
1369.3026
1241.3074
1346.6426
1565.622
1516.2554
1665.2754
1605.3351
1566.1263
1363.9423
1562.3501
1299.6271
1478.3485
1653.0139
1572.9266
1504.408
1658.9132
1327.9769
1673.7774
1632.7728
1458.3296
1364.6318
1393.4558
1495.0638
1490.4557
1508.4837
1499.888
1515.5437
1401.2843
1616.9409
1546.2091
1207.7238
1652.1706
1513.652
1576.0267
1403.829
1577.5429
1673.3539
1615.997
1423.0495
1175.9258
1397.158
1447.3492
1341.8594
1756.3118
1707.4009
1659.8329
1326.7667
1514.052
1495.3244
1675.0843
1688.4513
1241.4325
1371.0898
1421.9043
1663.8738
1711.8978
1694.4318
1651.3585
1500.197
1495.3938
1763.9682
1575.3511
1524.5198
1439.9177
1090.9566
1329.4616
1551.1599
1595.5842
1593.4474
1716.5714
1681.6688
1397.0757
1235.3012
1381.0885
1443.821
1467.3845
1399.6244
1503.5076
1617.3212
1602.2468
1524.6343
1408.533
1532.6465
1511.0051
1344.6629
1569.5217
1468.3346
1579.5797
1564.328
1218.7182
1455.5702
1397.0309
1548.4315
1578.9789
1839.2787
1617.5882
1408.2067
1556.3023
1367.5494
1464.026
1409.8695
1440.5024
1432.0255
1819.8197
1455.9572
1641.9387
1663.5503
1683.9388
1754.1096
1583.2643
1391.8179
1484.5833
1448.5091
1295.0705
1344.5447
1577.4427
1340.5324
1543.1276
1281.8689
1715.864
1274.1915
1404.8138
1414.6779
1295.9839
1484.1577
1748.0415
1587.4583
1218.7053
1298.4447
1421.9101
1479.6105
1582.4235
1392.7792
1561.4557
1613.5347
1286.8987
1622.8168
1706.1187
1567.889
1550.6914
1645.9152
1547.8312
1150.4723
1408.2009
1638.3714
1456.8989
1345.8805
1275.0265
1254.35
1524.8786
1510.7047
1222.2632
1536.7968
1170.0082
1531.8216
1416.8033
1489.9949
1561.7297
1255.2774
1634.2876
1281.1685
1232.893
1292.1645
1472.2587
1547.4182
1334.818
1679.7536
1441.6726
1316.2728
1491.9672
1704.5754
1671.2571
1552.356
1614.9904
1358.0536
1346.7316
1263.2627
1476.7646
1468.9137
1521.7675
1632.2091
1518.4338
1659.1395
1657.3891
1443.6182
1616.6784
1427.0158
1460.0012
1545.2615
1388.8018
1507.2232
1462.3643
1535.4324
1565.934
1688.0532
1561.1925
1405.4594
1296.8721
1524.4618
1680.9949
1269.5125
1539.0031
1524.1342
1575.1441
1346.9332
1562.8545
1423.0036
1443.4927
1463.049
1573.1615
1138.2845
1350.2303
1198.4006
1459.3914
1448.9143
1479.282
1357.8736
1549.4098
1500.5853
1502.2486
1591.4995
1498.1629
1540.2116
1569.9761
1647.4094
1478.9385
1512.595
1484.5497
1185.4417
1335.2058
1402.8711
1316.231
1614.0641
1572.8341
1520.4908
1580.7574
1522.5601
1566.0432
1622.8709
1439.9494
1371.8384
1691.2615
1558.2764
1511.2484
1378.5982
1413.9224
1705.6413
1427.3156
1411.9315
1504.1149
1672.3968
1694.3261
1535.0161
1278.4509
1166.3689
1531.2492
1952.7628
1474.2298
1538.1846
1486.3749
1297.8852
1445.5676
1283.6253
1433.3855
1166.766
1546.9934
1654.399
1612.5289
1398.3895
1226.7929
1477.4879
1546.4699
1683.0773
1371.3078
1598.8403
1317.7506
1677.3007
1274.4351
1567.8024
1388.484
1459.9868
1254.1404
1585.6012
1358.3471
1398.1842
1487.6364
1696.4285
1379.4532
1526.2811
1452.8195
1568.7092
1657.7279
1591.259
1409.6019
1310.8133
1321.3097
1286.2535
1167.1337
1465.7825
1425.6081
1186.3025
1525.6818
1376.7709
1373.1152
1191.7579
1165.1731
1215.6221
1498.0587
1557.5985
1505.2251
1761.4878
1514.2726
1316.5052
1436.6406
1603.7401
1225.3819
1321.4417
1246.7415
1397.113
1540.5705
1432.7257
1572.1977
1441.2111
1221.2379
1431.0596
1402.1827
1129.982
1333.8466
1151.5485
1516.3145
1378.1523
1592.8374
1341.7637
1226.6246
1177.6041
1375.6201
1333.0463
1402.9234
1495.2865
1384.4695
1703.5628
1488.0837
1516.8804
1572.4684
1646.9974
1418.7975
1561.5768
1255.6049
1518.9974
1281.5431
1398.257
1481.2072
1296.2173
1280.9185
1454.5508
1413.5903
1391.8238
1392.7192
1149.2785
1386.4003
1646.6172
1470.8844
1593.1503
1553.7307
1466.9696
1435.6771
1386.3497
1795.8976
1414.4601
1648.8384
1490.0506
1591.0296
1453.8291
1773.8564
1645.106
1666.6731
1684.7004
1524.6342
1552.4542
1714.1798
1385.079
1566.7924
1423.0846
1760.3096
1460.7093
1271.8495
1374.2705
1391.2013
1583.1218
1594.0052
1437.562
1575.1153
1436.7571
1384.5195
1672.8205
1418.58
1364.308
1479.7264
1559.2192
1536.9166
1451.8506
1425.6497
1417.1691
1387.1249
1589.732
1363.0938
1584.0185
1473.3959
1467.804
1318.5364
1704.9319
1519.673
1573.0594
1570.0602
1601.5907
1689.7097
1548.993
1164.5021
1432.1231
1257.4043
1197.383
1407.987
1426.5092
1239.7252
1238.5065
1369.0428
1204.2754
1361.5985
1346.5158
1134.7596
1537.5755
1518.2083
1579.7969
1412.4155
1285.4396
1474.2986
1426.9182
1688.5135
1535.8599
1536.8876
1591.4482
1559.1509
1512.8512
1399.3624
1681.0411
1694.4198
1739.8531
1385.7461
1336.802
1421.5797
1446.1876
1479.4939
1508.7282
1525.0591
1564.1593
1404.8392
1595.1369
1714.6943
1358.4226
1393.4093
1439.4857
1377.0739
1514.7891
1402.3299
1419.6635
1551.1797
1488.0225
1411.1067
1298.1533
1355.8288
1329.8545
1546.4695
1423.5209
1510.0482
1379.8605
1438.7433
1480.5575
1399.6222
1620.3269
1502.53
1573.9895
1761.9264
1371.3355
1360.9531
1539.0692
1379.3945
1629.4369
1526.134
1190.1622
1441.9261
1458.0366
1424.3562
1493.1521
1502.0276
1304.2719
1284.5261
1513.9595
1537.4976
1572.0155
1604.2291
1422.9486
1543.9882
1726.7992
1622.24
1668.212
1616.5288
1629.3542
1430.9625
1517.5409
1464.2999
1239.543
1460.3995
1325.2415
1541.0952
1517.4272
1464.6096
1434.5674
1453.2055
1620.2923
1693.2721
1716.6362
1624.8162
1609.8814
1618.1233
1623.0874
1379.2696
1360.77
1703.1823
1443.9668
1677.1862
1711.9676
1883.8323
1735.6645
1548.2617
1582.0679
1681.5449
1603.0542
1446.4936
1562.3304
1370.1075
1515.9429
1499.7201
1400.4142
1720.0252
1850.3629
1643.7698
1504.9218
1554.3603
1306.5329
1521.6727
1275.4843
1422.6493
1733.1909
1367.1876
1789.2333
1523.1453
1555.7634
1473.2181
1614.5104
1422.7692
1539.1095
1610.749
1676.9071
1639.5809
1446.6745
1473.9963
1480.3439
1522.6522
1647.0549
1503.7347
1704.0164
1696.4113
1437.8026
1237.9091
1333.7274
1323.3394
1575.1125
1585.9833
1733.8921
1464.0109
1465.9075
1102.8412
1215.4567
1594.0986
1495.0664
1593.9109
1853.9599
1641.1348
1496.7079
1600.5342
1254.2379
1672.8995
1561.7161
1339.6343
1607.7604
1585.1003
1239.1558
1535.7726
1445.4767
1489.6747
1528.845
1250.1016
1459.7898
1418.2488
1752.9602
1726.5909
1360.3858
1436.7121
1559.4984
1517.1527
1615.1947
1575.6728
1414.3836
1463.5223
1425.5823
1307.4419
1571.3163
1609.2705
1481.0878
1459.6165
1494.185
1426.4066
1424.4873
1284.8679
1282.4526
1319.0094
1306.7616
1413.9472
1293.2372
1341.6389
1449.3023
1412.0844
1536.3993
1380.5359
1302.6796
1339.4534
1279.4972
1688.9812
1417.0829
1462.9725
1435.4209
1242.1444
1332.1883
1063.5516
1256.0663
1256.4881
1234.9673
1553.5999
1539.0497
1398.9503
1215.4594
1197.9118
1390.9314
1504.6878
1529.9779
1189.8536
1249.2436
1303.6581
1468.7507
1527.925
1283.2694
1481.9616
1301.2792
1375.498
1391.172
1540.7019
1291.906
1401.1119
1242.2742
1516.3002
1479.6931
1611.6565
1244.6817
1266.2252
1156.9556
1446.6511
1342.888
1426.0973
1630.5935
1400.6789
1593.295
1260.4986
1407.1653
1497.5244
1515.6318
1171.1042
1694.9484
1527.32
1560.2495
1404.4249
1095.5597
1342.5818
1330.8017
1536.012
1492.3299
1543.175
1454.5259
1462.023
1506.6277
1265.5725
1616.1997
1305.4532
1455.2788
1505.8581
1246.5419
1543.5304
1422.3785
1615.8492
1493.5355
1406.7492
1393.3245
1389.8504
1635.4404
1328.5293
1201.7599
1409.8254
1325.8398
1335.0301
1354.5944
1601.3734
1599.3203
1339.4637
1429.4615
1380.7381
1566.8836
1489.8196
1365.4915
1581.2212
1309.744
1375.3944
1346.7002
1624.9421
1513.2855
1339.212
1403.5878
1395.988
1753.6484
1668.6348
1784.1239
1722.5127
1465.118
1439.3146
1534.5366
1666.0992
1733.9558
1643.3457
1635.696
1561.068
1704.7203
1716.6755
1560.5292
1696.9194
1662.2808
1536.7894
1604.8508
1571.1018
1457.7554
1543.1891
1686.0036
1586.9022
1639.5705
1748.6145
1797.9534
1581.223
1484.4022
1332.9464
1742.9017
1614.4165
1792.5737
1720.1267
1692.1455
1714.9706
1766.9015
1478.8665
1550.8612
1842.6012
1612.3806
1533.9423
1446.2632
1442.5874
1252.2769
1486.1418
1293.7275
1488.5344
1510.4448
1510.4307
1373.7237
1286.1728
1478.0757
1365.936
1431.2499
1478.6536
1723.099
1398.7931
1324.7115
1365.4708
1376.2811
1384.6067
1280.1443
1629.9367
1446.2874
1354.5496
1473.351
1522.9892
1490.8045
1733.1476
1743.6787
1560.9022
1438.1711
1300.0772
1433.8748
1258.0354
1614.7249
1482.8937
1543.2488
1693.8704
1321.8633
1552.7091
1618.9116
1427.9041
1511.7133
1639.1104
1329.6805
1498.6944
1439.3102
1332.741
1291.2067
1235.1377
1314.9961
1233.3568
1253.8396
1425.7642
1738.3865
1714.0411
1430.0527
1327.381
1419.822
1201.9369
1241.486
1722.0838
1603.5526
1441.0881
1567.8022
1583.3646
1689.9536
1535.9107
1546.5487
1432.5142
1316.0586
1351.3118
1479.7293
1422.17
1569.2705
1337.3837
1615.0589
1771.7485
1279.9159
1390.4141
1209.7229
1442.666
1440.0171
1604.5577
1441.3886
1744.6122
1429.2235
1589.0299
1689.3487
1575.9193
1498.6001
1485.648
1656.2415
1626.947
1616.3233
1592.5542
1655.83
1448.5274
1549.7821
1337.1401
1728.0806
1728.7264
1419.6751
1704.7573
1617.278
1405.424
1263.371
1370.1796
1501.0749
1572.2542
1707.5799
1453.883
1516.2265
1454.0844
1700.5572
1564.1507
1611.2335
1819.773
1407.7488
1605.2459
1325.0858
1388.6508
1264.8244
1578.6728
1355.1649
1344.5426
1451.5902
1284.5403
1570.3154
1475.8854
1592.6663
1379.3808
1322.3839
1366.2772
1229.0363
1254.7669
1274.9956
1812.0343
1637.8404
1681.1986
1456.5196
1474.6637
1716.3424
1506.3209
1693.0026
1562.4249
1591.8219
1606.5061
1529.8105
1786.3208
1759.707
1503.9687
1416.7607
1607.3408
1641.5936
1666.063
1576.9697
1487.3417
1308.0756
1276.3759
1332.3281
1341.3163
1403.9062
1534.6364
1533.7115
1424.4279
1368.5684
1270.9997
1229.1952
1596.1251
1568.5188
1579.8681
1476.341
1411.1724
1283.4943
1422.4971
1304.3692
1421.6915
1457.7327
1387.339
1272.8632
1495.1464
1508.0609
1244.3474
1437.9554
1699.6857
1437.7768
1469.8646
1423.3604
1490.625
1419.6433
1663.536
1507.1057
1353.453
1469.3148
1529.657
1537.6408
1471.441
1554.3542
1808.3716
1881.2811
1460.2149
1420.7033
1346.5669
1307.9156
1263.4053
1646.5856
1441.2605
1564.5881
1558.4364
1422.2769
1724.4956
1391.3417
1535.4307
1534.7719
1559.3915
1438.103
1589.0926
1640.5875
1561.9961
1494.3062
1471.3173
1298.2743
1410.0388
1671.6839
1582.8295
1450.5107
1349.4105
1283.978
1517.738
1558.5074
1679.4653
1538.253
1816.567
1473.5056
1537.0567
1420.0793
1611.8133
1566.5714
1463.6903
1456.1114
1230.1303
1387.8775
1401.1501
1418.731
1308.3529
1297.2841
1505.4379
1120.0821
1388.6466
1659.6775
1417.5009
1552.512
1453.8535
1380.0565
1416.9036
1330.4565
1636.6317
1263.948
1503.9028
1535.2512
1599.1163
1226.6028
1491.4235
1410.1091
1619.8283
1463.8869
1365.8806
1348.8807
1466.3707
1576.2375
1493.0773
1497.7223
1676.0239
1426.0534
1614.9329
1502.2262
1611.5923
1537.212
1415.5665
1237.8389
1594.8113
1262.1329
1406.7444
1228.1523
1451.671
1317.1152
1571.4567
1648.6451
1420.1142
1491.1297
1502.8248
1492.7849
1629.2173
1531.9207
1298.9395
1278.4952
1409.9907
1181.2586
1550.3739
1768.8337
1542.6243
1547.6292
1350.2883
1437.8409
1634.0652
1368.8559
1369.583
1565.0023
1377.5932
1554.0987
1646.4177
1648.0279
1609.0091
1495.0148
1398.4665
1262.5908
1537.2271
1425.6466
1139.097
1151.0976
1119.3702
1516.3373
1427.4326
1253.1185
1446.1043
1297.845
1737.5709
1734.6686
1354.1045
1486.0915
1372.6961
1430.2721
1339.3736
1552.9845
1552.9623
1407.3296
1536.5322
1223.1016
1476.1986
1473.0111
1469.5777
1495.712
1490.6208
1525.461
1446.1759
1105.736
1731.102
1637.43
1502.5518
1507.312
1188.1309
1554.9406
1536.4328
1359.4034
1601.4943
1663.1582
1325.9574
1227.665
1319.2579
1350.0228
1475.1248
1632.1446
1266.3128
1135.3932
1566.6854
1368.4869
1657.7603
1588.191
1760.498
1568.7149
1527.2499
1532.1629
1476.5749
1699.7738
1706.22
1606.0066
1527.1332
1565.2639
1413.056
1408.5628
1474.9909
1414.8803
1764.7678
1439.0666
1500.6747
1574.3745
1642.7299
1680.3852
1138.1814
1612.2245
1437.6262
1528.9303
1745.0297
1593.5095
1589.7357
1609.6612
1666.2939
1551.1369
1776.2419
1516.4108
1468.2822
1571.9184
1600.8948
1399.9796
1529.6872
1676.8997
1373.3778
1468.9742
1482.6875
1672.9037
1507.6797
1519.1287
1455.2893
1201.018
1653.3806
1301.287
1427.8121
1413.4083
1533.9281
1700.966
1622.1682
1460.4209
1580.554
1504.7535
1698.3031
1396.4759
1451.4103
1315.4828
1613.9569
1638.7983
1504.4698
1506.6522
1494.83
1651.8129
1479.1093
1487.0985
1491.5016
1449.5464
1460.7367
1488.6338
1596.711
1533.2152
1525.9729
1376.8411
1667.4
1650.279
1807.3676
1336.8079
1354.4135
1536.652
1480.638
1497.8194
1686.6997
1526.5368
1569.8208
1347.781
1399.8439
1318.3336
1450.901
1779.5221
1540.5892
1701.5974
1409.3257
1558.8825
1480.3527
1429.5352
1336.3967
1476.3862
1516.6189
1628.6012
1553.7754
1589.4311
1368.9231
1543.4585
1200.5833
1411.0343
1705.891
1790.2772
1608.5612
1380.2244
1588.9165
1261.6525
1359.8752
1586.8647
1653.7462
1696.7206
1374.8117
1360.893
1346.5435
1573.8799
1820.7636
1724.4764
1663.1317
1413.4134
1413.0848
1487.493
1374.0352
1363.1406
1611.5191
1311.6082
1782.2337
1365.329
1660.1113
1495.771
1398.7443
1474.598
1326.5507
1544.8115
1601.7383
1437.2722
1684.5457
1656.0353
1844.558
1532.8398
1427.1516
1510.0779
1376.8904
1337.3169
1363.2757
1600.9086
1416.5306
1239.5942
1384.9398
1410.9584
1337.1166
1366.7341
1278.9097
1494.7388
1494.2194
1576.9723
1340.5272
1240.1935
1640.5783
1717.2057
1612.1876
1317.9234
1671.2668
1533.5488
1419.2256
1409.7902
1587.9026
1455.9097
1404.185
1433.2468
1650.3502
1623.0057
1508.2264
1500.978
1412.1621
1543.6803
1178.9004
1569.073
1535.3675
1493.2893
1230.5586
1496.108
1362.2885
1354.4908
1241.8423
1475.7032
1443.0625
1349.1079
1245.9261
1294.8462
1478.7904
1460.9551
1307.6806
1303.2027
1366.2491
1312.8682
1415.8431
1466.4916
1540.3992
1530.347
1805.4764
1454.6555
1407.7434
1295.0777
1396.3052
1362.6609
1515.7753
1564.8993
1567.7129
1443.3696
1552.6897
1724.7074
1807.9648
1602.6716
1483.7044
1434.8464
1329.3303
1264.2856
1603.9891
1271.0136
1721.564
1423.2919
1651.6475
1744.1069
1507.3177
1462.6655
1471.7928
1456.0664
1542.6019
1643.0521
1377.3033
1464.3869
1474.2213
1477.0378
1420.3921
1514.2256
1524.4027
1557.0437
1418.1755
1391.4719
1277.4457
1447.6752
1439.4187
1364.9763
1625.2528
1470.6214
1382.5696
1234.6244
1340.4689
1695.3948
1704.6854
1703.0439
1508.4791
1432.6104
1457.0561
1484.4477
1324.0325
1473.6021
1410.5784
1568.4753
1451.1307
1651.5834
1375.7029
1487.3012
1286.5083
1428.8128
1760.8963
1744.2882
1659.6198
1566.6465
1521.8153
1599.7888
1450.9746
1423.5454
1127.9407
1491.45
1457.991
1759.1196
1713.6728
1499.1502
1800.5114
1415.4104
1248.5641
1520.8078
1538.7755
1492.6496
1637.8082
1683.4414
1503.5391
1639.9288
1486.5839
1475.8762
1608.4431
1620.1095
1474.775
1843.9971
1414.0581
1386.1255
1563.5983
1347.4413
1508.4777
1133.976
1536.6249
1315.9937
1208.9739
1573.0375
1185.1879
1464.4293
1433.2834
1513.5041
1594.9493
1314.7298
1346.1426
1470.5317
1480.6259
1438.8682
1708.0323
1448.3656
1619.6515
1084.0977
1109.1998
1256.9178
1548.8167
1511.5974
1437.4428
1240.5628
1445.7893
1311.8352
1410.1912
1439.9656
1828.2129
1560.3701
1604.6855
1406.587
1360.5653
1287.7822
1586.7217
1568.1889
1470.7621
1662.6009
1441.2439
1597.1828
1679.0482
1555.6436
1791.4965
1610.8087
1828.4285
1581.1517
1293.7602
1391.1933
1397.1214
1288.5644
1294.304
1477.4307
1443.5044
1549.7206
1691.113
1477.9304
1518.5409
1511.3399
1539.6212
1332.6159
1676.6362
1472.9752
1374.6143
1475.555
1478.5084
1449.8682
1274.9281
1545.2137
1562.4833
1550.4694
1694.8312
1638.2908
1477.1382
1454.7046
1348.8851
1361.0978
1542.4157
1307.9103
1302.6964
1266.8942
1237.5657
1552.7838
1398.7791
1607.0031
1388.9624
1299.1536
1202.0899
1388.775
1328.4398
1290.9048
1496.539
1375.2483
1424.1398
1642.9957
1561.0571
1482.9402
1413.6828
1314.6377
1449.4361
1562.228
1496.6293
1571.3599
1458.022
1552.9509
1613.2545
1547.8717
1512.6587
1474.2652
1446.2686
1410.8553
1799.8058
1513.6271
1422.7817
1471.5595
1460.3899
1169.8411
1522.7288
1438.868
1696.8466
1473.1041
1504.4419
1500.9769
1588.8312
1469.4721
1542.0967
1463.1881
1655.436
1530.2116
1482.8358
1610.122
1769.7617
1696.0821
1532.5769
1363.8283
1549.93
1485.1928
1588.7224
1451.7257
1639.1422
1764.9038
1496.0603
1611.9267
1528.238
1289.2619
1477.102
1381.3785
1543.9896
1601.9288
1551.855
1418.608
1480.1432
1627.0779
1569.7425
1308.2761
1488.473
1336.3526
1514.3889
1421.4884
1489.4365
1579.4991
1601.5933
1545.5441
1700.9601
1536.0591
1410.8316
1439.7685
1257.3848
1485.3544
1650.8533
1380.5644
1630.8718
1576.0527
1651.2505
1526.0433
1527.5261
1319.6344
1401.9093
1511.5524
1630.783
1419.6359
1513.4979
1221.0119
1429.3656
1513.1553
1584.6299
1608.8408
1679.2574
1659.0056
1550.5671
1352.0962
1426.2311
1549.0545
1263.4624
1236.9076
1214.5039
1636.6978
1435.3527
1510.5057
1625.6877
1423.3368
1404.6438
1511.9637
1423.3085
1482.7806
1679.9487
1476.9838
1412.8309
1788.6586
1761.7962
1735.1929
1307.7407
1546.0577
1525.331
1417.4651
1427.9722
1667.1204
1652.9098
1628.6717
1438.5955
1478.2545
1366.5982
1328.2737
1644.5377
1407.3677
1406.329
1555.6717
1502.8188
1536.1681
1384.8954
1326.3492
1627.8773
1352.8168
1352.9461
1565.8931
1723.3312
1584.5502
1614.9339
1577.4553
1693.8548
1682.8664
1771.6796
1363.0322
1773.9792
1589.1056
1420.1671
1460.3823
1661.1779
1529.0546
1630.2427
1383.1454
1226.0692
1318.6851
1213.6222
1477.0607
1418.7025
1537.2268
1535.0773
1398.1484
1234.6553
1335.7333
1257.5234
1454.0402
1348.3916
1494.075
1699.7783
1843.1178
1633.7613
1472.4298
1351.1559
1724.6712
1522.4012
1691.5152
1599.0763
1630.7458
1437.3015
1451.7857
1612.822
1748.4112
1678.6765
1552.6547
1418.483
1507.1453
1510.0207
1533.1538
1526.3199
1508.3383
1498.6466
1424.0193
1716.4248
1364.6383
1370.0442
1315.3362
1541.1395
1299.0905
1555.4486
1457.2362
1317.5413
1454.3132
1448.7561
1362.5924
1215.5391
1515.0446
1330.7252
1606.7186
1563.389
1640.6036
1618.708
1719.5031
1556.9651
1647.1572
1557.765
1553.164
1343.9046
1508.7181
1739.8556
1808.4587
1630.292
1436.8525
1643.6213
1446.1737
1612.1584
1334.0178
1348.2478
1393.1391
1383.4283
1625.4538
1467.1002
1452.666
1582.3274
1521.695
1617.6374
1632.3523
1506.6813
1727.6749
1613.4312
1776.3902
1588.6846
1494.9437
1649.5888
1370.0248
1371.8653
1663.4921
1326.1124
1342.0067
1512.3203
1416.8308
1505.9794
1564.2946
1581.8452
1615.0473
1435.2183
1415.8697
1541.1015
1522.9641
1464.6868
1456.3866
1534.2286
1622.9212
1619.5541
1443.0207
1436.9955
1526.2665
1489.6848
1724.3046
1688.0009
1540.045
1685.5229
1710.6735
1537.7997
1575.27
1433.6515
1597.6031
1454.9506
1386.847
1521.0246
1633.273
1730.6474
1419.0701
1595.0057
1393.1465
1576.7522
1461.6751
1609.8448
1354.3034
1655.1092
1394.973
1422.1908
1479.7107
1495.41
1535.2317
1561.0494
1730.4829
1748.3808
1479.1504
1515.9969
1725.3791
1388.3506
1303.1313
1429.9855
1409.3562
1734.568
1364.6783
1385.5408
1264.9692
1520.2692
1348.465
1467.0306
1712.8779
1414.1596
1600.3557
1243.4924
1144.0634
1384.507
1385.8016
1436.3189
1470.6501
1324.0792
1195.2705
1292.9053
1599.0968
1637.4585
1393.5044
1495.316
1244.2186
1517.0189
1377.0971
1491.6831
1476.4124
1462.9704
1326.763
1723.2133
1695.7724
1463.9867
1656.9523
1537.7544
1638.7454
1428.3222
1410.2455
1290.5575
1480.6428
1467.2262
1438.3054
1345.205
1360.6322
1375.4705
1654.3894
1502.4304
1652.8434
1524.0864
1566.0044
1676.7659
1333.3789
1509.7984
1376.3595
1441.1149
1253.3734
1568.6475
1737.0982
1556.5105
1405.1148
1425.1396
1377.6676
1428.1565
1574.0387
1488.2399
1334.6165
1349.4865
1259.9383
1545.1767
1743.2178
1538.6135
1444.7179
1278.7905
1478.8515
1272.3916
1575.2424
1682.5647
1755.6494
1410.4051
1351.7476
1321.2158
1249.6682
1340.19
1292.5224
1431.4426
1434.5811
1224.8528
1599.6351
1468.2491
1541.7861
1580.0232
1443.0958
1575.1293
1500.7718
1405.1057
1396.586
1662.6758
1477.7262
1563.9106
1720.7023
1763.4955
1479.2375
1556.1455
1493.9565
1365.0666
1379.0159
1536.0637
1363.7912
1584.1649
1407.1206
1412.1627
1494.3906
1440.5514
1430.8705
1491.8945
1570.0935
1479.6234
1568.6768
1182.6091
1632.7809
1336.6006
1356.4349
1304.3367
1458.8097
1609.5763
1551.9911
1390.6966
1386.9525
1476.9158
1435.0411
1648.1202
1426.7794
1600.2943
1348.2681
1596.3675
1498.3982
1416.2847
1657.1169
1515.1361
1529.1537
1186.2801
1212.983
1093.6388
1727.7349
1493.8841
1606.0647
1409.7163
1475.3877
1600.7632
1608.601
1406.8404
1692.0142
1469.6242
1513.5082
1251.6005
1408.0585
1349.1243
1430.905
1442.1837
1460.5194
1620.5128
1423.6422
1623.2542
1819.7521
1659.2328
1377.9918
1426.4507
1377.2003
1533.1155
1889.7081
1641.2872
1419.1019
1372.7072
1158.6856
1459.1661
1183.5813
1428.9076
1552.8055
1297.4692
1601.3116
1308.5539
1372.9956
1488.5376
1715.3752
1479.2712
1582.9108
1738.2014
1129.6353
1459.0369
1385.6757
1502.2583
1287.5077
1230.5085
1512.0276
1398.7879
1618.9319
1431.9498
1461.7805
1344.4508
1484.2201
1657.9935
1545.9721
1474.5021
1560.3167
1561.8973
1571.1705
1403.8118
1583.02
1238.4336
1504.4906
1430.1673
1316.6973
1522.0973
1493.739
1720.5339
1706.1854
1603.4051
1483.4166
1356.4604
1494.7464
1573.0966
1512.7504
1544.2074
1424.1427
1447.751
1656.9965
1445.6218
1686.2735
1522.3974
1594.6181
1410.3952
1320.8976
1429.9833
1548.4938
1611.5655
1473.8792
1500.6401
1556.7095
1424.4537
1390.9331
1590.5026
1664.6968
1499.9397
1372.0774
1462.5551
1517.5434
1607.9191
1424.824
1642.9288
1342.388
1217.6383
1620.9302
1583.4148
1526.6631
1430.6531
1563.7078
1464.4187
1518.9832
1653.3125
1683.8722
1386.3686
1579.6984
1467.2385
1643.9897
1501.1503
1582.5957
1521.823
1332.3819
1375.1441
1545.041
1592.4359
1718.1214
1524.7658
1366.4821
1472.9624
1270.8316
1495.5529
1393.0238
1558.0411
1712.0723
1701.6456
1587.4731
1402.2976
1489.0736
1207.8252
1330.9577
1489.547
1438.8503
1538.107
1433.8742
1596.486
1500.0782
1369.2794
1539.4516
1465.2927
1596.596
1428.7754
1694.565
1525.9223
1698.5529
1684.5433
1601.8509
1543.4452
1578.2829
1618.1667
1816.4495
1521.5763
1480.9525
1267.3282
1493.805
1518.6799
1706.7001
1577.3249
1496.4393
1442.051
1352.9367
1393.1635
1671.4609
1636.2178
1151.4726
1185.69
1194.1436
1194.4435
1739.9028
1511.5002
1194.7602
1580.3215
1649.5603
1657.2409
1305.4991
1247.2682
1399.6663
1405.7675
1474.7126
1551.7658
1657.0772
1532.077
1468.4791
1592.74
1504.8214
1811.1976
1633.1771
1450.1939
1522.7371
1442.7351
1514.9666
1602.2498
1432.511
1658.4103
1540.7916
1515.4553
1381.7341
1360.7242
1471.6009
1521.6514
1432.2705
1629.509
1304.1933
1208.8008
1313.7403
1361.0136
1601.5158
1406.3528
1558.7067
1414.5122
1639.1377
1437.8263
1509.5926
1480.3917
1296.502
1407.9419
1564.2487
1760.8422
1586.5051
1327.4977
1523.3703
1450.5631
1531.5934
1513.2595
1817.5396
1599.6687
1898.2199
1479.2236
1370.8711
1372.3721
1329.7076
1571.0966
1430.7636
1488.9182
1338.3659
1619.5811
1599.2027
1620.0116
1712.8701
1490.2416
1819.598
1491.8828
1628.5794
1648.2309
1393.0847
1508.24
1427.0701
1609.6557
1301.315
1286.7305
1628.3033
1415.2078
1609.8687
1240.7208
1810.902
1535.5619
1381.3957
1520.5966
1454.9026
1394.9987
1197.7233
1489.1384
1278.8317
1414.1492
1503.096
1528.8225
1597.4545
1559.2462
1390.3146
1571.0604
1486.0634
1689.884
1554.8573
1434.4584
1447.1571
1197.6713
1537.8881
1330.9775
1350.4478
1513.4772
1513.5681
1553.97
1874.9847
1526.6395
1306.8806
1408.4128
1486.0124
1614.3516
1401.3813
1443.7569
1429.4174
1522.1062
1503.6109
1471.7468
1248.4374
1395.4218
1371.7819
1437.2614
1570.5121
1692.8324
1693.3552
1638.8771
1580.2475
1303.8625
1526.9432
1373.2845
1646.3847
1475.2636
1494.3693
1580.8306
1532.5366
1456.7062
1576.168
1567.4042
1360.2181
1526.254
1463.0047
1464.4893
1383.359
1430.5346
1598.0568
1516.83
1579.7979
1402.2709
1704.6397
1673.2633
1472.3187
1320.3352
1208.5443
1127.4973
1790.4109
1615.2901
1462.6908
1451.019
1660.7616
1287.4283
1477.2252
1659.9835
1383.6549
1617.9206
1473.9104
1551.9306
1444.8146
1230.1513
1615.4406
1557.5151
1711.593
1574.0751
1746.3309
1755.7024
1627.7586
1549.6149
1486.7932
1308.617
1471.1017
1267.3137
1498.0623
1634.2514
1418.316
1374.7352
1481.697
1527.6479
1624.8146
1298.4285
1614.9074
1556.4337
1359.6349
1351.5362
1336.0774
1483.4043
1517.9834
1378.718
1511.5367
1230.1936
1283.6814
1575.384
1634.6649
1466.6453
1386.3509
1463.1333
1597.701
1651.3278
1484.1397
1221.895
1420.4557
1721.5446
1628.7394
1754.281
1469.8238
1363.2505
1613.6138
1754.1862
1682.7907
1742.493
1682.8702
1513.0761
1533.3917
1694.186
1358.2884
1526.6086
1322.3902
1433.5718
1448.0859
1462.6743
1464.5866
1398.9099
1572.0052
1411.2228
1616.6869
1507.5041
1396.9727
1403.2576
1452.2489
1442.6787
1619.514
1552.9833
1548.6202
1395.41
1410.0494
1605.699
1484.7377
1581.2521
1722.0682
1440.6295
1485.1342
1409.4388
1467.2692
1431.4256
1547.2399
1466.4894
1304.3405
1264.1523
1319.6455
1531.3825
1762.877
1525.6341
1361.6649
1656.2502
1428.668
1395.9165
1162.668
1404.2771
1369.9398
1566.5407
1640.6011
1706.3903
1221.4318
1619.6027
1426.5787
1431.3193
1404.1933
1274.2147
1574.8549
1554.7332
1539.5471
1250.8792
1505.9272
1444.4408
1704.4272
1717.6532
1545.8824
1579.045
1413.9409
1407.0513
1625.2137
1413.0586
1452.7642
1584.9866
1601.3002
1783.5297
1390.6225
1291.6931
1575.8523
1590.2539
1453.291
1362.8706
1576.5954
1586.9733
1559.3983
1630.1218
1605.9526
1534.1602
1483.7731
1441.1391
1412.0409
1659.9297
1471.8943
1545.2571
1760.7703
1382.7038
1459.0034
1389.4879
1632.259
1471.9369
1489.1792
1291.6305
1726.6047
1499.2704
1335.2843
1503.0042
1461.3802
1369.1254
1462.9296
1479.8595
1308.7196
1516.245
1509.2378
1311.4546
1428.5079
1238.061
1460.6752
1563.1576
1485.7481
1199.1005
1361.9067
1526.5719
1401.4243
1494.298
1603.3837
1573.5621
1349.1131
1436.3774
1490.2453
1377.8616
1693.9648
1450.6535
1595.51
1521.2749
1636.0687
1442.0302
1359.7151
1383.33
1601.89
1185.5189
1385.9058
1376.1308
1267.2812
1363.6148
1367.8138
1561.6927
1829.0988
1715.6285
1695.7126
1373.546
1366.8169
1611.1652
1458.6476
1573.1386
1443.0392
1447.2627
1701.4289
1345.9181
1462.824
1654.2999
1552.4689
1341.0019
1234.1497
1367.422
1429.8881
1611.7694
1593.4153
1691.7238
1592.6689
1624.9558
1514.6203
1896.4366
1561.8298
1350.3465
1345.2898
1321.8248
1468.6952
1559.0527
1699.0867
1167.8612
1473.1116
1075.7271
1309.1644
1713.3919
1516.2699
1741.9826
1539.86
1481.8569
1486.5418
1488.4961
1383.7695
1746.1629
1592.8008
1710.1451
1346.6219
1383.8969
1241.7364
1423.1157
1292.0254
1407.2308
1526.843
1365.6062
1219.4936
1329.9301
1622.5385
1382.1271
1420.6266
1500.3552
1732.6576
1421.3824
1351.7583
1352.6233
1122.7075
1561.7756
1381.2519
1551.082
1682.351
1554.5497
1448.4767
1446.6514
1606.0077
1331.4193
1525.5498
1512.9393
2090.6766
1539.1139
1581.7793
1428.8952
1422.4137
1605.3662
1488.206
1468.1735
1233.1739
1581.6469
1392.2334
1557.1817
1215.3738
1425.3067
1470.9629
1481.7249
1285.3431
1161.6184
1443.5531
1556.4842
1344.1769
1562.1779
1485.9669
1561.0668
1346.2545
1326.6922
1652.5282
1324.29
1410.6744
1672.9399
1740.7112
1485.7769
1403.7407
1730.7074
1461.6669
1428.6025
1357.8268
1458.4009
1391.4284
1464.5794
1463.1872
1798.943
1361.4485
1451.9004
1393.4607
1387.9829
1267.7772
1463.0485
1569.4238
1288.7307
1297.7225
1439.6048
1443.8492
1321.4549
1638.4814
1660.6895
1670.9358
1590.2848
1605.9145
1682.6437
1735.8813
1439.8605
1520.0273
1486.829
1378.0339
1437.313
1225.1459
1480.789
1396.3781
1581.8526
1431.276
1459.4463
1578.5602
1533.1331
1286.154
1530.3099
1623.3055
1555.9852
1862.2722
1429.2844
1334.7013
974.84371
1407.0372
1267.3861
1271.1679
1454.4317
1580.3425
1365.2974
1433.5141
1467.7355
1552.1678
1716.9134
1453.14
1531.2083
1674.1004
1487.6749
1687.8477
1377.6524
1525.3708
1372.6368
1347.486
1502.7559
1306.1223
1507.6025
1275.3073
1245.234
1540.3927
1400.4653
1218.1047
1582.3857
1368.3174
1360.0738
1470.3275
1331.8729
1461.9154
1623.2739
1569.6652
1367.7248
1614.3283
1606.3286
1472.7481
1531.7331
1570.6935
1515.9981
1406.0548
1312.1393
1344.6893
1213.9988
1459.0556
1438.6331
1312.0313
1436.0586
1218.5044
1355.331
1232.9033
1326.1781
1433.1955
1289.4964
1402.1774
1321.0778
1287.6054
1207.8232
1221.8834
1328.0256
1702.5293
1329.9344
1560.1027
1259.8755
1324.8633
1205.0089
1102.9603
1385.1574
1505.4384
1349.9442
1481.2569
1506.0157
1189.1969
1324.5726
1125.5693
1464.8422
1528.756
1552.371
1533.8615
1384.0958
1388.1486
1349.114
1215.49
1372.9475
1354.7315
1472.3644
1516.3534
1412.7034
1640.169
1358.768
1527.6565
1377.4978
1376.4175
1451.2646
1627.0363
1442.4638
1565.7825
1241.634
1354.9182
1432.9484
1403.8275
1530.8454
1263.3147
1490.3275
1504.3583
1466.8465
1489.3584
1710.0519
1442.6645
1545.0774
1500.2944
1538.0382
1410.1464
1371.362
1284.4991
1659.0369
1634.9472
1410.6845
1740.024
1556.8914
1410.64
1641.6956
1616.3753
1325.9083
1284.0336
1320.4828
1266.7691
1405.6538
1238.3427
1535.7796
1325.0841
1433.6898
1277.402
1496.9427
1341.2744
1285.6664
1357.4312
1230.9124
995.88046
1267.2108
1775.3354
1403.2724
1635.1499
1482.4155
1349.2146
1413.3275
1551.7443
1282.9341
1277.8828
1444.1032
1535.819
1589.2898
1709.9498
1707.402
1538.1578
1651.7831
1324.1234
1419.7226
1464.9515
1228.2424
1611.0539
1322.0591
1282.8859
1511.1147
1298.0676
1551.9431
1200.3177
1272.5931
1346.2827
1397.7564
1548.0674
1427.9399
1035.1633
1377.6224
1310.5098
1459.7639
1451.1538
1358.8593
1354.1863
1420.5725
1360.6627
1279.3122
1518.2718
1622.8739
1436.756
1475.2575
1496.5221
1453.2866
1416.3155
1415.4234
1480.6994
1395.2027
1473.1092
1522.3481
1217.1109
1467.0563
1232.9456
1100.6079
1356.9655
1513.9795
1536.3881
1560.2578
1367.9791
1306.7596
1387.9435
1654.7504
1675.6805
1426.9457
1626.4767
1614.5765
1505.9704
1546.3043
1257.458
1468.6024
1475.7407
1551.1918
1425.8262
1686.4467
1400.8614
1283.0365
1224.0166
1491.6637
1606.9617
1623.9856
1297.5204
1322.8767
1541.6861
1165.1755
1205.0656
1510.4207
1470.5531
1472.608
1620.3534
1330.8593
1389.7457
1410.3648
1665.7199
1620.3543
1584.6898
1771.7249
1586.6314
1465.1897
1701.1477
1625.6117
1575.0659
1356.8546
1406.9011
1473.2124
1368.4989
1711.326
1584.2273
1283.3232
1509.8218
1502.8433
1575.4903
1507.4527
1514.4497
1430.954
1534.3859
1350.0303
1561.0335
1294.2775
1214.7041
1552.9263
1729.8062
1683.8558
1463.0874
1643.4436
1308.0594
1250.2288
1603.987
1568.4735
1545.7332
1714.7461
1394.2035
1396.3002
1458.8299
1393.1685
1636.1328
1653.1805
1624.668
1248.6499
1415.8358
1312.9536
1447.1006
1544.5243
1493.2459
1561.4596
1465.4216
1181.6146
1414.8302
1432.7937
1598.9545
1477.1614
1468.9397
1452.8803
1461.2212
1333.8867
1504.0169
1361.3447
1740.9161
1885.0476
1726.7422
1542.3632
1440.4338
1299.0213
1549.7659
1580.1094
1575.9634
1734.1936
1531.8562
1726.0163
1644.2468
1354.1941
1353.5727
1490.616
1751.216
1494.8372
1676.2178
1529.4298
1275.3188
1658.6115
1533.7663
1508.2211
1493.7793
1422.5247
1439.196
1693.1248
1401.6172
1295.1781
1504.5818
1320.1283
1482.9546
1468.9449
1551.0025
1486.2861
1382.5232
1354.7724
1295.0179
1422.5343
1729.039
1568.3881
1460.3342
1467.5572
1659.1796
1657.1326
1491.97
1323.9032
1283.5733
1529.2077
1681.8773
1645.4014
1631.8227
1525.6885
1437.9798
1639.0918
1552.1334
1112.1909
1623.0093
1637.5012
1567.7399
1454.0033
1517.7825
1338.3683
1251.6591
1393.5205
1456.6944
1322.5912
1732.8157
1448.3047
1657.3655
1970.6433
1678.1472
1582.7148
1604.7642
1511.4408
1512.0355
1568.1865
1479.6568
1698.7161
1680.0438
1523.4896
1615.5295
1704.7883
1499.1893
1703.5006
1424.6468
1328.8617
1319.4673
1472.0184
1392.1749
1316.3956
1610.5092
1404.7603
1426.5051
1642.763
1520.703
1311.9775
1410.0972
1487.9634
1410.5299
1374.9822
1767.7865
1525.178
1513.8191
1408.0056
1607.0299
1478.6888
1726.0911
1711.9917
1660.1108
1559.9263
1541.3239
1474.6776
1272.8582
1409.8397
1461.7113
1548.119
1553.9886
1285.4725
1365.1819
1303.3226
1322.7466
1320.8528
1457.3718
1529.6786
1777.8426
1719.5975
1582.2018
1489.5401
1242.3784
1536.9272
