575.18319
1049.5905
1170.9499
1764.1244
1623.9472
1560.2604
1232.4559
1252.0792
1035.2029
1269.151
1451.8292
1405.71
1297.671
1426.1413
1661.0343
1602.45
1420.3959
1513.4056
1363.2043
1377.8548
1346.8028
1264.3443
1641.4994
1466.0852
1282.9975
1666.7283
1551.0143
1532.2504
1500.2503
1408.5414
1559.8975
1464.4818
1278.0462
1188.1179
1081.1992
1186.4371
1210.994
1153.3558
1426.0238
1468.0932
1391.0894
1820.221
1741.0593
1564.3729
1285.8899
1426.5546
1592.5646
1378.2502
1391.174
1158.1436
1379.905
1320.6718
1407.5451
1619.0817
1460.0242
1377.7367
1528.5729
1176.5661
1461.2933
1426.7718
1650.608
1488.6912
1621.2233
1429.208
1544.6921
1393.4855
1456.1663
1327.1167
1435.8805
1659.8071
1518.7601
1546.6629
1388.2858
1711.4104
1384.0839
1472.8589
1526.4818
1327.4513
1661.6143
1468.3475
1361.5324
1558.6395
1599.3819
1682.0747
1340.2345
1395.6708
1627.7678
1632.3067
1441.4249
1491.9642
1636.7021
1349.8483
1553.4024
1438.3325
1571.6556
1477.5945
1460.6996
1416.6365
1444.0705
1458.5382
1417.0242
1539.0073
1532.5892
1431.2638
1388.9002
1377.7339
1131.8732
1548.6939
1378.8936
1280.8535
1350.085
1283.918
1179.9677
1482.457
1540.8968
1643.7848
1704.0515
1421.3033
1446.8479
1525.8874
1352.9767
1393.2738
1420.8719
1470.7886
1604.7167
1499.7734
1361.5976
1690.2903
1538.5859
1494.1914
1231.3682
1514.4037
1346.0743
1489.2038
1527.4339
1352.3393
1580.8405
1602.0875
1555.6427
1441.0556
1419.8597
1474.9527
1426.1277
1406.0799
1473.7024
1405.3922
1350.3635
1049.7981
1315.3289
1583.3509
1553.1105
1280.5646
1351.0438
1660.2921
1378.7363
1612.2253
1428.7186
1365.6298
1522.0177
1537.1765
1184.1032
1465.8783
1343.2323
1497.8688
1284.7457
1652.339
1585.2672
1321.5906
1561.1817
1629.9907
1189.9954
1468.0875
1389.8154
1524.2316
1252.0976
1503.1446
1378.3207
1483.4422
1233.772
1465.0559
1456.4349
1485.1059
1464.2995
1426.3989
1250.1938
1550.7261
1502.7778
1350.1129
1505.2999
1448.1948
1492.4151
1473.3931
1590.7441
1675.5495
1447.5752
1651.533
1664.1508
1311.1761
1395.0598
1338.0994
1204.5044
1288.016
930.80376
1100.3567
1164.1856
1316.9747
1372.093
1317.1986
1385.1652
1119.8783
1379.1369
1408.3204
1496.8518
1318.5894
1271.7418
1341.1538
1533.8171
1458.2747
1651.8471
1426.9588
1341.4136
1386.1843
1399.9685
1533.6646
1316.7177
1589.115
1325.0174
1453.9765
1341.8102
1488.5211
1271.1989
1588.7336
1521.4637
1522.754
1590.5278
1436.2206
1414.782
1656.7705
1520.1166
1355.2835
1397.7528
1306.7025
1269.8031
1296.6649
1422.7689
1429.4745
1378.3564
1407.0544
1201.6826
1451.0958
1404.741
1471.5496
1360.5564
1293.8601
1462.853
1488.9143
1342.1863
1505.4724
1882.4808
1507.4893
1490.0509
1310.6904
1355.2398
1496.9148
1613.7226
1344.139
1281.5913
1659.7337
1572.1642
1504.2509
1487.1282
1507.2779
1613.0705
1535.1624
1318.2376
1491.107
1477.0091
1633.0814
1614.2685
1554.7908
1466.5026
1659.1288
1518.542
1653.7692
1519.5766
1559.5208
1485.0071
1366.0984
1324.9667
1442.9537
1447.0024
1744.3643
1686.2868
1402.8104
1214.5991
1399.1038
1355.3799
1554.6928
1544.253
1636.8875
1482.4293
1542.0366
1490.3476
1679.3352
1552.1713
1512.5971
1369.7916
1510.8378
1413.8869
1643.8453
1454.2501
1595.695
1592.9852
1517.9695
1467.6006
1521.832
1423.1157
1279.7612
1332.6021
1312.1932
1302.7314
1342.0163
1551.858
1563.021
1247.5161
1400.956
1605.6296
1710.0213
1652.4843
1656.2101
1391.039
1459.2162
1484.2505
1485.2632
1737.7428
1558.9956
1322.566
1449.8348
1421.4105
1491.7381
1496.6484
1660.9834
1557.9359
1594.9964
1580.158
1441.6255
1597.2461
1711.3827
1320.5172
1519.9721
1398.6578
1326.138
1425.9613
1364.1274
1549.3338
1346.3335
1419.9728
1306.669
1277.9675
1512.6369
1518.9632
1320.8322
1325.8906
1486.3421
1429.252
1382.4531
1487.5865
1409.8807
1460.7875
1588.5294
1407.6037
1427.7142
1571.0698
1700.0924
1559.6064
1433.2484
1386.0607
1558.0557
1429.6581
1319.5829
1499.842
1438.4128
1572.1647
1636.1317
1384.194
1509.7643
1337.607
1686.8382
1361.7323
1394.3984
1637.1129
1809.4129
1450.9268
1512.8684
1511.0275
1428.8752
1425.3794
1461.2857
1485.9665
1425.5373
1457.9752
1377.3141
1577.3165
1271.5854
1449.0706
1560.7476
1752.543
1708.6501
1532.4748
1395.2274
1274.5747
1684.9397
1391.7204
1568.6147
1518.3986
1533.4988
1569.3576
1422.8062
1296.7575
1546.4552
1531.0624
1456.6529
1350.3899
1247.6387
1572.1732
1539.4752
1519.5992
1548.2433
1289.6294
1156.9912
1409.2294
1465.0596
1431.1742
1423.6259
1437.1525
1191.1164
1360.0877
1493.0388
1264.5585
1484.6334
1520.6107
1358.2369
1590.8658
1502.0152
1476.0221
1354.724
1335.4638
1520.2429
1436.1223
1421.2903
1403.7292
1593.0175
1357.251
1249.0061
1424.1947
1441.7896
1599.6429
1462.2433
1336.1618
1567.7584
1508.8494
1459.3092
1484.6661
1415.4151
1421.3207
1299.6788
1451.9307
1183.1893
1400.1364
1297.5085
1538.7198
1427.7863
1446.66
1394.0714
1005.1698
1311.9306
1402.8813
1539.6732
1387.6223
1742.2336
1501.0567
1494.7992
1543.8311
1389.7843
1306.3557
1338.2537
1369.721
1359.8585
1418.9066
1420.0506
1369.4366
1194.2321
1404.1598
1485.4405
1362.742
1470.9384
1476.5679
1239.565
1373.7376
1532.1209
1607.3686
1658.7989
1370.9429
1562.9284
1402.9308
1321.759
1069.8243
1255.0847
1415.7129
1402.4302
1428.8461
1577.1016
1524.9692
1493.623
1391.871
1616.6961
1429.4247
1380.3531
1695.0554
1478.5365
1469.9561
1509.6385
1428.7156
1390.0529
1850.3358
1567.8506
1454.5136
1171.2451
1442.3962
1503.1108
1614.9632
1195.641
1475.5295
1474.6204
1504.1372
1569.5346
1433.8699
1396.721
1260.1462
1165.8898
1429.8256
1376.1633
1517.224
1337.2819
1247.364
1562.233
1625.7646
1407.9777
1126.5835
1370.1235
1208.7003
1375.1541
1354.7509
1294.6418
1333.429
1440.6703
1372.4778
1606.5307
1529.6006
1281.4282
1548.5008
1458.7501
1650.8107
1585.4059
1611.7375
1453.718
1588.7695
1536.1064
1309.313
1097.3398
1713.1977
1448.6115
1431.7312
1431.3873
1539.3604
1321.1006
1479.8123
1421.2405
1464.229
1171.0471
1348.3509
1463.5209
1630.9221
1585.877
1353.2166
1309.2671
1182.0662
1408.2267
1315.5021
1439.6743
1517.6019
1474.9298
1413.77
1458.3109
1507.4438
1476.5344
1538.589
1797.6447
1414.2567
1472.6229
1447.1779
1232.374
1393.0374
1249.0756
1405.0222
1596.4179
1451.1489
1402.4652
1478.5912
1408.9988
1472.0444
1203.6243
1309.9183
1506.4758
1509.4858
1255.0065
1412.9535
1282.9251
1529.1479
1394.2146
1552.3252
1367.4191
1355.1471
1291.5409
1428.2942
1758.951
1517.0278
1398.5952
1557.9075
1413.1479
1708.8975
1292.7746
1098.5212
1305.4831
1348.3671
1711.8048
1462.4568
1487.0036
1635.6988
1397.4033
1558.7838
1249.8211
1624.1299
1619.1929
1581.28
1785.0088
1408.598
1565.4394
1412.0177
1756.5361
1277.6907
1166.4066
1210.9519
1595.0252
1355.4403
1590.6566
1412.2311
1269.9847
1500.318
1526.7773
1739.7202
1375.1484
1559.4739
1417.8436
1565.9616
1451.4015
1689.5419
1515.6965
1250.8007
1328.4033
1463.4621
1259.6579
1302.6577
1369.9549
1399.7571
1448.1752
1717.21
1250.6421
1281.4529
1410.5061
1548.5261
1269.2693
1420.219
1217.2983
1394.0309
1617.7808
1370.271
1686.2936
1614.1244
1386.494
1702.1585
1312.3049
1501.527
1432.8254
1419.5651
1449.2321
1681.4151
1537.2452
1362.5484
1381.4452
1497.2352
1320.1867
1352.7919
1396.1946
1439.7886
1655.5884
1598.5033
1631.695
1481.263
1335.2744
1511.3114
1194.1688
1438.4286
1541.5055
1449.487
1450.2775
1619.404
1437.8307
1586.6525
1549.7889
1280.652
1329.6826
1311.5207
1630.4983
1501.2664
1450.4423
1567.6173
1393.2385
1353.9054
1432.855
1335.2546
1538.1112
1577.5929
1436.2457
1430.6357
1540.5592
1581.1594
1687.7696
1557.8563
1594.1679
1525.0437
1617.938
1555.1408
1444.925
1132.8358
1367.0438
1624.5341
1564.9969
1507.2092
1855.7488
1588.6901
1372.1984
1213.3017
1169.671
1403.9762
1385.7698
1466.0662
1431.2373
1375.3929
1361.7338
1646.2987
1385.5314
1114.4869
1475.6301
1570.6725
1905.0406
1475.0254
1482.9554
1401.5722
1497.6644
1688.2297
1752.4507
1467.3109
1377.2125
1201.4105
1449.3951
1535.285
1380.0082
1657.6778
1303.736
1418.5393
1389.7111
1509.8111
1376.9284
1453.8765
1551.4951
1535.8145
1682.822
1372.4221
1444.6927
1751.1066
1352.9277
1372.7263
1400.5148
1304.8941
1293.4339
1321.8128
1563.8993
1330.5456
1382.6945
1571.1114
1406.0396
1575.7165
1584.9918
1397.249
1467.7177
1227.6302
1272.9404
1573.6362
1585.9162
1572.3043
1692.5942
1503.7374
1514.5172
1511.9686
1439.4105
1609.4934
1488.4935
1415.779
1160.2086
1404.1493
1522.5931
1604.4776
1613.4015
1511.1349
1632.438
1451.7569
1532.489
1266.1907
1502.391
1517.8652
1221.7808
1462.6478
1447.496
1435.028
1496.3797
1572.8942
1203.9603
1510.0778
1398.5016
1359.1069
1383.6333
1469.944
1770.5282
1543.3609
1209.0134
1658.2339
1250.2535
1196.2571
1315.1788
1332.6616
1737.4834
1392.7266
1633.054
1615.4443
1474.1232
1406.2392
1512.5976
1382.7068
1477.9111
1457.1309
1480.0264
1503.3161
1434.5575
1311.4075
1274.9173
1518.2432
1476.8941
1771.5886
1247.1921
1502.54
1338.9403
1466.0093
1502.5648
1484.5161
1610.9646
1344.0056
1480.2079
1555.8445
1510.1488
1499.244
1471.7063
1288.5653
1435.7018
1545.7754
1556.7768
1858.2649
1563.3481
1522.3728
1490.651
1456.9133
1443.4243
1520.2104
1513.0989
1320.8191
1467.6347
1401.7685
1369.3862
1359.6109
1436.0746
1524.2268
1601.8742
1516.7437
1394.9376
1347.5042
1567.0538
1311.432
1618.6435
1415.2803
1573.6561
1158.9703
1318.5834
1255.4699
1465.6079
1250.4671
1328.0784
1528.0987
1206.6144
1262.8421
1565.0398
1467.9084
1418.2294
1314.1428
1451.5524
1418.0208
1651.1215
1636.1015
1487.5104
1371.3414
1455.5472
1227.0898
1344.341
1363.6123
1428.7967
1484.2508
1407.1444
1415.4759
1055.618
1379.1583
1853.175
1708.1993
1474.8123
1260.348
1433.0956
1284.0356
1487.7945
1259.6324
1349.0759
1394.7223
1268.4795
1253.8574
1233.4757
1660.4172
1486.1304
1309.6843
1295.825
1487.3324
1501.1522
1444.2467
1314.7288
1299.9357
1502.8041
1402.5228
1359.8793
1509.6681
1471.0185
1603.5872
1740.0825
1624.4628
1437.1442
1469.5781
1581.2342
1435.6549
1781.6563
1582.0292
1396.1797
1629.8764
1606.0435
1375.7122
1271.8061
1514.5537
1476.3575
1356.777
1412.8192
1478.7788
1381.6687
1474.8718
1605.0561
1413.7995
1536.3453
1351.6978
1444.0644
1569.4598
1228.5168
1527.4485
1412.7612
1478.3247
1327.3062
1376.6559
1708.7703
1444.492
1552.1614
1359.6983
1395.3211
1449.9225
1379.0279
1588.9484
1335.9536
1450.1391
1450.0742
1611.7896
1594.3636
1797.8709
1757.9831
1495.8817
1503.2605
1563.4706
1604.039
1393.6983
1503.4551
1679.6888
1581.3652
1487.0399
1498.5007
1392.4982
1603.1166
1627.1638
1666.3852
1710.6328
1416.1572
1450.2726
1416.7986
1527.7633
1677.1315
1516.4849
1600.5289
1625.7692
1463.7925
1359.9461
1409.1637
1559.6044
1684.1359
1600.6505
1603.5496
1599.8652
1494.8121
1200.2471
1697.7599
1429.9689
1724.6839
1503.3503
1667.9732
1463.1964
1606.6127
1369.567
1562.3232
1513.8797
1427.7229
1245.6023
1521.8408
1530.6819
1530.8118
1798.976
1550.5026
1672.979
1338.3162
1380.3469
1175.4143
1388.4788
1151.1827
1562.7074
1491.8557
1604.149
1360.7993
1481.6656
1299.2855
1368.302
1207.135
1560.0419
1422.8657
1187.6536
1169.5166
1128.2292
1419.0024
1606.6028
1394.4011
1380.9292
1281.2562
1631.324
1327.7206
1531.4077
1542.4209
1343.635
1219.0965
1594.5592
1551.799
1160.0285
1439.8826
1324.7652
1437.944
1485.4593
1437.597
1458.0014
1244.8574
1328.936
1347.7485
1577.8485
1345.3543
1422.9235
1185.6943
1481.0955
1381.8714
1526.3868
1497.3242
1546.3896
1391.9892
1261.6317
1386.3479
1441.3289
1486.0707
1398.9679
1280.2319
1503.0156
1651.6182
1717.9693
1257.6325
1565.3823
1449.2437
1477.615
1601.4112
1511.8316
1493.9354
1660.3441
1210.0641
1366.1682
1416.1915
1435.0985
1491.5886
1289.7211
1259.716
1318.5182
1362.7357
1483.0312
1557.4128
1356.661
1398.8033
1194.4117
1162.1108
1561.4474
1506.0667
1477.1012
1485.3587
1524.6713
1345.1499
1447.0181
1473.0459
1577.8805
1239.7288
1442.226
1487.1992
1412.7481
1612.4016
1509.4733
1431.3556
1570.2851
1410.8283
1241.1137
1318.4529
1484.2703
1533.9503
1667.4008
1423.4443
1306.0617
1395.3284
1540.5388
1450.394
1128.8253
1486.8086
1328.4987
1480.3823
1867.2235
1626.258
1601.4458
1470.5821
1098.9044
1654.6893
1576.6884
1621.3079
1657.6823
1824.3272
1323.1421
1583.3136
1414.6865
1614.626
1664.2124
1712.8474
1392.3377
1288.7314
1618.6388
1332.513
1378.7068
1412.7569
1517.9593
1342.9902
1296.8941
1509.5382
1173.7214
1635.7459
1445.0014
1466.5646
1561.6436
1656.3123
1644.7629
1352.2915
1311.5431
1277.1133
1323.2345
1340.8756
1436.8953
1431.4301
1149.6898
1404.8976
1407.4982
1447.2839
1448.3785
1340.9111
1129.7925
1211.7373
1252.1399
1302.4
1431.6008
1149.6007
1316.5499
1320.456
1333.3127
1421.7851
1480.9629
1398.9979
1307.5098
1366.6757
1230.5409
1409.0868
1630.2643
1426.6758
1436.6613
1697.9185
1166.7167
1581.5906
1390.5622
1456.7647
1331.2797
1425.6371
1443.3347
1212.8144
1449.1595
1270.616
1418.7244
1661.5927
1780.7868
1584.1333
1748.8615
1605.3938
1536.9078
1493.4359
1552.818
1498.6815
1495.9908
1726.0895
1447.0598
1623.2309
1569.8839
1477.8746
1384.031
1495.6504
1544.3814
1379.4758
1290.1792
1328.725
1439.0133
1399.7245
1394.1553
1413.8962
1683.887
1340.8663
1202.8681
1375.7112
1322.0679
1605.2578
1234.5601
1365.5348
1483.6516
1466.0453
1731.8593
1467.9223
1451.3252
1401.1908
1344.8218
1402.5834
1503.3522
1320.8689
1496.3849
1322.261
1308.0824
1476.092
1406.3892
1590.8865
1676.004
1413.375
1394.4927
1467.9061
1392.3982
1659.7805
1308.0708
1547.8419
1269.335
1630.0084
1571.1386
1485.7198
1598.5384
1273.8154
1502.6066
1385.7477
1560.0939
1632.6399
1360.0123
1545.3774
1560.0085
1349.1462
1340.7016
1460.1294
1491.3488
1438.4437
1186.0193
1183.0126
1466.6815
1614.2611
1384.1712
1481.301
1217.9139
1500.2981
1470.2038
1343.1197
1250.0825
1360.3142
1324.2928
1296.2462
1325.5296
1362.751
1525.468
1433.1224
1423.0524
1500.0024
1324.709
1128.8761
1314.3184
1335.3684
1282.011
1459.0538
1455.4127
1334.3201
1594.5363
1573.8307
1416.1314
1405.8169
1510.9655
1775.0554
1422.7918
1587.7489
1486.2936
1511.3169
1390.8214
1615.3068
1543.0431
1602.6365
1313.103
1443.7254
1258.3507
1523.6277
1275.1648
1337.9724
1541.3072
1529.2887
1475.975
1385.0833
1488.5783
1191.8439
1381.1072
1447.5247
1421.2552
1393.8512
1065.5926
1282.2019
1291.1756
1198.9051
1477.8047
1387.1945
1529.7552
1327.4931
1212.8365
1217.1428
1229.2532
1404.9016
1556.3618
1608.7157
1587.9151
1328.5925
1437.7843
1553.3911
1500.7766
1361.087
1466.8782
1410.199
1268.798
1613.8807
1309.8064
1453.6111
1523.8541
1495.4775
1462.5722
1401.1503
1333.5311
1205.9534
1224.202
1332.6544
1517.5801
1573.7993
1480.7309
1613.3049
1435.8351
1512.3095
1785.5002
1513.7393
1459.1377
1470.8974
1295.6829
1490.2035
1571.8627
1470.6908
1564.5879
1276.8822
1445.7264
1523.8648
1393.4318
1613.8258
1426.7098
1691.7961
1507.9284
1528.2103
1623.2201
1506.4562
1666.5625
1529.1908
1568.1132
1544.9262
1276.524
1279.2749
1390.6198
1395.3814
1575.6227
1195.5542
1459.6881
1223.8716
1380.6314
1364.8921
1640.6338
1479.8381
1567.6589
1516.7756
1417.0254
1463.5885
1389.3356
1445.4893
1431.5716
1569.9802
1598.5433
1504.7168
1433.8288
1663.9385
1586.6368
1402.7582
1401.1354
1547.5232
1481.0111
1559.4582
1389.1789
1419.052
1391.8434
1522.5928
1475.5571
1565.5023
1603.03
1249.0013
1224.0629
1523.0208
1401.9884
1035.1044
1448.3395
1479.8438
1356.173
1413.5828
1335.708
1332.7326
1415.7864
1296.7929
1531.6733
1393.3872
1148.1917
1207.6225
1367.1605
1573.0795
1584.5823
1636.8605
1475.7156
1539.5693
1570.6055
1368.2249
1247.8931
1300.1322
1346.3247
1391.0456
1354.5875
1396.3319
1461.2587
1328.0168
1627.0084
1558.1463
1490.3914
1426.5362
1285.6838
1305.0786
1330.2339
1532.3892
1642.0383
1549.7027
1538.6219
1410.1743
1381.2749
1727.2128
1513.8092
1092.5291
1382.9648
1445.6303
1272.5803
1224.4106
1449.345
1365.3531
1362.4753
1397.3792
1587.5812
1528.8136
1405.2458
1524.2224
1391.3579
1507.121
1246.5423
1377.1635
1423.0628
1608.6097
1573.9553
1541.2648
1576.5128
1322.9849
1445.4054
1268.0337
1373.2651
1586.3298
1564.6381
1416.6433
1230.7496
1310.1052
1413.3245
1167.3582
1432.9312
1283.1153
1270.2402
1682.8371
1638.3773
1239.6695
1308.6705
1376.3581
1445.8319
1564.8585
1629.972
1509.2088
1577.1975
1505.8602
1384.3751
1427.7025
1405.1991
1613.944
1584.886
1901.4283
1444.3465
1555.5166
1409.318
1466.157
1121.8744
1452.6876
1276.8123
1407.5227
1568.5426
1555.5399
1346.038
1522.7827
1196.9991
1176.1646
1391.8543
1214.8762
1414.7787
1449.6185
1610.2868
1593.4958
1561.1444
1347.898
1334.4914
1354.1341
1400.7989
1297.2104
1617.6022
1453.3614
1327.0185
1373.7895
1375.5009
1524.5178
1259.1073
1356.3609
1327.7049
1363.4196
1390.3594
1211.9689
1354.3446
1268.1349
1605.7932
1569.2215
1552.2519
1183.7116
1422.6819
1123.6735
1547.4133
1488.217
1576.0021
1373.4094
1245.7289
1358.1776
1555.4007
1645.0148
1713.0624
1606.3599
1542.7081
1581.9378
1551.2601
1551.2213
1564.2567
1479.4848
1664.9941
1511.3224
1640.94
1298.1765
1575.6714
1341.874
1416.7054
1371.4537
1471.238
1489.4746
1553.7063
1206.2816
1718.3172
1407.7129
1188.5917
1599.3852
1649.696
1269.0478
1614.6828
1533.956
1487.9787
1236.8726
1469.6623
1587.3448
1622.5082
1065.7436
1426.6045
1606.6547
1504.6608
1854.3545
1687.0766
1481.7165
1695.7461
1296.0057
1383.5615
1544.0046
1292.9654
1253.6939
1597.665
1327.9741
1380.9653
1455.2133
1582.1579
1643.3227
1834.471
1643.2232
1526.9598
1299.1612
1242.7713
1249.7868
1597.4937
1593.7696
1396.0851
1429.8403
1458.8667
1717.648
1470.343
1377.8551
1695.0933
1610.6434
1599.727
1828.4355
1614.8997
1611.5244
1693.3178
1657.0277
1662.7769
1497.6345
1079.3685
1287.9043
1379.657
1381.9151
1373.533
1413.0423
1250.9719
1408.1678
1480.2467
1199.5644
1566.6274
1448.9514
1394.7235
1494.0795
1456.6588
1765.0176
1672.018
1357.6394
1363.568
1551.1314
1417.7726
1542.277
1721.0295
1528.4585
1524.1481
1310.8239
1470.3874
1567.9582
1480.8299
1464.966
1617.0147
1523.9478
1635.523
1169.1549
1415.0435
1499.7879
1670.8968
1587.3425
1462.4311
1270.2404
1344.4244
1587.6133
1624.3489
1588.9863
1429.8732
1304.1909
1370.7107
1448.67
1647.4292
1454.4446
1366.8327
1482.1491
1404.0913
1286.5757
1664.1518
1822.1268
1481.231
1497.5327
1441.1924
1365.3129
1423.6758
1327.7839
1667.0433
1247.9627
1563.1883
1643.0856
1844.6678
1578.8715
1504.4659
1287.9076
1260.4998
1320.4042
1625.2828
1456.8315
1519.733
1499.577
1473.4337
1365.8494
1380.3555
1341.3282
1418.9688
1383.6516
1451.0323
1600.4504
1489.4469
1639.2989
1285.9288
1568.1243
1451.3915
1622.5853
1737.1718
1662.9966
1423.2939
1404.7374
1439.1704
1267.9475
1128.7485
1844.9228
1462.8075
1513.1909
1506.2212
1473.6927
1457.8219
1235.2423
1787.8924
1605.3756
1380.1315
1552.4182
1410.8599
1594.7013
1480.1329
1668.6218
1574.4054
1572.4001
1310.1693
1318.2227
1386.928
1500.1386
1328.0632
1366.5921
1366.4379
1418.8132
1465.188
1466.427
1392.3429
1737.0228
1386.0684
1354.084
1423.9132
1498.0442
1530.4562
1640.7979
1582.3032
1689.3597
1486.5146
1491.5776
1576.3244
1609.4835
1537.6949
1405.5183
1277.3835
1484.7614
1374.8046
1438.1501
1471.128
1481.5642
1357.4423
1343.0395
1216.5813
1583.7965
1555.192
1286.1142
1533.9378
1329.7262
1433.7275
1143.4799
1495.097
1498.4604
1495.574
1496.4788
1493.262
1281.4526
1509.55
1324.0135
1675.3003
1484.2756
1662.6953
1443.026
1482.7262
1628.1763
1532.783
1577.0856
1322.7813
1382.0347
1222.5881
1523.2258
1397.7566
1740.6722
1530.0185
1540.2842
1416.1246
1468.3536
1444.4531
1409.2433
1428.5866
1760.3113
1407.7995
1568.0062
1408.8539
1115.282
1400.8879
1513.9116
1587.1842
1298.7272
1141.2702
1513.1015
1648.7667
1548.9254
1835.8318
1479.3686
1532.6468
1651.5951
1576.0682
1620.5311
1779.631
1449.0988
1436.3985
1515.8788
1535.8461
1240.006
1627.6012
1605.1772
1541.8899
1781.8469
1636.9795
1435.7875
1251.2779
1237.0532
1408.8398
1417.443
1604.2232
1565.9195
1465.6331
1581.787
1194.3148
1320.9878
1223.6237
1404.6153
1414.8619
1422.7989
1423.3414
1549.963
1599.9954
1302.164
1255.4169
1347.4379
1495.8087
1390.9065
1628.0088
1483.0065
1365.9549
1399.2695
1204.5284
1348.0323
1325.7146
1287.1579
1507.6483
1521.059
1218.852
1385.0443
1567.4745
1580.5436
1402.7473
1379.481
1390.192
1369.9186
1623.3678
1251.714
1302.8627
1490.1048
1306.8016
1359.6062
1577.7522
1537.68
1449.0115
1189.5405
1376.6396
1351.5024
1221.0905
1408.2518
1386.6249
1497.1942
1479.3288
1428.6192
1340.9665
1338.6754
1508.8185
1433.8827
1172.8009
1146.1246
1309.8559
1498.0924
1465.2057
1580.2955
1443.583
1518.9718
1200.1628
1219.0553
1609.8779
1437.6074
1646.0132
1670.9428
1454.2205
1386.5168
1424.6613
1416.802
1524.5628
1277.2773
1357.1399
1402.059
1586.4942
1393.2726
1664.6101
1418.9085
1292.0632
1379.8223
1438.1518
1559.3832
1435.7715
1499.4309
1146.8595
1322.8557
1526.2107
1506.0155
1647.721
1551.1224
1594.4143
1523.1561
1702.9966
1422.728
1500.6873
1570.9193
1579.8871
1426.7973
1323.0404
1410.5638
1419.3666
1330.9995
1656.1378
1485.323
1561.6615
1860.8272
1650.547
1473.5461
1425.467
1546.4474
1435.3169
1445.5376
1430.3348
1686.4835
1189.9513
1572.6494
1637.114
1477.8835
1211.838
1376.2233
1817.5577
1782.9155
1537.9494
1390.6728
1555.8759
1330.2317
1303.847
1465.3995
1323.4099
1491.8016
1425.5646
1486.9707
1419.7148
1400.4307
1873.952
1698.7944
1490.676
1415.2758
1454.9259
1190.7792
1410.1615
1335.3465
1545.9174
1409.8811
1238.5579
1294.7672
1372.0754
1442.0036
1601.1485
1730.0152
1700.2156
1503.8306
1533.4408
1538.4451
1402.5383
1567.3099
1460.2289
1501.2557
1490.6873
1551.6946
1523.725
1519.5172
1614.5244
1272.1804
1189.878
1546.0507
1521.6007
1447.7694
1415.8609
1169.2228
1329.9097
1365.707
1533.9533
1513.7834
1493.1654
1246.2344
1303.2414
1403.2002
1125.602
1507.1853
1357.046
1726.1373
1494.7924
1416.7131
1544.5055
1544.5532
1416.0002
1567.398
1407.0688
1440.5152
1242.2639
1683.6688
1460.3156
1550.462
1377.5595
1295.0508
1313.7991
1466.502
1107.7311
1571.1167
1423.5818
1304.4888
1509.559
1613.9586
1483.0483
1448.2736
1717.722
1443.9423
1479.2556
1172.3846
1449.4472
1540.4246
1726.2537
1606.4664
1611.2933
1519.8622
1517.6554
1335.9248
1434.8802
1392.1031
1506.8139
1374.9078
1252.7723
1602.7788
1357.433
1189.3574
1511.0615
1470.1456
1693.3688
1629.0719
1465.5399
1353.0412
1054.2802
1220.3808
1718.522
1296.1282
1387.6638
1309.3896
1114.6057
1305.6089
1532.8731
1364.1671
1548.4435
1705.0943
1426.7209
1369.2445
1332.9733
1568.4045
1583.5895
1417.1031
1399.5941
1479.7519
1501.8061
1573.1019
1450.832
1673.822
1872.391
1606.5828
1619.95
1401.4692
1727.2904
1489.9736
1539.3513
1656.724
1685.0647
1708.7339
1732.6895
1591.0855
1569.3078
1490.0165
1446.7443
1360.6585
1639.3425
1574.2975
1361.465
1772.3639
1742.2961
1738.7694
1365.1965
1341.9538
1552.4875
1542.5232
1338.4258
1412.5747
1504.1581
1620.4157
1516.0338
1447.4409
1750.3234
1512.4271
1581.1502
1788.0883
1720.5361
1597.6537
1301.3056
1706.905
1650.8348
1696.7268
1378.6622
1224.7194
1644.4808
1515.3684
1156.9933
1187.2927
1152.197
1176.2865
1117.3924
1424.5169
1496.803
1158.0083
1377.7913
1550.3907
1391.4471
1388.8777
1471.5093
1386.7281
1447.9436
1191.2661
1471.5835
1310.0812
1595.982
1497.0717
1590.8292
1563.4124
1305.5144
1517.9954
1505.7678
1517.141
1525.8333
1766.1259
1442.3437
1548.7697
1373.9134
1280.5464
1412.4388
1531.4521
1672.6944
1637.9411
1482.2168
1483.9122
1383.3056
1360.5024
1321.4916
1406.2832
1617.9316
1694.369
1561.8635
1817.9714
1534.169
1360.8084
1465.2089
1704.2512
1535.4295
1375.7622
1506.8358
1634.6881
1565.7773
1353.3458
1285.0639
1462.1174
1506.6686
1551.4705
1283.833
1657.2257
1446.2539
1332.8801
1367.7844
1651.3696
1532.555
1191.5535
1387.9066
1393.1375
1407.4253
1350.7499
1306.474
1351.2131
1220.2043
1418.3383
1222.807
1547.0955
1586.7475
1525.1343
1475.2009
1220.4596
1318.3806
1287.3007
1355.1338
1227.717
1147.5328
1274.8134
1250.3243
1344.688
1376.6341
1220.2108
1358.287
1497.2382
1532.1004
1589.128
1365.8357
1630.4477
1438.4528
1181.8588
1451.9718
1367.4964
1458.8172
1324.0514
1626.4518
1464.7726
1601.2661
1588.2969
1386.3287
1328.8513
1350.9462
1354.4478
1311.0595
1431.4502
1425.9461
1353.0964
1692.6692
1483.1514
1494.5195
1439.6395
1677.5365
1509.0275
1563.1801
1763.4551
1549.3726
1696.9208
1551.3983
1346.162
1522.9384
1405.0641
1762.4231
1481.8644
1441.5505
1340.4811
1285.6749
1487.2902
1418.3982
1539.8554
1452.5791
1534.0329
1375.1693
1542.5147
1287.5987
1487.4851
1531.3379
1548.2378
1311.0358
1682.931
1486.318
1383.0089
1160.2099
1407.2866
1336.892
1425.3511
1423.6858
1506.7486
1343.0886
1326.9108
1298.3229
1541.37
1476.8104
1552.1722
1549.2377
1561.3367
1610.8968
1437.8961
1460.8946
1311.2128
1219.8927
1338.7685
1434.5014
1262.6444
1431.5994
1622.7599
1627.8396
1652.9172
1393.4649
1456.3684
1411.5448
1550.6286
1316.8068
1605.8922
1561.0915
1448.1716
1305.167
1165.3438
1504.9342
1806.7179
1356.3255
1508.8535
1427.5033
1097.2616
1154.5556
1147.2034
1263.9176
1574.3808
1550.5586
1413.5205
1676.2929
1562.7673
1329.7961
1431.2605
1612.039
1315.287
1196.0731
1388.1296
1388.639
1409.6093
1370.511
1363.8437
1355.6677
1298.6254
1508.9947
1577.8083
1341.9412
1364.5211
1470.3054
1544.917
1318.3681
1613.9893
1418.5047
1427.6781
1520.1726
1561.2164
1614.8062
1306.4278
1437.891
1067.2025
1370.1439
1356.0038
1481.2214
1629.6218
1278.1836
1294.514
1202.1556
1432.0404
1341.2716
1355.0031
1351.2086
1468.183
1302.9918
1321.428
1190.7282
1228.8681
1260.0628
1629.283
1363.2817
1586.0642
1513.065
1352.1427
1327.8279
1442.3027
1499.1327
1490.709
1450.5628
1412.7302
1222.8298
1611.9782
1524.248
1569.1846
1328.4335
1810.9481
1472.4464
1468.3853
1094.8965
1565.6425
1476.7605
1271.3299
1366.4908
1604.7281
1352.9052
1447.2689
1309.4831
1268.3093
1221.8686
1366.0865
1454.0544
1143.0728
1368.799
1249.646
1385.3472
1333.0954
1294.6318
1318.3157
1325.0197
1493.0517
1335.1044
1447.8439
1205.5349
1467.3162
1371.3202
1236.4888
1313.4833
1494.8508
1475.7432
1493.5366
1587.2214
1389.4963
1525.4081
1571.3214
1447.0989
1572.9005
1405.6124
1427.4197
1633.9097
1412.6181
1617.2015
1473.7109
1516.8921
1238.8219
1438.2891
1694.1515
1603.7519
1624.4776
1337.0647
1610.4083
1340.3782
1377.0636
1339.9654
1355.8254
1437.2337
1379.8571
1134.1967
1202.1112
1294.447
1227.803
1395.7716
1509.8583
1575.9575
1406.5416
1626.3573
1511.8725
1480.617
1439.2023
1353.6706
1527.6898
1513.3737
1388.0605
1456.7877
1576.992
1499.7734
1489.2806
1448.931
1397.6673
1224.0344
1405.3667
1311.7502
1698.4472
1529.7259
1502.3066
1477.3438
1734.8436
1513.7997
1365.6141
1469.9617
1721.1979
1580.7929
1545.8885
1453.3511
1401.9349
1485.8821
1259.1159
1289.1149
1428.6871
1250.2474
1457.0586
1256.0114
1357.3931
1590.0529
1527.6639
1582.5956
1604.6505
1431.5435
1395.7352
1381.1822
1268.6998
1327.8886
1224.6542
1616.9207
1495.1005
1661.7434
1395.0039
1330.1899
1534.4783
1465.8334
1660.8801
1318.4165
1246.5779
1354.2987
1757.0983
1483.4635
1416.4369
1295.4436
1543.4535
1523.4636
1519.7072
1522.1342
1372.5561
1619.4623
1676.6134
1726.112
1714.2188
1566.0766
1717.9038
1396.242
1247.385
1067.1403
1365.3743
1653.3644
1441.1186
1623.3773
1659.8586
1427.5458
1289.9209
1413.2096
1282.2983
1357.858
1539.738
1450.2545
1503.9496
1448.0365
1433.3599
1174.9166
1093.5358
1328.942
1544.3382
1499.7696
1437.9996
1454.3824
1275.1098
1437.2646
1368.4742
1840.8566
1510.8038
1419.1063
1307.5625
1503.0093
1347.4166
1218.3222
1329.4912
1444.0758
1464.4893
1157.3668
1233.2588
1541.1041
1616.3866
1406.8827
1598.1159
1341.8782
1472.0152
1348.5491
1695.5787
1620.5028
1547.7746
1663.0827
1179.1148
1352.9974
1274.6044
1192.9443
1223.5491
1604.4175
1609.7862
1676.492
1398.9934
1373.1358
1332.5176
1297.6424
1471.3497
1951.9635
1525.8979
1534.9303
1501.9691
1260.3288
1419.4286
1553.3427
1486.0009
1401.9102
1543.0277
1300.0923
1445.541
1258.4024
1445.9297
1522.4075
1480.0893
1676.7252
1854.8088
1530.5755
1351.116
1418.1265
1376.6535
1463.132
1570.6626
1683.9813
1479.2256
1383.3816
1390.7084
1232.9606
1427.9001
1677.3228
1482.7337
1329.8791
1469.9031
1255.1395
1606.9963
1459.1389
1339.2119
1386.8154
1317.5373
1359.84
1383.9394
1482.8519
1446.355
1325.8682
1383.9923
1587.4497
1110.3689
1389.4441
1410.8959
1367.4213
1262.1079
1230.696
1561.9905
1358.0828
1248.4409
1084.9525
1150.6486
1307.8169
1399.2917
1294.522
1515.8648
1241.3448
1428.8502
1379.7382
1213.4355
1393.1435
1146.7532
1343.2137
1462.9491
1300.5077
1442.951
1382.9876
1233.9559
1421.3064
1102.4238
1123.2178
1171.3671
1433.1899
1467.9246
1534.7331
1312.0021
1232.5507
1373.4207
1568.4766
1597.6187
1349.9597
1386.6518
1396.3538
1451.6026
1347.1693
1360.4485
1270.0023
1440.7914
1509.8566
1459.5463
1327.6104
1358.4946
1378.7837
1528.3922
1543.216
1621.3077
1554.991
1558.6426
1458.6289
1485.5448
1528.876
1535.1354
1464.0251
1357.8807
1549.2912
1547.089
1469.5203
1214.8627
1583.2576
1506.3043
1350.8242
1491.8916
1661.6697
1505.3572
1534.5771
1437.4987
1269.4801
1474.1334
1313.1438
1552.1805
1374.5241
1291.6362
1643.6096
1306.9168
1484.5233
1516.5937
1654.1379
1558.6971
1560.2244
1399.3689
1555.9103
1452.8406
1367.8101
1469.7428
1447.7651
1657.8926
1591.0315
1571.0222
1445.589
1268.6341
1344.0898
1483.4455
1561.363
1469.2504
1386.333
1486.5958
1438.7832
1461.0423
1572.3261
1382.7556
1581.4281
1420.0506
1367.7405
1388.6327
1495.3517
1503.9038
1393.367
1464.5208
1294.3203
1562.746
1530.5788
1620.6744
1807.8736
1706.9582
1380.8727
1489.4403
1400.7255
1520.9875
1400.6805
1532.1722
1547.7068
1332.6169
1354.4303
1509.4645
1240.3546
1611.9267
1688.0485
1432.7985
1233.1243
1305.8372
1392.8656
1305.4584
1440.417
1472.5553
1727.2479
1404.2914
1402.9135
1461.4346
1622.2959
1429.8408
1435.8244
1751.0397
1822.1106
1688.7262
1426.8991
1485.5915
1843.5582
1509.5439
1549.1263
1609.716
1611.4084
1523.5866
1386.7024
1513.47
1689.816
1474.7815
1358.8429
1457.5891
1433.4367
1573.9019
1245.0219
1482.6693
1543.3239
1479.2576
1395.1543
1337.4633
1431.4194
1472.8889
1619.6957
1453.9454
1582.295
1583.8973
1327.2151
1331.7183
1467.88
1524.3764
1686.4433
1525.8774
1511.9741
1497.7982
1491.1564
1536.0513
1590.0206
1558.9804
1498.0158
1488.4729
1506.3224
1389.0205
1635.6524
1625.7991
1680.7983
1639.9183
1578.0425
1317.5341
1687.4952
1541.6281
1662.7125
1652.8825
1493.2257
1460.9411
1522.8278
1449.9472
1650.8558
1825.1464
1493.062
1544.2819
1460.4078
1488.3997
1523.8578
1720.0553
1597.7095
1788.6292
1519.9573
1372.4424
1183.6962
1484.0076
1276.9933
1711.6677
1426.41
1690.3552
1465.1308
1553.7747
1058.0525
1527.3453
1440.22
1360.0783
1381.4442
1176.2603
1400.3354
1709.5466
1532.5897
1611.1364
1242.8203
1209.3169
1571.3426
1508.1656
1520.5192
1313.8915
1337.7167
1371.0231
1540.1745
1780.0537
1568.1309
1359.5604
1369.5013
1381.5516
1488.1799
1256.9724
1481.9971
1485.1609
1494.8487
1500.7284
1631.3283
1329.4821
1290.9688
1747.2584
1303.3715
1380.0389
1346.1679
1385.5374
1283.9211
1545.7635
1492.1856
1380.2023
1266.2943
1215.3221
1372.4454
1492.5503
1345.5342
1563.5771
1635.3962
1293.2438
1224.8074
1667.6582
1360.9935
1291.3541
1541.7109
1597.4645
1629.819
1461.147
1750.6268
1545.6454
1646.5021
1381.089
1488.9545
1364.5863
1295.307
1386.9474
1499.6484
1524.5242
1458.7816
1220.8968
1532.4876
1501.2635
1510.8884
1356.5092
1391.7957
1567.2041
1357.6787
1731.6546
1437.6636
1351.2666
1686.1009
1470.4258
1613.3289
1421.7161
1730.1619
1389.5013
1393.0492
1550.7435
1074.3789
1421.2745
1361.1331
1236.8096
1387.276
1109.0432
1175.9181
1301.4583
1491.1785
1330.2197
1448.953
1534.2779
1669.5787
1706.8439
1571.6955
1722.5147
1602.9432
1388.295
1377.3344
1342.5593
1517.4043
1487.7449
1267.7069
1654.6691
1285.8963
1522.6803
1357.0633
1401.1522
1507.291
1414.3921
1436.9969
1426.6777
1545.6123
1440.3781
1436.6186
1405.5477
1548.1073
1435.2874
1527.0709
1284.3814
1502.0522
1519.0929
1681.8508
1533.5501
1553.4964
1553.4331
1502.7543
1331.2728
1483.9696
1394.8983
1480.9232
1603.8527
1434.7554
1509.876
1456.683
1208.8104
1404.2613
1377.7801
1420.7476
1554.7538
1743.8363
1357.1301
1424.3329
1477.9475
1514.119
1377.3099
1483.4415
1408.1828
1305.62
1497.9446
1401.1298
1398.4317
1254.7997
1286.9882
1318.5606
1390.8972
1460.3708
1412.8718
1292.4245
1240.7663
1436.4994
1479.067
1560.7635
1430.2849
1266.6479
1229.1291
1412.9668
1406.8707
1513.9969
1618.1491
1378.7148
1276.8868
1502.8021
1461.5467
1439.6543
1390.0216
1423.556
1331.9997
1286.2614
1409.0362
1757.2152
2051.2032
1601.2876
1633.0895
1376.6613
1274.8021
1356.6549
1416.4457
1306.9365
1533.8886
1330.7058
1402.4957
1617.6251
1653.2182
1405.9019
1295.3801
1589.4662
1507.2873
1292.0097
1354.2277
1507.9463
1323.2474
1474.851
1657.8176
1280.5022
1469.5425
1430.1974
1398.2507
1654.3986
1488.1405
1385.8681
1261.3868
1550.6473
1506.1071
1415.4979
1597.2219
1545.3012
1199.9366
1461.3608
1506.9792
1355.4012
1591.8857
1276.9586
1473.903
1491.2404
1536.1757
1351.3906
1421.7851
1276.516
1276.613
1394.8928
1780.1619
1744.4462
1470.4443
1274.1251
1300.2457
1107.6968
1314.0701
1534.9647
1610.8114
1375.5781
1520.0486
1584.6224
1537.2745
1598.7875
1443.3385
1504.5374
1496.2754
1360.9486
1222.5728
1398.0046
1530.0116
1447.9688
1631.3039
1338.1399
1533.1043
1745.6313
1425.9899
1469.0512
1583.7129
1405.5514
1468.0649
1633.7232
1372.2441
1289.8898
1418.2175
1135.096
1286.4095
1462.6623
1684.2563
1467.4244
1491.3634
1353.9816
1432.6856
1341.5671
1551.9594
1453.0363
1707.3162
1509.149
1559.1808
1433.6915
1326.3988
1415.2922
1523.2176
1697.0568
1602.0985
1801.6563
1474.4344
1535.4649
1444.8794
1264.316
1368.3935
1361.9728
1572.5559
1489.7228
1678.5169
1355.4265
1654.3762
1398.6161
1562.875
1299.5449
1421.4401
1238.415
1648.846
1611.7354
1443.923
1420.9803
1401.1449
1461.4568
1210.995
1339.5633
1660.8561
1400.3124
1418.5706
1574.8532
1504.4471
1672.6295
1662.7179
1453.4934
1605.3759
1431.4468
1342.7438
1500.4719
1556.3639
1611.9969
1358.7708
1494.7167
1580.506
1539.7941
1624.6654
1488.7478
1516.4661
1699.4269
1582.8224
1289.5029
1353.6538
1630.5945
1643.7131
1719.5109
1306.4643
1368.3812
1510.8173
1500.9848
1471.4375
1569.0635
1300.5924
1320.7859
1373.1717
1622.9059
1332.4633
1409.9487
1323.779
1558.3293
1395.8628
1463.1593
1385.5215
1579.8857
1372.8362
1755.2647
1299.9314
1521.6202
1329.3299
1423.5353
1351.9766
1664.367
1634.6316
1457.7115
1355.4631
1469.4992
1633.0019
1238.9377
1540.9083
1363.538
1580.9768
1588.5068
1406.0504
1332.0801
1543.0668
1830.5366
1435.331
1479.8479
1450.6749
1397.612
1447.3067
1335.5537
1560.277
1434.6677
1632.0911
1471.6451
1275.7759
1384.921
1699.8702
1504.3201
1262.5207
1361.1278
1792.0894
1473.8391
1698.6276
1535.2425
1555.8364
1577.0762
1496.715
1490.793
1484.4947
1542.5464
1658.8414
1411.6847
1476.1114
1459.6764
1374.6192
1479.8344
1523.0313
1472.5441
1603.4899
1594.3939
1735.2559
1503.0264
1492.3445
1807.2584
1495.7425
1665.3233
1354.2291
1640.029
1432.3896
1389.1441
1405.9934
1611.4824
1260.3768
1462.9217
1551.3821
1576.1078
1592.0151
1758.8102
1532.7258
1486.6059
1480.0772
1334.8302
1286.439
1366.6468
1418.9217
1464.8187
1372.9189
1587.8532
1703.0607
1469.3217
1468.5865
1391.2227
1299.0203
1464.0998
1459.1517
1389.2221
1539.27
1455.3066
1250.8761
1311.5135
1417.086
1414.9291
1399.7871
1428.9201
1325.4816
1307.8264
1561.3167
1231.9691
1539.7189
1415.5167
1474.6851
1555.4786
1535.2242
1376.6222
1213.8378
1453.2861
1447.1998
1779.2697
1443.242
1310.3961
1590.1084
1761.1152
1587.274
1642.9219
1456.7922
1471.9839
1313.1036
1349.3083
1473.0347
1471.2278
1645.2047
1643.7683
1501.1538
1405.4907
1463.8722
1563.8773
1364.9786
1214.4888
1182.2161
1193.0537
1417.9819
1236.1454
1373.5642
1399.4369
1417.449
1242.7156
1148.1482
1469.6708
1169.5635
1347.4989
1392.6821
1304.7565
1283.7204
1394.2717
1536.9061
1463.103
1603.8497
1608.4329
1566.5391
1559.1439
1366.9454
1491.1155
1572.9361
1717.7373
1659.2682
1346.3605
1208.7973
1482.5101
1421.1861
1375.729
1657.5926
1251.7078
1553.8191
1595.7865
1427.2313
1479.8542
1314.7812
1521.15
1133.5939
1427.6407
1128.8527
1235.6709
1552.6355
1593.6928
1506.0536
1334.4451
1276.4908
1242.9284
1412.4091
1240.2861
1238.0237
1210.2276
1242.9363
1427.4243
1587.6899
1225.3849
1512.6025
1090.5116
1268.4999
1212.7195
1356.312
1419.0246
1610.4039
1380.448
946.42985
1303.6349
1483.6519
1384.3497
1096.1779
1345.1178
1171.6306
1205.2772
1705.4781
1431.2701
1301.7782
1569.1714
1593.949
1551.0059
1623.8702
1466.8528
1450.4978
1515.3212
1708.0407
1592.3714
1366.144
1119.1409
1650.027
1484.3696
1637.1621
1492.0472
1484.845
1801.118
1431.3778
1465.9094
1367.8978
1702.1171
1717.4592
1630.7116
1589.7426
1517.0274
1227.8873
1367.9623
1364.7662
1624.2077
1592.8623
1351.2691
1417.0305
1441.4035
1509.103
1366.2607
1572.0742
1506.9361
1479.0315
1476.7866
1390.4909
1378.5411
1337.3197
1143.5891
1480.8309
1573.0216
1608.3614
1533.3015
1496.469
1314.999
1441.4341
1802.3548
1645.3163
1350.2374
1307.659
1304.6627
1364.8918
1420.5834
1312.6244
1560.9899
1506.4666
1466.7692
1383.838
1484.9116
1513.2377
1641.2746
1528.5622
1457.9287
1692.7401
1348.5215
1333.6569
1174.5699
1523.3138
1316.9183
1550.2433
1251.6821
1387.7727
1492.2645
1614.1448
1481.8953
1600.1047
1586.2164
1545.5413
1472.7602
1509.4012
1560.0943
1578.4719
1792.2939
1396.8536
1534.252
1608.8955
1498.4863
1704.829
1376.1847
1599.1484
1303.7487
1345.7845
1635.5447
1638.7942
1562.8668
1424.9932
1340.3041
1315.6794
1436.1592
1211.7763
1309.1939
1461.6119
1598.3702
1586.1743
1421.5482
1411.831
1494.0285
1558.1261
1540.8461
1303.1788
1372.1459
1334.9841
1534.6388
1511.4144
1276.3012
1390.6688
1558.8682
1382.1778
1270.6962
1383.142
1527.4858
1490.919
1600.4205
1343.5551
1642.0937
1640.3062
1516.117
1538.9254
1568.5658
1696.4266
1334.0357
1214.7386
1494.7288
1531.1478
1514.3728
1092.9935
983.61356
1369.8767
1363.1652
1178.9049
1288.4833
1401.4918
1472.1446
1360.8609
1369.8121
1482.7353
1504.8276
1523.2965
1352.987
1376.6002
1306.2077
1336.2303
1370.8938
1431.7616
1521.2542
1435.9887
1413.5674
1389.3986
1474.6102
1365.345
1648.2727
1614.6311
1433.186
1449.1673
1435.4318
1214.9364
1165.8387
1285.2855
1615.6339
1492.0339
1601.1733
1485.6142
1486.087
1424.2481
1513.5657
1679.0142
1426.3124
1312.3755
1589.7542
1602.3895
1579.1052
1363.7035
1542.3992
1552.4516
1384.7046
1689.1491
1523.0664
1634.5468
1605.002
1588.413
1477.5155
1481.6611
1390.0747
1349.4896
1385.6607
1515.6367
1595.8654
1544.4996
1458.4835
1103.4436
1298.34
1361.9078
1307.2194
1464.221
1364.6388
1388.9785
1348.8102
1402.6568
1630.8242
1600.9398
1500.7804
1220.1441
1374.7255
1450.8249
1228.3581
1396.6434
1541.3414
1422.0695
1538.5589
1503.6131
1380.0059
1478.5888
1572.3212
1399.6065
1397.1634
1357.5625
1302.6186
1373.4092
1295.6841
1614.4157
1371.1069
1330.9748
1074.8622
1346.3269
1407.5807
1604.8715
1536.2352
1379.216
1414.0631
1511.0268
1398.0659
1338.5536
1689.5536
1475.0735
1563.3075
1491.5216
1613.7374
1576.1113
1391.5455
1692.201
1606.0869
1478.9617
1305.4823
1361.9656
1280.8034
1188.2917
1475.6407
1300.8815
1584.0435
1629.9315
1452.9792
1681.0989
1473.4784
1511.8599
1266.3131
1291.5697
1294.1269
1439.9956
1142.836
1536.5762
1372.9374
1633.6009
1834.6628
1470.6058
1473.2033
1432.5818
1411.7409
1225.777
1337.5241
1501.1844
1400.478
1269.9246
1376.0341
1305.6702
1382.2575
1447.8982
1372.2753
1421.0378
1362.0655
1602.8554
1408.7153
1293.645
1497.7353
1078.1119
1210.009
1216.3108
1282.5596
1506.33
1717.3662
1435.8229
1438.9487
1439.7435
1380.1877
1479.5077
1494.9172
1438.7354
1404.6698
1443.5301
1335.3475
1332.7493
1386.6797
1063.3239
1112.1036
1535.7351
1492.7011
1690.8461
1372.8708
1285.7099
1271.3981
1272.6552
1459.9219
1553.6464
1406.7319
1173.4709
1270.3685
1271.9779
1437.2402
1451.3948
1586.5761
1491.2892
1370.9187
1279.5913
1365.3093
1332.0363
1242.3079
1151.8589
1321.3539
1069.9849
1598.9219
1418.6414
1332.2103
1260.4992
1262.9823
1282.2118
1546.8401
1226.1341
1279.0174
1194.6072
1067.4947
1272.0746
1396.5208
1411.3199
1558.716
1401.6435
1474.5694
1315.2711
1383.5902
1458.0556
1417.797
1175.696
1370.3783
1239.9536
1225.4478
1086.3765
1481.5499
1257.8996
1384.8255
1158.7418
1256.8653
1098.8966
1404.3447
1527.8116
1420.058
1564.8023
1456.279
1280.4203
1396.316
1285.9197
1657.4142
1551.1055
1364.1239
1502.4103
1661.4516
1293.4109
1511.4339
1497.1945
1337.1059
1681.5364
1743.9534
1637.131
1522.6178
1297.1035
1138.3069
1343.2172
1427.9324
1251.5994
1471.3567
1371.5093
1468.4624
1167.9087
1461.5599
1424.325
1473.1385
1458.633
1583.0131
1297.8197
1473.1796
1393.0715
1358.8087
1358.4213
1148.542
1328.4215
1221.2018
1501.9116
1514.3599
1691.583
1532.1267
1437.4736
1524.4835
1204.1055
1655.8304
1276.1598
1386.6453
1284.866
1411.3242
1445.9604
1556.3903
1573.8699
1643.4058
1506.9432
1381.2862
1421.671
1309.8172
1555.6307
1577.0846
1345.0999
1453.3677
1261.6783
1458.7403
1474.3932
1367.7209
1437.8229
1379.8102
1297.8164
1399.6459
1456.4654
1450.7373
1617.2579
1508.6378
1600.5347
1585.7731
1214.3715
1245.1762
1134.7867
1550.8653
1332.6701
1559.2283
1389.5474
1263.0969
1345.4131
1535.1758
1309.8166
1444.2249
1444.4297
1218.0629
1215.328
1350.976
1164.6347
1301.6041
1310.6965
1228.3249
1333.306
1584.6764
1779.7218
1424.1032
1529.7716
1357.1337
1411.6098
1264.4657
1398.8848
1213.8758
1492.3509
1248.4669
1204.1685
1292.7426
1455.875
1378.9253
1386.7324
1358.9764
1441.0452
1353.5673
1448.9862
1179.9312
1491.2501
1559.5484
1609.2423
1456.3946
1458.418
1219.3645
1209.8011
1537.3822
1680.4606
1573.8371
1525.667
1376.5016
1480.8908
1307.5973
1353.9736
1689.6569
1519.3794
1446.6481
1403.7015
1190.0067
1461.8037
1286.9337
1367.0501
1414.8154
1508.6228
1574.4434
1369.3536
1285.4406
1344.6054
1562.8305
1365.1259
1718.1479
1538.4442
1400.3187
1180.5555
1329.6486
1297.9261
1184.2173
1378.0274
1495.8429
1517.0655
1663.5449
1479.9412
1434.1765
1279.6546
1281.6932
1275.4883
1374.7785
1447.6923
1351.53
1229.6131
1094.5447
1472.0968
1301.2491
1105.2232
1458.9486
1082.6587
1444.229
1217.0571
1234.0337
1108.702
1434.5794
1481.9767
1516.6673
1034.1343
1176.5762
1359.0401
1223.9375
1382.1119
1279.9718
1440.9916
1525.323
1430.6372
1576.1661
1427.2982
1339.7956
1292.8608
1506.601
1369.3579
1499.4588
1354.5327
1408.0154
1488.9486
1346.6963
1248.6842
1449.1233
1533.3931
1657.2768
1357.6379
1590.7042
1481.1945
1501.7793
1390.0178
1362.4366
1473.1308
1203.9667
1320.1139
1552.5233
1412.0362
1245.4983
1438.9711
1258.7978
1273.0843
1060.995
1409.7596
1467.1497
1389.2238
1321.6286
1339.6537
1440.6658
1379.0981
1508.7306
1508.9738
1368.2266
1160.1403
1381.6076
1336.6835
1455.086
1394.9937
1672.4822
1676.8081
1575.983
1465.9227
1529.3522
1453.5648
1569.3763
1547.5151
1484.3966
1587.3204
1473.9153
1531.867
1647.1604
1187.7942
1236.8747
1470.6879
1316.8096
1439.4557
1429.9822
1293.1419
1225.4058
1336.2043
1468.8212
1485.8439
1567.2258
1579.2931
1310.4558
1419.0747
1395.8176
1207.501
1409.2663
1406.3068
1483.7334
1734.1275
1478.1341
1268.9651
1512.4709
1152.8839
1333.6024
1224.977
1324.6999
1526.5872
1661.724
1607.3509
1304.0594
1318.1038
1407.5046
1106.1244
1530.1997
1608.0933
1257.21
1373.0061
1176.4948
1312.1295
1314.2075
1315.1754
1467.503
1747.5443
1627.4799
1348.5949
1465.067
1320.352
1371.6324
1445.6164
1512.5582
1321.9076
1441.9091
1490.3565
1534.263
1561.9877
1414.1274
1633.1032
1369.5944
1569.2009
1384.7565
1436.2303
1322.9656
1374.9494
1572.4932
1588.5917
1406.5361
1359.5387
1595.1808
1533.023
1454.9884
1396.3793
1321.1737
1308.7102
1537.0345
1263.1622
1512.3355
1479.3933
1369.3812
1291.725
1337.0352
1594.4565
1752.2992
1299.7685
1238.3541
1310.3164
1325.7964
1395.3986
1603.5561
1520.599
1699.4475
1576.1023
1308.7283
1360.0615
1474.5511
1466.3578
1641.562
1737.4108
1503.951
1634.963
1036.961
1209.9886
1487.3646
1528.0131
1460.8674
1381.9306
1254.7559
1244.4543
1442.9439
1637.7265
1371.7714
1087.981
1135.71
1316.8718
1322.5055
1762.5573
1431.462
1356.7005
1419.5756
1351.1709
1257.4185
1322.9073
1463.9649
1408.0458
1330.9168
1422.7468
1374.2343
1517.8785
1751.4509
1428.4782
1634.1911
1200.0687
1326.8919
1397.5934
1507.2472
1206.7354
1223.5577
1408.4935
1415.2073
1459.0283
1414.8337
1440.4751
1426.4242
1048.9148
1538.468
1473.1607
1487.3867
1618.4968
1347.317
1470.2754
1332.3958
1511.5159
1160.3969
1387.7596
1484.3137
1570.3121
1376.8975
1592.1498
1425.332
1286.6322
1575.158
1473.5064
1363.744
1505.8896
1389.6306
1350.5448
1550.5896
1548.434
1441.3813
1355.7724
1364.0594
1375.2184
1123.1681
1404.5113
1483.4949
1460.8356
1333.9333
1663.7736
1402.5291
1419.7123
1188.7272
1417.38
1469.9987
1521.0531
1559.9142
1634.8052
1300.2686
1459.171
1330.5384
1441.0489
1780.7439
1620.9092
1708.3246
1570.6996
1412.787
1364.132
1446.7825
1790.2573
1431.6195
1518.5636
1642.373
1565.5239
1489.37
1226.6892
1570.9269
1666.6059
1511.9573
1519.0879
1705.598
1420.0531
1239.3919
1514.006
1631.8157
1616.6692
1532.9434
1690.7601
1641.9204
1604.5736
1649.6465
1450.0983
1367.0996
1491.1981
1311.4202
1711.5974
1581.2861
1782.8928
1525.594
1430.8173
1698.8934
1558.1501
1416.9808
1471.9523
1494.8401
1611.8487
1343.4613
1320.0923
1448.0976
1491.8094
1521.1908
1698.9726
1769.1402
1830.8988
1351.1223
1355.484
1566.5338
1739.507
1536.0113
1357.2224
1465.5237
1371.4156
1355.1629
1352.4159
1716.5772
1571.843
1223.7572
1413.1962
1534.4298
1392.2316
1477.7611
1727.1757
1566.8909
1335.7543
1529.6355
1380.9369
1480.7519
1246.9842
1577.9898
1543.1063
1267.978
1421.682
1214.525
1350.9658
1236.5942
1444.1093
1456.967
1671.6374
1328.7266
1324.7681
1311.1036
1308.4461
1388.6895
1345.943
1754.0339
1319.8673
1530.6368
1336.9913
1320.9313
1146.9543
1267.1497
1286.4158
1306.8936
1435.829
1396.9696
1636.5164
1447.3715
1430.7838
1446.5929
1526.6622
1504.8897
1338.8713
1291.1968
1416.621
1311.5182
1566.9568
1450.0108
1470.5827
1441.7162
1395.0073
1389.4364
1577.0829
1654.3277
1379.4065
1517.6135
1506.954
1520.8009
1336.0882
1556.1963
1516.2567
1485.8908
1560.4618
1517.1913
1466.8437
1117.6613
1262.0396
1543.5343
1405.4647
1531.2164
1574.7939
1446.4569
1449.3735
1320.0648
1606.9113
1489.6775
1500.4201
1374.5614
1502.5673
1611.5119
1605.8063
1594.6575
1615.8134
1594.1154
1290.8427
1274.1183
1378.7443
1420.9127
1401.4645
1402.4897
1463.078
1703.3154
1619.2128
1256.386
1201.0947
1284.6838
1443.3493
1507.4685
1666.7415
1567.6008
1542.4173
1491.3966
1483.7135
1570.633
1487.2872
1254.6186
1237.385
1557.1403
1455.035
1508.6151
1554.1052
1279.0299
1402.9093
1451.6525
1185.9939
1342.9274
1360.4225
1393.1093
1181.6441
1524.5481
1528.3399
1490.2024
1468.2407
1609.5733
1350.3693
1291.9018
1487.6657
1335.3534
1635.807
1327.5424
1275.9706
1237.7306
1429.4198
1458.4553
1535.3286
1597.9364
1504.5288
1609.021
1777.5395
1378.9499
1247.3969
1472.4167
1313.7415
1652.634
1476.6651
1241.6316
1643.3956
1349.6184
1516.8687
1433.8156
1675.1996
1683.4376
1516.2695
1697.1903
1590.1924
1339.7072
1540.4745
1488.5141
1614.5281
1439.7082
1489.3288
1620.0531
1683.7587
1325.5173
1688.9277
1368.2148
1657.1716
1493.5835
1640.1125
1562.8497
1599.3839
1500.7655
1454.1452
1312.4365
1346.6344
1438.6054
1300.444
1484.4883
1233.8302
1447.6658
1588.1464
1331.501
1363.7735
1308.8933
1595.6801
1231.8415
1536.6621
1722.2017
1445.7583
1347.9919
1375.1516
1425.7976
1415.7218
1572.0319
1405.6576
1602.6924
1330.5533
1561.4605
1349.956
1465.0495
1380.0325
1306.68
1229.5385
1528.9702
1554.7154
1796.8138
1404.4112
1581.4546
1547.0643
1391.2142
1184.7778
1075.2065
1448.1049
1141.2323
1367.4362
1560.2195
1423.3475
1287.4349
1015.6359
1346.1559
1309.6961
1641.0655
1676.0088
1527.2132
1332.1008
1495.0865
1268.5047
1458.8639
1540.223
1505.2434
1602.7106
1357.6854
1372.2417
1146.3888
1472.2979
1273.6412
1274.4019
1439.5837
1334.1761
1445.7338
1357.3351
1468.7653
1655.8755
1208.7295
1323.5279
1140.559
1267.1244
1447.9563
1358.9624
1375.0582
1307.5486
1380.526
1431.1668
1210.6517
1372.1676
1312.7868
1308.7472
1401.6102
1398.582
1343.6723
1318.1841
1499.115
1656.5313
1417.7048
1402.1886
1412.5274
1366.3868
1481.5737
1489.7856
1330.4381
1231.5829
1448.2815
1479.5274
1356.0722
1407.1123
1546.8762
1415.7324
1531.7183
1724.1553
1607.6867
1108.0254
1534.7463
1576.1018
1453.5717
1365.2131
1498.7269
1409.3639
1516.4595
1318.4536
1611.4968
1406.4382
1377.4071
1162.3132
1455.2704
1412.07
1552.0106
1324.3273
1471.2353
1428.6487
1245.1032
1489.9318
1510.3869
1451.5316
1441.0631
1663.5078
1550.6399
1533.2244
1354.9606
1504.1044
1585.6523
1466.8818
1388.2883
1284.1856
1540.0394
1605.9226
1768.5566
1546.4086
1523.0898
1498.6331
1148.4233
1482.9486
1516.7877
1674.2883
1808.253
1271.7729
1500.5773
1634.0869
1661.8088
1254.3784
1236.193
1785.4325
1324.0608
1302.5569
1527.7151
1475.4258
1428.5149
1413.6439
1191.9631
1160.4852
1487.9628
1258.4778
1262.3187
1184.3224
1549.3382
1384.7856
1517.537
1314.8389
1289.1191
1278.7406
1643.2161
1471.8749
1401.2471
1211.3111
1158.7335
1311.5103
1463.6238
1429.211
1351.6646
1375.6943
1021.3853
1265.6248
1341.4375
1059.3328
1117.8952
1531.1686
1432.6466
1324.4728
1537.0031
1450.2422
1424.6384
1046.08
1527.401
1134.4167
1247.5328
1501.2397
1350.9889
1448.1342
1437.0779
1205.6718
1522.3635
1252.8238
1607.4634
1333.7984
1468.913
1471.7722
1679.1585
1519.9505
1286.2043
1544.6428
1522.7296
1160.8692
1464.8928
1373.3841
1298.6777
1112.6167
1247.8029
1202.256
1069.156
1359.3595
1350.3185
1321.9747
1398.75
1201.1056
1140.1961
1230.738
1187.3048
1302.0466
1274.8883
1108.2607
1204.8297
1313.3406
1128.1645
1367.9807
1388.5094
1146.0617
1490.4696
1703.2629
1513.5428
1849.9498
1390.5717
1227.0536
1560.9687
1601.9982
1513.4984
1539.1963
1413.859
1534.4825
1305.5601
1274.6971
1481.967
1413.3926
1293.9124
1596.9143
1315.1435
1301.1454
1297.3666
1401.4382
1522.8719
1505.1359
1430.5796
1446.6531
1345.1095
1533.9537
1117.094
1447.3468
1432.8637
1187.7962
1399.812
1509.3597
1409.8304
1443.2002
1457.4292
1649.3275
1268.8548
1550.177
1650.2795
1416.6164
1656.221
1570.1942
1411.2463
1630.4378
1561.8897
1373.3042
1837.6258
1562.3939
1629.4845
1401.0112
1599.7389
1493.6281
1591.0786
1621.1693
1469.7789
1509.98
1436.1635
1419.9531
1260.2441
1507.7205
1599.6827
1202.3225
1394.4134
1470.4655
1064.3202
1205.9656
1406.2571
1303.8748
1295.3782
1356.7975
1206.6189
1405.7571
1418.3712
1287.1193
1219.255
1213.7815
1577.5831
1426.3817
1178.0824
1229.6474
1367.4929
1383.6005
1489.7088
1384.4698
1254.9432
1376.1651
1410.669
1456.7536
1359.1553
1343.1863
1256.1321
1412.6551
1347.6119
1461.2669
1454.4913
1409.8316
1528.2453
1549.7724
1619.2668
1361.8127
1494.862
1250.1327
1206.6311
1298.4593
1582.0172
1568.8866
1514.4242
1474.99
1440.4399
1414.392
1186.8962
1198.0407
1328.0269
1651.4699
1465.2845
1431.5501
1377.341
1571.2776
1465.0973
1380.2754
1759.7054
1715.0986
1422.6356
1367.6399
1357.5809
1513.8205
1365.2046
1541.5306
1639.616
1565.0859
1336.8449
1288.8887
1184.8676
1188.9381
1258.0929
1522.8676
1439.7961
1409.4683
1444.0609
1223.1822
1469.0623
1512.2853
1319.5911
1410.5597
1260.1505
1173.1261
1328.1303
1313.9947
1524.4746
1380.7526
1317.0235
1464.4348
1307.601
1739.3679
1553.2978
1240.2657
1260.3006
1285.3814
1182.2861
1340.7411
1564.2187
1500.675
1370.0718
1208.69
1456.8541
1400.615
1373.0956
1245.9574
1317.7516
1484.6717
1455.8086
1443.2697
1337.1197
1656.2941
1578.2723
1710.762
1484.9618
1507.1474
1484.6411
1390.4798
1397.7457
1308.0694
1171.6892
1245.3164
1268.3213
1606.8258
1587.4725
1294.6092
1556.8401
1590.5472
1410.4792
1483.9024
1694.9756
1284.2867
1585.9271
1198.7917
1133.0794
1204.8616
1563.8084
1432.6622
1400.2364
1499.7268
1589.7804
1640.573
1306.3328
1305.5623
1425.114
1407.7291
1491.9711
1325.9795
1468.9871
1446.1496
1319.137
1416.2611
1437.1043
1391.807
1245.7529
1473.9055
1353.4571
1502.8941
1236.527
1420.5681
1382.722
1333.8248
1373.8178
1339.4692
1450.7243
1643.8062
1626.2989
1471.8162
1347.1535
1345.2573
1576.1633
1484.1551
1361.7441
1292.4597
1146.4612
1432.7046
1598.0365
1500.6284
1439.5787
1447.6028
1234.1447
1266.3296
1470.1274
1497.616
1327.1685
1459.0193
1483.3408
1647.0468
1262.0518
1365.3438
1455.712
1429.7051
1455.1595
1515.9169
1433.9477
1499.2154
1371.6342
1548.7106
1533.8713
1442.8411
1507.4503
1348.5511
1420.6818
1478.1478
1728.7938
1726.4215
1693.0395
1395.5672
1507.7832
1435.2258
1640.1203
1461.6114
1231.5692
1602.8215
1410.0061
1563.8012
1382.7827
1355.1901
1075.6309
1301.429
1653.0611
1544.1924
1535.012
1661.4073
1157.6311
1715.4439
1148.2091
1348.014
1503.1729
1318.0715
1319.9602
1302.5652
1465.425
1436.2586
1120.2251
1821.7667
1513.2894
1255.5067
1308.8463
1419.4965
1353.3626
1587.6424
1422.1454
1784.5182
1477.3729
1515.9113
1488.7357
1174.5307
1331.3755
1396.6434
1303.5895
1323.5636
1274.8472
1167.8705
1316.743
1456.5277
1459.4234
1197.7353
1413.3284
1356.1646
1683.0948
1527.0346
1442.3765
1440.3869
1402.1058
1337.2614
1357.7751
1490.364
1456.8642
1631.7377
1648.9748
1548.9917
1302.3475
1402.1481
1343.9952
1415.3437
1601.7972
1564.4016
1445.5602
1255.902
1304.4471
1319.9257
1435.9081
1493.6315
1493.9675
1436.1539
1447.8301
1449.0966
1161.1168
1284.9096
1466.9084
1497.4378
1400.811
1206.7583
1352.4606
1284.435
1364.3017
1279.2476
1598.7805
1430.8713
1333.8929
1544.5578
1377.5887
1310.1568
1472.4217
1526.4547
1303.9676
1414.012
1394.4965
1409.6895
1548.5325
1380.0525
1345.974
1534.7735
1551.2157
1336.4388
1450.909
1448.6928
1640.1024
1630.7861
1576.4669
1439.2737
1435.7321
1547.9665
1428.4132
1539.1973
1727.4163
1362.7235
1265.9164
1437.0806
1269.1687
1602.479
1336.173
1498.8777
1470.0065
1516.2584
1550.2126
1202.5361
1190.8545
1537.2932
1489.1428
1487.0794
1369.7389
1563.3563
1397.2071
1503.8968
1448.9048
1583.3838
1594.6506
1665.0406
1523.755
1179.1762
1459.4763
1717.7429
1470.4941
1467.2614
1528.6849
1317.56
1586.4913
1348.686
1438.6316
1463.351
1522.854
1542.1848
1702.8872
1536.9958
1496.9344
1280.498
1557.0773
1476.0014
1340.6428
1528.8183
1585.684
1366.0368
1330.6154
1519.9512
1341.6708
1426.591
1484.1862
1344.147
1405.7924
1461.93
1593.2334
1609.1434
1216.7353
1475.1389
1489.3236
1198.8331
1489.2807
1606.9741
1352.794
1582.5402
1219.504
1374.4271
1532.6076
1602.8328
1480.7087
1362.4999
1351.7776
1424.5878
1442.2381
1556.0984
1434.2597
1264.7014
1575.7122
1614.7409
1599.5103
1574.434
1477.9137
1264.917
1341.0578
1468.2948
1692.444
1513.5605
1520.4833
1331.4391
1324.9494
1239.1926
1312.1499
1447.1505
1291.2522
1441.1876
1514.2893
1413.9742
1790.7138
1479.5574
1398.161
1649.0227
1237.7415
1478.0964
1480.9722
1553.3226
1375.7057
1433.1128
1038.7838
1366.6224
1533.5292
1272.9753
1451.9957
1441.0285
1401.2437
1445.9223
1398.7934
1312.975
1576.7761
1472.8428
1284.0499
1486.4747
1322.6902
1319.0466
1254.1314
1252.3653
1287.172
1250.6875
1434.2111
1328.6718
1520.4159
1415.4119
1247.4736
1340.2914
1449.0115
1501.6505
1538.9629
1393.156
1487.4776
1257.1724
1522.714
1268.0666
1239.1019
1319.6072
1344.2661
1468.3644
1134.7763
1069.3146
1189.8654
1281.187
1527.0309
1412.0862
1539.6283
1443.2199
1204.9732
1417.866
1361.2624
1511.6439
1217.4286
1171.7717
1626.2169
1420.5889
1586.148
1415.8527
1711.9906
1437.3961
1258.7691
1168.0472
1184.2512
1350.3715
1376.3308
1634.9201
1350.6667
1515.9499
1606.7275
1391.2759
1289.0412
1373.4478
1577.7492
1666.8517
1601.7721
1323.1486
1464.4058
1429.2281
1548.4782
1418.7877
1620.9439
1351.7457
1539.5104
1291.0799
1661.7824
1421.5719
1612.6023
1504.969
1458.3429
1576.8704
1364.9976
1291.7567
1444.2184
1410.7571
1591.544
1545.8581
1741.5164
1431.8646
1161.1613
1579.2091
1321.0598
1357.9418
1354.9289
1176.8067
1428.6005
1512.264
1602.0519
1371.2534
1580.8047
1458.2976
1315.2778
1419.13
1687.9291
1576.7497
1521.2603
1366.4215
1370.189
1374.5625
1434.7917
1308.0454
1430.0585
1797.1963
1441.8523
1493.5131
1517.1607
1571.8749
1355.4217
1688.8135
1550.2379
1622.4752
1474.8792
1410.597
1576.94
1555.4975
1562.2973
1286.5217
1344.4857
1213.9988
1368.914
1399.1013
1256.5
1477.4803
1340.9945
1263.804
1239.5901
1346.2633
1344.8209
1374.9492
1275.9613
1511.4388
1526.4245
1420.1789
1397.2918
1379.7767
1416.1789
1751.6443
1746.7933
1746.2624
1777.7322
1530.1843
1662.1231
1440.3331
1146.3101
1248.2681
1347.6395
1297.4339
1181.8082
1352.1825
1344.8606
1554.5757
1308.3525
1233.7744
1127.2305
1135.8314
1437.0413
1469.5481
1656.1106
1738.3111
1453.0596
1484.3574
1464.6993
1411.2999
1469.2925
1563.4214
1508.694
1155.1067
1261.45
1337.0958
1036.7097
1311.7523
1269.4163
1619.7236
1538.3066
1318.7748
1331.3869
1374.5412
1443.943
1533.4567
1577.0607
1327.1384
1553.27
1245.1057
1245.765
1621.0543
1398.6738
1413.2893
1413.2445
1586.3221
1489.3074
1338.2107
1336.4999
1420.2652
1376.7021
1238.4297
1174.4529
1465.2758
1326.4403
1533.8284
1512.0125
1572.2502
1343.4165
1264.6874
1433.9093
1642.1888
1333.7311
1440.0545
1394.4464
1506.3781
1294.3607
1360.8384
1494.3725
1598.425
1370.5507
1237.2231
1397.122
1574.6819
1525.7528
1596.6704
1471.1011
1513.3583
1404.9427
1563.3803
1610.6907
1600.7647
1536.6953
1407.7048
1481.4989
1344.1956
1524.8958
1643.8106
1405.692
1313.5386
1271.8237
1236.677
1408.7655
1487.5872
1682.371
1342.6029
1419.9682
1259.7271
1493.0473
1343.8833
1361.5611
1408.9044
1541.0022
1390.6863
1487.2607
1345.6717
1281.4077
1415.235
1381.69
1567.5929
1503.878
1242.4863
1345.068
1349.8751
1472.1532
1274.8313
1276.3067
1180.4911
1093.9204
1333.329
1444.614
1726.9075
1419.1753
1512.5009
1306.8757
1232.3993
1440.3227
1410.5906
1427.5752
1510.3319
1538.472
1492.7495
1493.7944
1376.1881
1589.2242
1404.862
1586.3168
1459.9078
1548.6272
1439.4437
1696.0597
1525.889
1439.8079
1586.9168
1528.4581
1314.6043
1810.2986
1263.2478
1372.7521
1410.7195
1630.826
1439.4166
1550.0437
1573.5987
1295.8747
1564.1226
1283.4312
1522.8433
1622.2644
1486.3667
1550.3939
1571.1084
1506.0176
1310.7011
1434.7331
1398.3193
1442.1595
1420.8888
1513.8459
1500.3674
1687.4171
1327.1816
1405.9448
1245.9192
1389.2838
1396.4045
1556.9237
1483.5112
1231.8919
1276.786
1098.2459
1235.3742
1303.398
1367.2637
1205.2732
1351.167
1277.1445
1399.7995
1735.8275
1391.8888
1401.891
1450.3141
1417.151
1343.3452
1518.8683
1504.0954
1545.3184
1626.5065
1569.8539
1547.169
1290.8871
1494.7467
1487.8429
1738.5327
1544.1742
1470.2951
1143.3037
1308.6438
1496.5355
1554.9715
1254.8637
1214.3652
1301.0539
1270.547
1379.7412
1376.3971
1506.1044
1554.9265
1354.7335
1307.9164
1330.9238
1513.8845
1299.8842
1289.2321
1357.0805
1627.1611
1423.1109
1321.7481
1135.5861
1140.4643
1251.5291
1383.0273
1135.0772
1553.5857
1451.3632
1414.2169
1263.4079
1383.1897
1404.1793
1524.7001
1436.8394
1504.6891
1434.6722
1451.4707
1231.2307
1263.8235
1207.3847
1221.467
1516.1789
1458.2783
1301.4319
1237.8528
1352.8575
1317.3104
1566.794
1542.4258
1738.2355
1680.4388
1588.5664
1599.6762
1273.656
1435.3724
1448.9147
1320.5374
1226.4903
1574.3511
1759.98
1562.4861
1490.3941
1512.9642
1316.3344
1582.9731
1272.4027
1338.0985
1337.1
1650.3005
1634.4164
1703.431
1298.2962
1158.6406
1143.647
1125.155
1489.0871
1448.4688
1430.8783
1781.0331
1229.1874
1390.2683
1498.8404
1190.2407
1435.4802
1527.0422
1491.6755
1319.0313
1560.3135
1359.6282
1324.155
1476.8047
1503.3462
1622.8731
1186.7235
1374.3753
1237.4543
1344.9245
1397.1539
1577.3036
1691.0688
1447.2765
1523.712
1582.4896
1304.3025
1537.98
1174.2136
1506.0412
1636.1849
1486.341
1521.6086
1218.1521
1275.8167
1435.8246
1664.2023
1487.3544
1426.7201
1285.2003
1436.5659
1556.7116
1388.6813
1344.315
1224.5121
1462.4984
1468.767
1552.1266
1397.5454
1473.2742
1310.2049
1456.7
1553.4761
1337.5409
1601.6296
1451.7883
1613.343
1483.1115
1721.192
1496.5543
1582.8902
1346.4078
1288.6709
1427.7384
1499.9426
1570.7184
1663.3804
1314.4022
1417.3017
1338.0697
1510.3092
1467.2351
1503.6135
1414.2512
1552.0084
1391.0734
1361.3079
1399.0602
1517.238
1549.1188
1719.5375
1498.781
1532.8218
1400.6783
1514.3869
1389.2989
1671.6144
1298.7791
1450.6699
1180.0789
1756.1204
1544.0427
1548.0859
1577.5707
1315.4654
1460.678
1550.3177
1469.6718
1706.2238
1431.1274
1304.4894
997.18858
1414.5881
1503.0094
1296.3582
1356.4136
1451.326
1402.4442
1791.0702
1273.2261
1278.1799
1165.7219
1517.0236
1646.7134
1654.1705
1719.8242
1523.9358
1551.6578
1348.254
1547.0985
1616.1678
1476.7082
1449.5511
1205.1101
1519.781
1379.9823
1168.2913
1353.7433
1257.3465
1214.7689
1508.2768
1452.1072
1328.4207
1525.6772
1389.2142
1291.0873
1196.2895
1412.2147
1598.0971
1123.0697
1491.599
1703.2635
1229.9078
1345.2322
1301.9328
1301.1984
1448.7501
1402.791
1389.9758
1277.1102
1565.8357
1474.6875
1330.567
1475.5724
1481.6651
1169.7788
1561.1961
1301.6157
1341.6678
1407.5484
1408.4038
1423.5826
1569.9632
1352.0017
1274.7541
1497.2311
1589.5592
1439.0819
1539.3611
1517.4223
1361.5824
1350.8634
1547.5789
1386.4719
1412.0207
1474.3209
1600.6211
1395.9938
1378.941
1431.6878
1618.8654
1447.745
1538.7802
1348.6682
1329.4273
1436.0128
1610.6813
1503.8403
1617.1145
1604.3476
1617.1358
1664.7648
1533.5148
1698.1439
1425.5945
1582.1331
1495.0058
1458.1732
1447.0573
1283.4403
1211.5306
1324.3189
1280.0837
1508.2725
1527.0383
1352.4127
1593.8415
1645.8366
1525.0969
1518.7298
1634.0531
1349.2689
1463.9024
1888.1787
1752.9759
1596.2313
1582.1517
1318.4118
1330.2012
1211.9315
1574.4855
1593.8264
1675.6955
1596.6813
1468.9118
1200.0053
1410.5228
1448.6499
1465.6742
1739.6572
1504.0881
1463.0734
1640.0424
1735.2182
1401.2626
1616.6485
1479.1776
1511.7182
1529.1138
1498.6635
1472.3499
1483.1104
1386.5885
1448.8436
1637.762
1570.2972
1577.9027
1737.5411
1562.3068
1525.9642
1605.2514
1479.4201
1616.7492
1564.3185
1321.4421
1603.0973
1426.1781
1541.859
1494.0585
1342.0008
1462.9318
1438.1762
1484.2701
1474.1404
1383.1129
1689.7848
1228.7002
1488.0622
1460.567
1432.0479
1324.5383
1264.4594
1218.8928
1272.6949
1248.1393
1384.7615
1288.9764
1312.3807
1284.3257
1432.7141
1405.9656
1481.0348
1538.9779
1526.1654
1644.1126
1154.5008
1304.9448
1401.072
1435.1278
1360.0193
1340.3134
1531.2533
1711.4428
1434.3532
1223.0861
1531.3491
1464.0845
1591.4539
1338.0292
1521.438
1496.8338
1547.0519
1365.9178
1684.4579
1527.2777
1562.1763
1322.3623
1419.3281
1591.1493
1525.9769
1356.3916
1490.2513
1674.9006
1601.0603
1446.106
1153.4755
1501.5535
1558.9063
1541.6405
1319.4994
1353.484
1493.2716
1613.9877
1280.2208
1465.2445
1557.7686
1453.4286
1395.0519
1309.8621
1383.1612
1427.1148
1610.1078
1321.6752
1594.9001
1518.3345
1562.5996
1321.6695
1566.8145
1522.5772
1617.147
1243.6161
1351.2651
1471.9616
1698.2974
1650.4013
1459.6299
1472.4414
1549.1714
1478.5921
1372.5847
1781.6158
1469.7133
1511.5922
1422.5956
1481.5602
1478.3137
1466.7622
1514.4519
1616.892
1485.5418
1398.6642
1505.7148
1557.2085
1772.6759
1586.4839
1599.2269
1571.5417
1529.8314
1458.427
1391.2137
1609.4471
1324.73
1490.9508
1510.7728
1624.4735
1380.841
1315.1351
1493.4237
1644.7382
1769.6713
1715.3978
1462.4134
1646.7404
1330.5189
1522.917
1549.7682
1437.7115
1672.6738
1462.7729
1373.1828
1362.1755
1481.8127
1653.3775
1636.8431
1484.9531
1534.2132
1383.6059
1310.0723
1295.2938
1425.7891
1598.4199
1799.4705
1507.5223
1620.9571
1490.4857
1595.7507
1368.9641
1525.9344
1778.7984
1598.0962
1642.1293
1690.3533
1779.8045
1571.0397
1332.1902
1395.2924
1286.2977
1565.2776
1773.6332
1532.7821
1443.9757
1391.2725
1402.9213
1638.3966
1506.6008
1509.1175
1496.0517
1559.8999
1511.4757
1444.855
1533.0483
1285.4457
1354.7969
1759.2583
1502.4124
1617.1927
1311.5435
1306.1821
1326.8894
1490.5182
1475.9798
1744.834
1707.6389
1536.6594
1612.8733
1363.2833
1609.8567
1532.0254
1289.4962
1397.8125
1507.9714
1455.4728
1653.3555
1417.7697
1366.5383
1223.3182
1531.5127
1476.0378
1313.3527
1259.8372
1416.8507
1484.4778
1497.1347
1382.2406
1457.3135
1663.7589
1230.8662
1410.0644
1655.1648
1542.3662
1559.8967
1440.7681
1513.7434
1416.3459
1478.3819
1285.5382
1374.9703
1259.8062
1243.7045
1161.2588
1552.5897
1547.7107
1530.5785
1512.699
1465.3796
1546.9306
1581.7652
1552.6618
1274.6601
1177.9225
1198.339
1549.3751
1333.3133
1426.4354
1350.8682
1504.1584
1424.5459
1393.5194
1332.0306
1445.2944
1410.0244
1308.3101
1707.6707
1428.9956
1512.6509
1390.4516
1322.7457
1289.0721
1458.359
1425.307
1308.6274
1414.2495
1470.6132
1625.023
1566.6339
1677.1864
1489.0827
1517.9233
1539.6106
1449.6557
1411.7262
1280.8185
1087.0029
1510.7302
1506.2453
1697.8496
1326.6405
1443.7389
1364.47
1602.4556
1568.2367
1642.1591
1616.3427
1581.048
1416.6579
1349.2369
1512.3491
1464.0522
1565.3012
1482.6878
1440.9005
1092.8219
1510.8711
1623.7227
1311.5338
1425.1097
1390.4081
1398.5193
1477.6649
1204.4267
1477.6717
1496.0276
1414.6375
1305.044
1314.3764
1415.3926
1443.491
1298.7902
1509.4502
1446.2979
1187.3195
1387.4232
1105.0252
1443.1017
1466.2201
1700.8226
1400.9686
1449.9131
1420.1819
1481.6438
1484.9344
1624.1353
1276.7454
1553.1722
1175.6381
1134.3634
1634.9444
1600.7807
1636.8353
1325.3285
1291.6915
1284.7992
1246.9646
1415.2504
1489.8424
1457.1939
1507.2107
1136.4012
1465.8082
1210.9866
1230.465
1586.1598
1447.6488
1381.1676
1590.0157
1411.0548
1255.8688
1395.1689
1438.1509
1284.3834
1364.37
1423.8262
1538.0541
1308.1175
1408.893
1693.3792
1653.0076
1577.6308
1806.1146
1346.4315
1379.915
1423.5354
1408.3786
1394.7086
1575.8796
1480.9849
1532.4074
1513.3246
1567.5064
1396.4455
1441.6962
1708.3519
1508.5237
1536.0684
1391.634
1316.8421
1383.6121
1364.9488
1379.7069
1632.2379
1527.3879
1704.6072
1568.6923
1612.9419
1493.1371
1552.3082
1025.1455
1451.2969
1335.5891
1479.0495
1300.3488
1393.632
1305.2328
1608.9384
1338.8951
1270.3873
1543.0965
1344.628
1657.9766
1474.9565
1460.3031
1621.8694
1274.0854
1500.5271
1522.5881
1443.5305
1686.4174
1531.5975
1609.3968
1677.7534
1690.0513
1503.1127
1028.7684
1470.6229
1294.4094
1247.3162
1334.5049
1366.6412
1513.8629
1397.2089
1295.2865
1335.3624
1290.9945
1266.1205
1380.0469
1480.413
1426.7252
1326.8296
1340.2929
1498.8969
1513.9758
1401.857
1597.0605
1605.2037
1346.6304
985.56843
1183.4506
1380.6402
1639.4143
1528.9842
1523.3297
1062.4835
1336.7301
1273.9794
1537.8434
1430.4534
1492.6418
1474.2229
1640.4742
1372.1721
1374.2916
1348.3696
1072.7202
1692.2231
1506.759
1461.6823
1495.7429
1454.6849
1504.7435
1408.7081
1427.4018
1542.1622
1411.8761
1576.9583
1606.4275
1636.8652
1562.2162
1553.7303
1487.0782
1676.426
1277.1236
1425.1484
1407.1582
1500.9995
1496.4259
1350.6253
1573.4546
1564.5142
1317.5989
1479.3539
1285.0162
1712.1315
1357.0951
1642.0026
1335.0293
1405.07
1403.4194
1538.4801
1698.7221
1460.4657
1566.9806
1367.1444
1306.7188
1486.3834
1365.3
1502.3009
1473.5687
1580.3286
1581.3095
1174.4851
1485.3595
1384.4036
1391.5381
1549.9597
1525.8187
1298.5709
1273.6016
1638.5718
1467.1017
1444.9331
1583.3587
1657.7076
1695.5945
1217.5059
1167.5944
1311.6249
1449.5954
1368.4796
1454.7683
1411.6053
1361.6684
1304.4149
1276.4671
1373.3157
1191.7442
1641.9289
1645.7994
1616.2602
1466.5583
1583.1437
1661.2524
1360.6918
1520.377
1559.8204
1517.3014
1285.4478
1135.2357
1568.7457
1464.5397
1508.5736
1561.9326
1544.5391
1257.6463
1276.8819
1645.2003
1669.4167
1586.9719
1203.4766
1363.9809
1274.9917
1289.2904
1431.7299
1410.2424
1501.2518
1575.5935
1510.747
1316.1996
1606.2364
1356.0525
1490.5815
1330.7922
1414.1512
1378.8983
1647.0884
1365.1043
1211.1809
1336.4698
1306.0949
1630.1205
1630.897
1408.5926
1298.4784
1515.543
1423.0362
1488.4116
1743.4347
1456.5393
1302.2687
1296.2666
1329.4005
1165.4026
1288.0135
1125.6624
1129.6731
1345.4124
1356.1541
1522.3168
1283.3565
1291.0845
1252.6427
1389.1183
1046.1234
1400.3033
1732.79
1288.991
1392.2226
1437.9241
1442.9788
1379.3901
1508.3837
1421.8763
1380.0242
1472.6677
1279.3443
1530.2892
1431.0466
1427.8645
1260.5986
1077.8679
1407.5388
1092.7831
1218.9144
1576.813
1311.0205
1221.3974
1463.5531
1508.2722
1510.7232
1490.9533
1456.0796
1298.8846
1338.648
1618.6418
1499.133
1470.1721
1527.5523
1409.2346
1526.2144
1564.5837
1618.4177
1560.7136
1693.4638
1424.2859
1322.419
1279.8944
1442.3863
1655.8596
1525.348
1577.7698
1652.7236
1368.5589
1647.378
1623.5522
1436.4615
1445.8393
1470.0793
1561.2381
1306.2069
1513.5197
1263.2013
1572.6046
1399.8875
1532.1852
1221.4161
1482.315
1458.4748
1261.0519
1390.2423
1461.5867
1408.697
1550.6757
1499.2892
1547.4366
1600.8699
1179.3492
1203.9493
1367.5188
1358.2669
1644.4649
1322.9267
1436.7148
1399.4944
1346.0207
1420.0531
1398.3064
1466.0892
1709.0295
1529.1686
1534.587
1473.1783
1452.3964
1180.0679
1122.0107
1468.4069
1732.5241
1870.7605
1802.6459
1634.7186
1462.5626
1313.1139
1481.8068
1472.8648
1742.9544
1629.3366
1669.6486
1705.1043
1495.4332
1514.3397
1346.8714
1488.2194
1464.1971
1685.1044
1542.6678
1345.86
1291.3607
1667.8402
1648.0333
1549.9102
1546.3507
1285.6295
1492.751
1784.1174
1373.7551
1664.8254
1536.6593
1543.4553
1570.8942
1562.5402
1330.1662
1544.1207
1368.0316
1538.4053
1520.1482
1535.6405
1387.8769
1307.5014
1331.1009
1087.7593
1330.0062
1428.3677
1333.1744
1535.902
1397.124
1285.1238
1385.7238
1270.1123
1348.3934
1346.984
1494.8013
1410.4203
1271.4715
1514.0026
1406.8312
1494.445
1453.826
1506.2156
1479.3086
1248.3236
1223.1699
1360.4768
1287.5987
1373.9492
1500.1302
1520.6825
1582.1036
1534.8461
1451.549
1518.5458
1296.1013
1568.3782
1388.0583
1531.0454
1248.3309
1399.6868
1263.4895
1529.9253
1446.188
1518.0645
1435.8123
1708.5463
1689.4757
1592.1352
1330.0209
1269.9457
1500.327
1398.1433
1506.689
1364.9546
1646.0796
1790.7757
1508.2222
1404.7468
1344.3237
1422.4736
1482.0587
1296.7942
1453.2526
1596.0947
1398.2696
1507.1362
1356.6878
1556.6391
1614.5887
1743.8158
1443.067
1474.7722
1462.6712
1394.9896
1271.4207
1797.8635
1519.6492
1463.0857
1361.1617
1567.007
1451.7921
1555.1899
1465.1721
1554.3574
1362.782
1508.3183
1208.0449
1260.0875
1561.9324
1711.731
1574.8928
1684.9243
1528.7745
1403.4935
1454.619
1170.3596
1542.3135
1505.7589
1684.1088
1415.1949
1310.8968
1385.2581
1671.4313
1361.624
1428.8494
1149.7327
1391.8649
1488.2651
1585.5829
1432.3019
1466.7441
1513.6653
1419.8084
1529.8793
1698.5457
1518.237
1424.8778
1514.4078
1493.1977
1670.7964
1444.8725
1260.8207
1251.0866
1396.056
1547.3262
1331.7304
1422.2012
1489.3003
1073.8555
1425.8729
1169.9241
1452.2061
1299.8364
1556.5632
1506.1866
1665.7366
1658.5896
1562.3921
1460.1717
1484.9897
1353.8287
1506.7697
1313.7455
1234.9111
1229.0943
1494.8758
1339.1384
1534.3613
1496.4918
1395.9335
1666.9935
1458.8837
1638.8449
1701.8733
1499.4768
1479.2019
1353.6721
1445.476
1228.6864
1498.9582
1575.4687
1432.0877
1544.1209
1774.0296
1487.7407
1660.3721
1775.5843
1268.6645
1580.9994
1418.1666
1454.4674
1452.7937
1418.1605
1518.9044
1577.8164
1493.5369
1491.8742
1481.3969
1188.6228
1314.8868
1539.2035
1470.3868
1550.0491
1323.3467
1424.36
1473.1614
1270.1563
1150.8461
1447.9183
1602.2434
1599.4217
1571.7983
1460.8901
1491.9746
1404.0024
1387.8668
1413.535
1578.9522
1243.5204
1297.0911
1565.1012
1216.0698
1319.5837
1440.2547
1390.9214
1425.8792
1339.1881
1552.2116
1601.3802
1688.8294
1263.0694
1300.4781
1502.7621
1319.8998
1258.9012
1527.6412
1690.2978
1428.5129
1416.9303
1453.9197
1668.1761
1312.4941
1609.639
1467.1122
1524.7944
1432.9601
1638.8881
1648.2798
1142.5611
1302.0574
1547.3822
1468.648
1502.4611
1316.7114
1516.4344
1381.5282
1416.1272
1566.5133
1602.8183
1310.1517
1443.5992
1424.9136
1384.4438
1549.6157
1255.7554
1383.3294
1351.4718
1579.4273
1503.0996
1746.1271
1468.4467
1510.2469
1262.9595
1281.5476
1490.9615
1168.8276
1368.2445
1729.933
1453.2869
1374.0387
1230.4273
1276.0689
1555.9987
1591.0812
1689.3288
1681.05
1276.8041
1384.846
1375.1062
1265.0922
1378.3201
1579.2889
1694.854
1614.5636
1428.2291
1139.8153
1261.4214
1535.9582
1641.2114
1530.4009
1520.5304
1441.5035
1639.1803
1558.4637
1491.248
1603.628
1295.0089
1415.336
1413.0983
1425.6474
1530.4857
1528.2256
1509.3668
1400.3869
1332.8866
1734.328
1742.4441
1626.4514
1570.0778
1177.3442
1380.7968
1394.8097
1510.3785
1567.4601
1309.8489
1276.8145
1135.2182
1246.1452
1228.2181
1310.4387
1172.0484
1517.0197
1517.5197
1656.7657
1412.6889
1419.1965
1639.5816
1617.8381
1661.36
1620.3038
1389.5027
1690.826
1437.5906
1541.6678
1326.3167
1685.3991
1594.4685
1309.9838
1575.8832
1478.9591
1492.8171
1338.1895
1333.1098
1291.6104
1519.3129
1744.0858
1329.8551
1445.0457
1506.1076
1629.6258
1729.8112
1596.3572
1385.1312
1352.0382
1474.3873
1310.2371
1206.3461
1464.5437
1674.9671
1799.9722
1751.8902
1675.0774
1282.4478
1370.4748
1596.2649
1439.5555
1620.5274
1455.3514
1578.1336
1465.1521
1631.1226
1573.3151
1176.7895
1449.9105
1411.8508
1344.2309
1412.9807
1482.4646
1583.0739
1342.0863
1527.0739
1317.0293
1366.2186
1513.6112
1349.1017
1523.5709
1300.718
1536.8659
1644.152
1359.2453
1450.7393
1675.5497
1727.8768
1556.4346
1649.9619
1437.9889
1465.7292
1306.6312
1499.4283
1397.1255
1353.8962
1446.3861
1470.8254
1684.7064
1654.2357
1418.6842
1458.8018
1497.949
1364.1205
1515.8505
1419.7432
1404.1144
1376.4593
1388.1411
1110.9662
1591.1696
1639.6647
1737.158
1519.5421
1398.8594
1415.6629
1317.4584
1585.5592
1398.023
1507.1985
1521.7544
1426.6738
1611.3933
1522.1354
1389.7025
1695.9207
1477.6133
1350.7093
1233.4691
1084.4458
1268.2082
931.466
1356.7671
1268.7464
1314.8196
1224.0149
1236.9513
1264.7457
1367.7008
1229.7832
1098.2964
1274.3845
1670.5198
1443.8367
1243.5355
1108.648
1286.6552
1365.3275
1273.9678
1448.1021
1628.9719
1590.6229
1382.1059
1186.8693
1459.2998
1469.8706
1568.8584
1633.098
1692.4147
1434.2579
1454.2479
1594.5146
1313.1703
1590.2713
1489.3395
1452.4333
1508.8739
1356.2666
1628.7627
1522.2291
1606.4228
1330.5162
1375.6039
1353.9786
1485.3802
1450.0241
1325.0751
1370.417
1347.825
1237.5175
1457.5355
1324.3813
1344.9628
1463.0166
1428.6334
1397.5218
1719.8665
1704.2021
1575.6533
1343.2596
1226.8876
1370.6167
1415.9389
1525.7119
1190.1753
1540.9672
1299.653
1382.0756
1272.8045
1421.1063
1421.2127
1377.4665
1404.8944
1240.5481
1597.7347
1458.9367
1481.4595
1582.878
1536.6549
1421.1378
1380.8963
1477.3097
1483.4656
1303.5247
1383.8441
1346.5737
1297.5419
1394.5898
1625.1036
1286.337
1328.3705
1427.7409
1513.3228
1315.1706
1486.604
1680.6514
1521.1925
1694.668
1543.0344
1688.4053
1492.1457
1486.787
1414.3765
1746.676
1508.0719
1521.0886
1449.2939
1250.3889
1242.2158
1349.5016
1880.3197
1363.1997
1520.6946
1440.5889
1322.2254
1438.9606
1225.3758
1523.8342
1733.8526
1686.6286
1468.6743
1227.3983
1614.5485
1345.0047
1337.7225
1511.3474
1541.5892
1427.8014
1147.1471
1263.8184
1403.3159
1741.7845
1461.5187
1467.9678
1342.9196
1482.4977
1573.1852
1310.6245
1308.9739
1497.5668
1366.4727
1432.7383
1386.6197
1360.6139
1376.3419
1287.9636
1389.3568
1562.2308
1442.2131
1370.3005
1511.8467
1426.0217
1302.034
1578.0074
1468.8382
1146.1983
1340.1817
1281.837
1587.8164
1442.0575
1339.5021
1392.5526
1334.6286
1380.0011
1527.7899
1348.4346
1384.5731
1370.9228
1287.6659
1568.6132
1479.4751
1558.883
1541.7696
1542.5405
1544.3521
1489.619
1454.997
1522.0146
1259.4057
1428.0188
1534.4391
1252.3037
1439.441
1187.4921
1421.6571
1487.6635
1512.9055
1546.4562
1429.4752
1743.371
1597.3495
1402.2832
1434.1325
1440.1459
1613.224
1606.7286
1417.5399
1509.7088
1400.7505
1312.6028
1474.8374
1528.666
1506.6762
1481.6751
1267.0955
1449.1968
1645.9008
1493.787
1220.1564
1297.6811
1383.6807
1114.9959
1574.8745
1556.602
1307.3996
1190.4906
1498.1111
1514.4433
1186.1099
1412.4845
1181.6965
1190.549
1165.1511
1335.4274
1515.8093
1384.7187
1426.2704
1451.1782
1285.2234
1663.9326
1286.1391
1155.7808
1457.2152
1461.5342
1397.9632
1465.5481
1347.09
1390.3151
1493.5017
1494.0787
1473.4572
1638.6856
1489.323
1516.689
1170.9149
1158.0577
1341.3086
1684.6782
1544.0968
1502.9481
1486.2492
1398.4324
1315.5971
1299.4445
1350.7244
1601.9387
1704.2209
1664.8378
1323.4254
1274.2938
1479.236
1420.3858
1631.324
1567.1857
1535.5182
1605.7102
1491.2732
1502.267
1396.3146
1415.2047
1165.2938
1650.6756
1538.0901
1482.4181
1456.6982
1537.7013
1725.328
1455.1879
1346.5956
1563.9404
1601.0818
1372.4108
1312.5795
1487.4213
1650.0353
1564.5677
1704.524
1455.4322
1169.0927
1173.1513
1464.8782
1448.1776
1623.1533
1418.1184
1500.7261
1505.7981
1593.5041
1543.273
1476.8586
1473.0062
1547.6572
1333.5582
1507.4292
1290.724
1207.5101
1323.4091
1409.5129
1362.9073
1579.5893
1142.8494
1372.7906
1392.2071
1609.5892
1463.4842
1394.5044
1317.2605
1585.2372
1332.033
1417.969
1331.2139
1389.1408
1665.5261
1670.5492
1453.4855
1339.2317
1732.2735
1334.3263
1324.0503
1283.4287
1353.7886
1208.8483
1179.2837
1536.7142
1505.9807
1409.7168
1235.8188
1435.6226
1375.8928
1625.9134
1581.5709
1706.0478
1400.4381
1368.6838
1493.1851
1207.726
1289.2197
1450.6411
1336.9659
1451.0786
1480.0696
1460.817
1470.5168
1337.0505
1358.0196
1379.2875
1378.9492
1539.824
1539.4919
1643.8322
1511.7312
1470.1407
1378.5289
1601.2106
1339.8553
1289.5157
1521.247
1565.6651
1573.7414
1799.5592
1638.7949
1352.3064
1368.0077
1316.2375
1302.1468
1390.5051
1262.2428
1266.4629
1488.5731
1324.3679
1393.9459
1324.0816
1436.5581
1442.821
1122.1732
1413.461
1437.2315
1527.303
1424.2473
1316.9642
1432.6973
1442.6227
1433.609
1470.5701
1432.4988
1369.0228
1542.6216
1290.9945
1075.4926
1361.2348
1440.2492
1596.8037
1348.9601
1447.086
1285.68
1369.4581
1576.0064
1332.8272
1364.6002
1388.5461
1244.2773
1409.0246
1580.9991
1364.558
1450.0578
1474.2578
1179.2638
1499.3399
1500.6281
1559.0143
1372.0791
1218.7579
1285.3684
1733.8874
1621.3237
1700.5422
1516.5424
1593.6229
1318.2802
1084.6747
1229.6947
1269.3568
1445.3106
1216.5725
1286.9532
1202.2413
1360.5589
1143.7912
1415.9931
1395.8899
1409.7285
1535.6668
1596.1009
1652.7618
1547.623
1309.0671
1488.2258
1330.4997
1420.9532
1535.3766
1369.3668
1366.2132
1399.0326
1453.6322
1392.2843
1374.0385
1278.6753
1379.6938
1525.2439
1618.9877
1596.1429
1510.3063
1483.2842
1586.5817
1712.294
1609.936
1484.9309
1244.5237
1403.4078
1271.316
1576.3021
1398.6354
1682.0333
1405.9047
1795.7311
1438.1098
1432.526
1457.9347
1422.9312
1473.9841
1629.7173
1747.8307
1445.02
1455.3156
1503.3479
1507.337
1524.4577
1468.2369
1507.4062
1570.5223
1359.5645
1476.4582
1273.2102
1379.7044
1320.5985
1354.7546
1601.7148
1508.1335
1331.1103
1349.8634
1347.155
1369.4865
1621.4966
1536.8616
1592.1189
1554.0346
1580.9564
1501.3877
1809.8214
1431.3234
1521.8037
1673.858
1501.8228
1356.8858
1578.6295
1451.0213
1324.8262
1218.2305
1472.9772
1290.5312
1310.8262
1427.5381
1496.364
1375.6749
1200.1414
1456.9335
1384.6059
1430.2352
1364.8067
1605.7811
1239.7215
1672.431
1556.2101
1534.5165
1316.0422
1335.9918
1386.9158
1404.5403
1440.6015
1580.9004
1266.9993
1368.7054
1406.4968
1771.8773
1593.7048
1478.6962
1402.4976
1734.565
1629.0767
1636.0818
1472.1693
1557.2106
1546.1382
1417.3288
1294.1827
1216.4429
1423.1433
1620.9449
1665.018
1635.6413
1524.3683
1571.8197
1312.3473
1719.5451
1525.8995
1802.2763
1751.2655
1698.7206
1289.7414
1576.3248
1538.9205
1647.2164
1704.9987
1746.0868
1423.6835
1374.8537
1497.2781
1362.6709
1530.9484
1430.4435
1422.2532
1669.8578
1729.0348
1599.5638
1591.2008
1710.8806
1497.5719
1485.4282
1303.4768
1165.2823
1209.4196
1660.7611
1336.994
1557.7912
1561.6009
1485.5851
1469.8288
1473.2266
1470.9062
1528.9639
1413.6814
1654.4047
1411.3581
1424.0031
1536.1244
1485.1102
1328.3219
1586.2064
1549.0492
1685.8055
1631.4405
1361.3804
1394.7247
1491.0686
1507.4562
1467.8996
1516.5618
1355.8391
1455.7666
1665.3483
1375.4924
1545.4991
1244.2379
1452.6378
1242.4997
1391.6326
1452.8869
1325.7019
1254.8195
1565.3177
1426.5688
1675.7342
1335.4184
1527.8427
1692.9974
1706.1029
1446.9993
1479.7407
1632.7561
1732.891
1399.8806
1794.459
1565.5041
1785.3977
1726.0796
1374.4904
1370.8135
1535.6915
1461.9068
1333.1046
1326.7122
1450.7862
1419.1897
1645.3123
1589.8333
1665.4297
1592.412
1603.1563
1681.0551
1651.1915
1405.2009
1399.8151
1370.9153
1455.4231
1412.828
1643.4291
1674.9756
1518.1255
1753.7669
1600.7479
1638.0669
1649.4163
1238.8982
1140.701
1315.2456
1555.7532
1328.183
1615.5385
1388.0804
1542.722
1612.5005
1784.2666
1510.4662
1477.0451
1603.9205
1322.7372
1081.5039
1395.1934
1482.1011
1577.8041
1554.9259
1554.2335
1516.5051
1440.6096
1463.9791
1560.7387
1410.6628
1601.3768
1229.338
1468.591
1395.0461
1512.894
1574.3185
1345.499
1589.1041
1793.0882
1615.8524
1476.325
1673.3192
1420.27
1326.287
1399.8216
1279.3078
1250.8586
1385.6626
1498.4593
1551.7045
1551.5518
1646.2229
1373.4981
1353.581
1536.6727
1383.0746
1512.0086
1634.4905
1426.8214
1424.0693
1391.5033
1652.3633
1469.9903
1561.6107
1483.8227
1465.6854
1584.2569
1352.7708
1526.0293
1496.03
1267.8288
1489.7994
1424.2132
1400.6536
1527.9979
1417.2388
1497.1753
1622.2892
1687.9698
1477.0472
1595.6844
1555.4524
1513.9742
1460.5076
1432.391
1305.0738
1381.5774
1336.8513
1509.1931
1599.0274
1597.033
1331.2354
1686.3952
1503.252
1272.2791
1547.0327
1560.7181
1410.0086
1264.4292
1522.4346
1302.3516
1388.3877
1552.2698
1617.0765
1568.2808
1377.1695
1535.6834
1306.8871
1285.7409
1542.9475
1271.9769
1457.1548
1559.8391
1535.8047
1631.1198
1376.6726
1693.5267
1417.9152
1469.8884
1526.711
1452.3735
1439.5894
1367.0976
1498.9674
1642.6152
1494.4132
1224.971
1404.2878
1436.5953
1481.817
1381.0103
1515.1333
1422.5511
1360.7373
1451.4607
1343.3363
1388.1625
1494.2401
1546.1886
1553.8315
1595.0664
1692.4319
1382.127
1554.2262
1392.0843
1412.4847
1314.1129
1379.8676
1433.8753
1593.4255
1274.1394
1437.8641
1588.4746
1556.5924
1354.9029
1229.2758
1705.0773
1504.127
1466.9779
1525.2946
1534.3485
1292.736
1381.7531
1577.5729
1693.2966
1607.6491
1617.8582
1397.9737
1440.8871
1559.4315
1283.4334
1598.6985
1286.1203
1388.8924
1506.3378
1443.2916
1172.5433
1452.9689
1234.363
1564.9653
1455.2075
1264.3462
1232.4987
1555.8759
1470.2186
1503.0408
1518.1632
1517.4398
1495.5682
1486.2391
1421.3309
1459.0695
1293.82
1412.0598
1302.7917
1333.9216
1627.8702
1471.3808
1374.1781
1280.0312
1239.9461
1195.042
1134.2599
1278.5337
1312.2246
1549.3205
1643.7574
1392.6765
1474.277
1489.0209
1553.6574
1440.8803
1286.938
1356.7462
1231.9433
1356.9436
1461.4001
1508.1458
1376.7093
1309.2204
1541.2598
1243.3843
1250.8641
1433.3772
1555.8078
1521.1555
1515.3386
1464.3179
1329.4835
1380.9738
1219.2132
1592.4073
1571.9548
1327.5159
1529.2148
1479.5426
1531.3266
1505.0628
1406.9562
1547.9262
1415.5197
1311.6694
1228.4156
1435.9344
1502.4408
1425.7426
1328.9798
1583.971
1432.122
1280.4974
1544.7398
1491.8192
1417.2035
1206.437
1473.7573
1301.5393
1766.6142
1676.0011
1681.2431
1328.1034
1553.8503
1438.5149
1544.7089
1595.5238
1577.4783
1461.4772
1205.6881
1531.7987
1160.5816
1506.8334
1534.7165
1599.399
1568.9277
1582.6283
1465.2547
1162.8624
1378.5055
1294.5252
1451.9017
1502.4758
1727.0698
1227.3973
1288.7114
1237.1854
1311.4324
1393.9306
1452.3452
1397.6037
1312.2205
1559.3918
1422.0252
1188.2218
1582.3855
1428.3793
1618.5392
1494.3395
1597.969
1724.363
1438.5304
1803.9784
1311.7004
1572.4183
1363.7193
1865.751
1781.1552
1752.1763
1455.6169
1523.7614
1557.3564
1704.1995
1614.2814
1464.4375
1448.3245
1487.4979
1656.781
1327.1319
1472.2053
1285.6182
1675.368
1314.0096
1256.2396
1335.1538
1114.4102
1265.456
1547.1286
1569.4452
1397.7445
1463.1563
1366.6752
1190.8113
1407.7615
1115.197
1072.8728
1536.1591
1394.0528
1462.6988
1311.1417
1285.356
1464.7949
1482.7041
1392.3948
1334.221
1318.4614
1315.7952
1435.1039
1388.4261
1608.6821
1623.596
1362.9966
1589.6805
1504.1379
1436.7153
1411.6386
1234.5046
1531.4601
1276.1121
1498.518
1673.538
1527.5325
1199.2976
1350.269
1264.4344
1175.0205
1489.2456
1298.1033
1312.3185
1108.3453
1247.3348
1420.0614
1497.2838
1618.6725
1502.1021
1101.6136
1283.7909
1410.7273
1452.9403
1348.5586
1402.9105
1568.8185
1535.1032
1491.8077
1484.3915
1358.9018
1325.8549
1695.5736
1404.9634
1465.2504
1402.1926
1235.2885
1566.824
1464.9855
1305.0022
1434.5015
1556.0651
1410.9258
1451.8597
1589.9604
1364.2151
1460.6193
1324.72
1443.1978
1185.1137
1308.3374
1533.4876
1542.3227
1415.7391
1092.2208
1310.7302
1412.3996
1602.1276
1424.1383
1379.9143
1388.0768
1318.4347
1629.5319
1439.337
1656.6122
1335.608
1464.6389
1307.2715
1255.4211
1325.2928
1388.1307
1482.8486
1449.9602
1144.9821
1492.6073
1677.7494
1395.2221
1569.752
1693.7635
1611.5747
1301.6022
1598.9776
1351.3727
1151.0831
1331.9137
1372.0842
1433.2268
1705.434
1581.7193
1659.2199
1518.7282
1536.5513
1571.4605
1516.3579
1294.1438
1372.1271
1559.4551
1242.7773
1311.3068
1451.9738
1329.3516
1290.705
1334.206
1285.9372
1359.7807
1476.1744
1626.9926
1367.2042
1570.7215
1350.8138
1356.0202
1373.0564
1573.913
1300.5805
1607.3516
1568.0016
1601.5626
1596.808
1497.6966
1482.9302
1514.9371
1422.5622
1109.6592
1262.6959
1282.4178
1835.2149
1531.1852
1618.5144
1355.4318
1286.6852
1413.0013
1557.7804
1219.1905
1277.0698
1507.9055
1502.875
1701.8728
1458.1003
1427.3046
1418.2518
1474.7986
1580.8037
1485.594
1578.5261
1535.7689
1618.4575
1691.1606
1695.8697
1600.2678
1457.3966
1286.2905
1302.4193
1286.7125
1452.5064
1511.2967
1286.2986
1357.7052
1646.9
1354.5221
1587.3836
1526.3139
1480.6438
1413.5612
1182.6901
1087.2703
1293.0397
1204.2036
896.47099
1450.1983
1536.8774
1517.5643
1395.2504
1440.248
1369.304
1214.3519
1317.6769
1489.1989
1388.7695
1480.5835
1515.5665
1504.5206
1423.72
1253.9325
1463.9676
1539.4836
1183.3266
1376.5408
1364.5221
1407.7831
1482.4077
1377.2226
1199.4914
1379.8745
1307.0037
1509.3594
1422.9796
1552.8462
1780.5471
1634.1514
1512.6596
1334.9945
1581.6568
1481.0719
1507.244
1411.1186
1417.6588
1136.2965
1380.8446
1493.6289
1531.1079
1549.3965
1368.279
1473.3273
1471.7592
1482.5667
1245.2226
1537.4401
1390.0709
1326.1424
1358.6498
1490.3432
1292.24
1430.464
1011.063
1418.6627
923.01604
1264.1689
1396.9145
1414.3401
1395.9808
1387.24
1775.4638
1576.9887
1691.2461
1491.5076
1500.7688
1344.1956
1398.3374
1482.6189
1398.2492
1325.786
1317.2283
1978.5356
1353.3813
1695.0261
1570.6558
1453.5647
1509.1044
1575.8597
1564.5587
1585.5487
1497.6673
1376.0925
1686.4879
1404.7103
1446.146
1767.1505
1565.6379
1570.4311
1605.1037
1406.8457
1558.9887
1508.3018
1579.9619
1647.3013
1559.1822
1523.7545
1072.8281
1171.9449
1583.3236
1579.435
1842.2898
1447.9048
1356.0604
1244.1353
1403.6107
1479.8037
1244.3876
1253.1391
1495.9677
1209.3888
1195.5669
1398.0277
1808.17
1547.448
1514.8655
1507.4638
1435.0424
1578.8654
1489.8064
1430.7694
1501.0197
1478.459
1124.583
1280.3021
1380.516
1478.0391
1289.587
1415.9142
1148.0612
1378.9286
1520.8383
1387.5901
1629.5833
1451.1482
1436.5099
1506.3519
1396.4016
1349.1313
1596.7961
1419.6501
1255.7376
1499.2717
1108.6199
1711.408
1424.3353
1888.8913
1448.7813
1455.9785
1487.2169
1324.1115
1443.7002
1390.444
1587.5569
1458.2326
1244.4192
1400.1223
1432.9317
1307.1822
1360.3492
1565.819
1322.221
1262.9899
1227.2873
1213.4577
1246.133
1394.5262
1520.0237
1155.4141
1359.5353
1318.9207
1086.306
1084.74
1289.992
1461.8639
1372.6425
1370.8412
1371.4895
1508.2622
1457.279
1256.3895
1387.245
1627.1924
1448.4048
1470.2713
1424.5739
1421.6902
1362.4548
1441.7592
1417.8466
1516.2953
1407.3411
1602.1343
1366.2215
1357.9263
1281.4975
1423.7487
1256.9884
1522.4292
1499.4039
1406.335
1377.4551
1133.4573
1262.7594
1221.4657
1368.7093
1558.3208
1358.9938
1333.0574
1440.7246
1332.7706
1318.2197
1352.5172
1607.6619
1376.2555
1247.6057
1201.5295
1533.8952
1635.4426
1570.3737
1495.7384
1555.775
1391.8843
1296.0044
1442.0643
1629.4682
1671.5696
1418.6979
1449.351
1393.9843
1240.2663
1419.9169
1621.8865
1533.2563
1437.1991
1565.4712
1665.4177
1416.0867
1667.0041
1250.2708
1545.6931
1371.9919
1455.4945
1299.8002
1341.6821
1491.0604
1471.6527
1655.7451
1413.4258
1366.853
1452.3037
1040.9079
1374.4872
1224.3014
1258.0669
1455.3498
1780.2234
1675.2325
1331.441
1397.9782
1299.7586
1509.6871
1461.125
1258.7248
1390.6839
1227.5552
1342.6542
1400.0685
1567.5498
1444.4364
1379.8881
1399.0325
1671.3947
1466.8871
1344.7589
1227.8697
1214.344
1246.5018
1309.0369
1342.4925
1229.3487
1317.0272
1346.6319
1513.7027
1308.5266
1268.9638
1284.5058
1207.512
1507.4927
1340.3604
1520.5892
1566.0543
1252.7574
1677.3486
1418.8077
1532.5195
1391.0781
1482.1412
1264.7554
1420.5174
1509.2277
1512.3228
1499.9439
1646.8361
1575.9476
1555.7239
1378.1259
1564.6717
1114.5049
1428.2445
1262.4717
1412.8131
1427.3232
1516.0765
1504.0438
1577.6742
1586.2721
1397.8133
1313.9631
1164.8346
1286.1633
1380.7469
1315.8239
1417.6513
1481.725
1332.9285
1185.806
1364.7354
1493.4334
1555.0027
1341.4413
1237.388
1449.3806
1502.8151
1234.2186
1613.7946
1532.3998
1853.5925
1680.7266
1507.1247
1378.302
1308.9552
1282.3248
1326.1491
1726.3288
1513.4186
1575.2095
1405.494
1371.8999
1313.7348
1162.6134
1516.3361
1286.5469
1461.3045
1328.9327
1323.1412
1443.5253
1469.052
1328.7884
1452.844
1373.5537
1489.2794
1396.8869
1526.0507
1525.0189
1547.5542
1401.0651
1388.0515
1192.7632
1542.7964
1478.0866
1512.0915
1566.7296
1505.6456
1462.6634
1423.8119
1559.5698
1325.6381
1768.4384
1486.6365
1530.1715
1312.056
1624.342
1523.7563
1423.7723
1551.5822
1445.2804
1638.6541
1394.4445
1212.1102
1530.5267
1583.4674
1521.1416
1369.397
1455.3528
1292.8119
1638.1903
1438.8121
1499.7178
1647.9823
1444.6264
1441.6887
1351.3784
1164.7171
1219.5029
1693.1873
1288.3144
1284.7415
1048.4314
1173.1824
1447.2364
1373.4482
1542.5475
1321.3814
1350.1976
1482.1184
1175.0509
1734.0357
1210.3687
1137.8885
1100.5122
1203.3997
1034.1518
1360.8021
1312.4849
1217.2574
1372.9858
1322.4847
1505.2727
1609.2142
1502.9117
1289.8161
1094.568
1071.9951
1397.6547
1224.0971
1524.2874
1449.1627
1583.768
1383.5974
1195.573
1313.0972
1438.4946
1435.6921
1503.739
1487.0453
1386.073
1366.9645
1311.048
1431.657
1874.7718
1617.2116
1553.3229
1338.1624
1550.3131
1650.7759
1554.6997
1636.7119
1719.0622
1739.3575
1394.1242
1355.1263
1384.1655
1379.9496
1529.8611
1482.1535
1395.3841
1426.09
1545.9087
1634.5829
1536.9675
1640.4271
1399.5098
1365.8183
1333.508
1438.5584
1338.0321
1562.9387
1677.1524
1531.6194
1521.9782
1395.9647
1574.6317
1387.3755
1574.3447
1576.0576
1395.9372
1406.6829
1196.9776
1045.3937
1481.0005
1525.8314
1269.8443
1216.1314
1353.3111
1081.8554
1117.9975
1247.5981
1456.6152
1576.1133
1245.4501
963.63894
1175.6618
1345.8677
1293.5771
1446.4366
1344.7658
1478.8774
1359.2166
1429.1608
1307.6682
1232.8635
1255.948
1412.5904
1419.19
1128.2745
1433.5943
1379.069
1442.1284
1253.8202
1276.8342
1401.5707
1387.3928
1357.7558
1301.5937
1185.2439
1505.7645
1383.3607
1476.2336
1334.4996
1293.5803
1391.9892
1378.713
1315.1329
1329.3625
1360.1181
1493.1425
1420.8929
1509.13
1637.9943
1687.8358
1389.9318
1433.771
1322.7908
1430.8944
1503.1096
1499.9581
1685.0514
1088.1355
1369.349
1281.4607
1407.2756
1267.8036
1277.55
1148.1343
1292.3665
1170.9213
1370.7298
1174.9489
1163.4288
1582.418
1424.7292
1517.2762
1369.2328
1296.6844
1294.7836
1268.6728
1075.1362
1310.2445
1338.4302
1488.5334
1376.0906
1424.2166
1375.3185
1521.2075
1410.9589
1439.9308
1246.1364
1483.9516
1617.9423
1342.0633
1456.4482
1228.8297
1324.5526
1485.4723
1433.6411
1482.7853
1555.0088
1452.129
1266.087
1378.4733
1318.5325
1338.4342
1582.5113
1496.3526
1387.0157
1370.0423
1353.7086
1362.0971
1529.5339
1435.8147
1353.749
1391.9072
1304.0575
1621.9204
1514.1721
1638.5864
1905.9925
1726.01
1640.5645
1657.2591
1374.2414
1455.4499
1535.5772
1328.4996
1478.6809
1052.7464
1446.8025
1402.4061
1382.8601
1302.6805
1490.9749
1270.912
1402.1434
1332.8809
1281.8923
1563.8535
1615.6636
1238.9216
1323.5314
1353.3077
1398.0248
1365.4212
1575.5937
1624.1725
1351.7284
1388.0156
1445.7802
1561.6772
1557.5728
1508.1755
1363.4603
1463.5281
1547.1531
1107.138
1712.4269
1382.4429
1345.0117
1350.8186
1347.4307
1306.2544
1107.9528
1454.9342
1334.6986
1335.9054
1140.9879
1325.282
1345.9131
1673.4977
1320.0231
1439.0371
1406.8989
1355.2863
1397.7624
1507.2374
1429.8802
1355.801
1042.9396
1565.76
1316.4702
1246.4694
1397.4504
1591.7102
1562.3189
1296.4734
1575.4098
1404.4994
1468.5813
1529.6011
1474.9008
1374.6911
1516.247
1190.5167
1596.437
1236.6281
1198.6189
1583.3395
1490.6718
1283.4232
1477.5639
1394.6879
1221.068
1368.8088
1260.9749
1290.3031
1383.6787
1306.6859
1407.2122
1476.2295
1328.6243
1179.6268
1339.7015
1395.7717
1544.291
1767.4998
1477.2406
1591.4067
1494.292
1253.6986
1619.2827
1551.2923
1394.5884
1213.5999
1541.7787
1517.5225
1557.1832
1608.1285
1616.9987
1491.6239
1603.8845
1348.6115
1177.4793
1290.8938
1318.2456
1503.4634
1595.2471
1549.3309
1543.837
1361.0006
1614.3485
1755.8952
1625.4586
1508.0328
1529.7516
1388.6321
1335.4297
1482.3981
1526.8509
1461.2681
1485.4699
1359.5825
1387.6296
1657.5723
1508.0749
1567.5579
1469.555
1556.7828
1494.7821
1410.0935
1382.545
1441.7313
1469.1825
1365.3381
1487.6418
1552.2167
1476.7057
1312.12
1375.7841
1314.245
1544.2444
1361.8922
1298.9372
1512.6002
1371.9386
1170.4767
1640.1768
1309.6324
1465.5985
1397.3892
1531.6857
1323.2779
1593.7861
1491.949
1379.4376
1593.5116
1595.2788
1320.5451
1418.5605
1356.1032
1526.8781
1655.083
1361.4418
1674.439
1522.624
1323.5912
1430.1572
1775.455
1554.5941
1311.1777
1388.8273
1172.4943
1318.9549
1385.465
1538.0558
1602.5067
1609.8901
1663.6982
1435.7854
1326.611
1440.5546
1217.6528
1293.2734
1462.1776
1448.9786
1420.4509
1530.0565
1308.8498
1330.0476
1326.187
1804.3753
1579.6174
1436.662
1536.2145
1398.3286
1561.1056
1519.2848
1466.9978
1571.8918
1511.0068
1582.5536
1390.4318
1277.4792
1540.3143
1351.57
1254.254
1443.1173
1476.9985
1425.6161
1485.2787
1361.9302
1313.3816
1350.4738
1591.0902
1415.1996
1556.5839
1461.7863
1351.2791
1527.4084
1528.3065
1405.1858
1202.0097
1488.6969
1390.9109
1497.2825
1403.015
1460.081
1482.8323
1376.9543
1570.8522
1446.2951
1503.5468
1373.0295
1475.4296
1333.5913
1285.6475
1468.4953
1323.545
1549.7259
1603.8139
1602.7244
1647.6501
1849.4243
1856.6497
1405.8404
1629.2617
1394.6375
1570.6316
1585.0064
1524.318
1665.5511
1766.3862
1742.2852
1446.8459
1581.1676
1480.1165
1473.6079
1766.7006
1599.8306
1469.3455
1375.5874
1335.2864
1339.5509
1464.1782
1521
1321.2183
1490.1353
1569.4795
1465.8988
1625.8534
1767.3948
1394.7422
1457.0233
1360.6538
1465.575
1625.6353
1401.5897
1650.553
1593.7183
1418.5703
1510.6916
1487.926
1381.4166
1409.6978
1534.0773
1339.5152
1648.9791
1626.9616
1447.9362
1282.4485
1477.1314
1344.958
1484.5817
1328.988
1524.4971
1478.2295
1546.5208
1534.2574
1325.3588
1701.6209
1521.644
1369.014
1273.4006
1493.8166
1633.1795
1541.2458
1448.3277
1693.2531
1486.0555
1742.4215
1609.0762
1227.8119
1280.2834
1368.933
1375.3693
1544.4311
1442.81
1492.1751
1476.0461
1250.737
1421.317
1477.3152
1383.6774
1469.0817
1222.2265
1178.1222
1344.1117
1416.2922
1506.0886
1120.4985
1204.0576
1256.3423
1116.4012
1324.3842
1258.0541
1606.0456
1570.1766
1360.4459
1296.3291
1158.7874
1484.1149
1355.3193
1372.0904
1615.1027
1412.5853
1285.1777
1356.726
1446.6638
1520.1089
1347.9324
1353.6518
1318.669
1199.1405
1491.7442
1491.9814
1541.2904
1628.5805
1505.4397
1454.1065
1302.5031
1197.1798
1322.9314
1290.0632
1403.6813
1379.3082
1501.7137
1481.0717
1470.9078
1689.2395
1358.7358
1556.8936
1403.273
1509.3913
1584.1178
1601.0404
1446.1771
1467.343
1410.8718
1576.318
1357.7464
1544.0277
1432.9201
1429.3757
1297.0131
1468.0481
1420.6758
1499.1176
1222.1899
1249.5657
1194.2463
1393.4206
1316.1259
1516.9233
1275.7808
979.35403
1357.1158
1244.3614
1435.5164
1523.4944
1201.2537
1432.5327
1567.4178
1492.4887
1534.6724
1525.2438
1165.4814
1162.5632
1307.7516
1342.6476
1522.9125
1490.8363
1461.7467
1567.2749
1362.0785
1262.3394
1365.3458
1548.2002
1586.7494
1490.8573
1443.9891
1217.3902
1323.0588
1486.9596
1309.6101
1528.4758
1272.953
1565.7135
1261.5855
1134.4636
1130.2298
1164.0077
1452.3869
1406.4556
1522.0709
1297.401
1420.5106
1591.6631
1638.4709
1351.4728
1286.2217
1277.3145
1432.4439
1422.6004
1441.7296
1661.2541
1390.0334
1004.1254
1396.3794
1306.4148
1390.7681
1433.6326
1378.7953
1439.571
1468.4207
1302.7123
1149.3318
1055.6713
1176.5927
1483.4964
1358.3879
1204.7352
1280.1693
1185.1669
1450.9027
1369.769
1324.9883
1396.3933
1251.68
1080.9497
1256.5065
1392.4155
1549.2062
1907.9988
1449.535
1532.3206
1458.3178
1207.6514
1286.7155
1423.6811
1263.1685
1428.2989
1416.3334
1568.6937
1398.781
1319.5543
1469.6569
1277.8306
1214.5605
1343.7187
1349.7595
1586.5795
1296.6524
1473.3146
1486.7118
1225.4287
1198.3205
1247.2204
1472.8387
1659.1748
1419.0744
1318.2113
1514.5191
1515.6025
1557.5317
1308.383
1346.4593
1354.6628
1669.369
1300.1165
1332.0607
1169.2582
1180.1959
1279.9883
1313.0604
1318.0222
1445.5215
1456.4335
1497.1381
1143.9526
1217.5405
1484.1979
1617.6589
1438.6541
1511.6908
1528.5494
1476.132
1318.7177
1515.1431
1289.6159
1229.9213
1423.3424
1223.5323
1182.2657
1108.434
1319.0895
1194.5786
1368.7237
1428.34
1469.2001
1492.6034
1605.197
1560.0815
1247.7442
1305.7759
1252.0406
1294.6899
1440.1567
1487.6521
1246.3782
1629.0478
1207.3217
1376.0401
1115.1974
1157.0765
1467.8225
1528.8953
1316.4456
1268.6029
1298.2305
1340.7685
1233.1227
1322.6171
1234.7674
1349.7011
1409.3763
1192.4203
1522.3046
1698.273
1574.4592
1198.8145
1428.9358
1351.6344
1538.673
1262.8463
1265.3445
1348.6693
1190.7611
1165.7034
1466.2037
1452.214
1522.2013
1356.4757
1518.8511
1319.8773
1371.4366
1315.1998
1204.8548
1328.0838
1495.1767
1291.5075
1568.8518
1341.2929
1462.5785
1318.05
1586.1064
1436.6186
1309.165
1208.5343
1508.5812
1315.6252
1555.0597
1350.4827
1246.281
1288.1271
1239.7289
1430.7087
1524.614
1239.1294
1407.4419
1505.0201
1770.094
1561.5746
1464.689
1524.3447
1529.7416
1202.2168
1581.824
1497.2823
1501.1361
1526.9909
1212.046
1454.0362
1283.4214
1282.0475
1280.0463
1613.0715
1402.2061
1412.2041
1430.5553
1382.7657
1325.776
1564.6772
1507.3807
1503.0854
1182.1036
1282.5751
1428.8442
1598.744
1589.9429
1342.3986
1415.1715
1404.0164
1442.0612
1590.0526
1541.4399
1777.211
1537.9772
1530.1481
1577.3523
1060.5372
1410.3859
1515.0004
1439.1384
1541.1313
1476.8042
1447.5539
1524.3211
1508.7321
1673.4531
1693.6169
1296.6498
1316.0354
1383.3008
1279.68
1407.7911
1270.7141
1272.7769
1506.9563
1277.1555
1410.4059
1649.4228
1595.3563
1565.731
1370.303
1488.9547
1511.2387
1391.2346
1510.8503
1451.8783
1549.1292
1321.266
1202.5801
1434.0763
1439.6258
1225.4729
1322.352
1295.5381
1329.3448
1521.7541
1506.5557
1275.0686
1336.0605
1259.6963
1302.9807
1766.8882
1748.8809
1599.8805
1392.0557
1434.6017
1470.6109
1442.3558
1479.2881
1544.3119
1259.2681
1182.2595
1580.5312
1359.0766
1577.0315
1297.9236
1564.4198
1512.3137
1304.6342
1560.4607
1474.8494
1541.8734
1503.8484
1495.1345
1302.5132
1172.1107
1441.9283
1200.9118
1425.4827
1429.1621
1235.3248
1413.8594
1387.0063
1509.5283
1395.954
1407.2219
1474.9364
1548.157
1522.6959
1759.0803
1377.5317
1750.4245
1511.1405
1468.6353
1578.2547
1413.5665
1076.4948
1392.4933
1432.3336
1445.5776
1381.5974
1240.2687
1445.6808
1575.8877
1457.435
1567.8569
1507.5027
1324.5793
1166.949
1251.2617
1344.9609
1680.2554
1284.6868
1496.1057
1673.6479
1236.7069
1371.3618
1333.2722
1509.8668
1408.1619
1435.6021
1611.139
1397.7341
1383.3506
1343.1446
1442.6732
1386.7984
1457.0558
1612.1596
1372.8658
1406.905
1476.6628
1317.0079
1490.2384
1361.5324
1447.7035
1229.1525
1296.771
1513.2328
1467.3955
1653.8118
1698.8292
1492.7168
1388.0516
1174.2263
1420.7781
1433.3777
1525.9132
1478.2537
1365.926
1544.3393
1489.5728
1249.7221
1324.0389
1614.4789
1285.4243
1446.2466
1330.0244
1417.7454
1521.556
1529.6358
1578.4204
1591.3766
1516.0255
1187.4426
1369.1835
1260.6868
1535.1862
1638.9968
1557.4182
1636.8397
1506.4962
1217.8925
1333.9676
1450.3825
1314.434
1381.675
1603.4215
1449.9782
1418.9688
1646.3361
1582.178
1555.5567
1404.4702
1395.0129
1445.0602
1278.661
1517.2657
1668.2969
1425.4749
1260.4021
1514.4935
1386.0519
1397.0937
1421.1206
1588.8486
1562.0153
1546.8481
1470.8782
1298.5135
1397.1009
1464.2665
1105.8952
1611.4777
1675.6249
1667.8148
1431.3344
1755.3926
1560.2594
1164.0798
1528.2711
1398.107
1594.3456
1556.2731
1496.3466
1196.666
1376.7738
1554.7053
1363.2813
1721.8334
1389.3008
1244.3584
1342.8932
1439.6871
1600.6073
1514.6166
1365.042
1169.6081
1290.0325
1469.5392
1349.6161
1550.941
1215.8841
1236.6357
1282.6371
1275.7094
1252.0944
1302.3731
1355.4483
1297.7215
1232.979
1258.9724
1154.6546
1489.8861
1589.9188
1474.1372
1508.7513
1536.6173
1530.5931
1337.3514
1397.0467
1354.6872
1526.3231
1484.2259
1389.517
1605.2204
1309.5387
1172.1826
1213.5654
1221.1517
1594.1669
1468.2176
1201.8123
1191.4333
1404.5229
1462.9055
1280.2717
1290.3564
1407.5706
1425.6877
1483.7278
1638.2683
1783.3029
1503.8094
1423.6118
1204.4631
1102.3696
1229.6739
1120.493
1336.12
1275.4544
1268.6664
1200.8255
1212.6952
1361.2655
1481.9205
1381.79
1213.7085
1311.8711
1397.7711
1482.2418
1240.4279
1656.2591
1360.724
1252.2472
1420.6784
1353.3971
1255.3669
1395.5246
1369.5608
1343.3575
1653.9195
1681.0404
1749.9559
1484.1398
1515.1503
1261.1272
1315.9473
1378.0448
1368.3593
1372.9724
1534.6397
1434.3405
1367.7276
1485.5425
1172.2434
1387.2441
1446.0611
1221.5243
1457.3196
1693.2772
1571.2868
1366.9004
1325.2131
1152.6133
1600.0287
1419.7138
1482.7066
1394.2914
1373.7066
1473.6714
1486.2112
1593.2961
