697.66668
1118.0462
1306.6643
1759.2313
1876.003
2003.5276
1655.784
1392.8397
1290.9492
1139.1611
1152.0471
1456.8723
1479.0308
1747.3092
1671.6252
1384.2481
1303.3378
1068.2964
1498.1255
1307.0953
1659.8395
1561.7812
1455.7574
1086.8525
1577.9004
1670.4755
1445.9786
1350.8759
1579.5852
1672.5017
1446.5457
1473.4033
1340.2281
1265.5006
1456.1609
1390.7426
1398.3572
1335.0316
1356.5843
1416.5248
1204.9978
1551.5526
1410.4388
1454.7396
1784.1526
1367.3678
1536.6122
1476.7124
1387.9461
1503.6122
1237.4256
1280.5185
1508.683
1526.5215
1642.3203
1596.0131
1360.3713
1336.6342
1330.1898
1447.646
1502.9022
1543.6187
1490.378
1352.6007
1216.2125
1460.9987
1625.4227
1633.9552
1790.1466
1444.532
1351.2532
1342.8133
1595.7794
1549.3544
1540.9567
1351.89
1371.6562
1511.7089
1614.1591
1436.2375
1349.8773
1699.0874
1420.9943
1424.3771
1415.0186
1447.3834
1116.4025
1565.4078
1608.3669
1521.1871
1431.6422
1553.2042
1416.3545
1708.6105
1487.7814
1381.8996
1479.32
1442.4221
1369.6436
1507.2814
1505.9714
1387.1106
1447.4614
1377.1992
1216.1119
1519.91
1321.6334
1389.4498
1356.3659
1429.5014
1229.7689
1608.8101
1468.1239
1332.3124
1291.8865
1260.626
1398.2053
1466.7615
1413.616
1375.0417
1359.7522
1423.0364
1556.8926
1671.0518
1181.1892
1424.9228
1254.9664
1227.7481
1245.1919
1443.4762
1462.6345
1258.8786
1209.5225
1239.8902
1293.6218
1735.2378
1602.33
1594.2437
1663.4456
1528.4119
1427.638
1594.6192
1279.7906
1681.8909
1543.4493
1628.4799
1650.2142
1431.091
1624.2378
1358.3604
1532.5484
1651.6328
1557.8062
1381.5691
1187.4176
1368.2646
1452.727
1458.3893
1399.5802
1836.5066
1586.3672
1600.8474
1397.3971
1567.2556
1346.5762
1311.1001
1341.6049
1438.619
1501.7577
1480.2229
1529.6772
1332.398
1463.1713
1592.5003
1543.8542
1559.4647
1546.7402
1394.1244
1188.8044
1311.3059
1556.9607
1447.2863
1384.599
1400.6657
1642.9286
1576.2769
1482.6132
1596.3852
1520.1638
1488.9983
1471.4182
1486.4383
1499.0672
1506.569
1730.8591
1775.7765
1504.5354
1417.5411
1277.936
1367.0617
1564.3688
1398.7869
1778.0806
1531.4354
1569.4268
1614.827
1584.2864
1666.3056
1690.3739
1458.508
1401.0204
1435.217
1662.339
1519.4348
1521.0897
1526.5553
1426.9907
1398.9511
1638.3116
1662.3665
1723.8445
1573.1983
1516.6585
1267.0374
1515.8083
1563.6794
1637.979
1568.8622
1453.5766
1439.4502
1329.8368
1456.5763
1364.2543
1621.6111
1450.0531
1346.8221
1612.5801
1477.7011
1475.5923
1737.5531
1524.7958
1489.923
1490.3019
1406.0244
1394.9217
1521.0615
1621.4295
1627.7228
1786.3986
1491.7795
1413.6556
1291.0132
1206.9029
1713.5683
1653.6389
1693.4009
1459.4851
1502.408
1542.0474
1582.9596
1483.3763
1611.7468
1613.667
1553.9687
1795.8941
1524.4956
1545.2642
1727.2812
1380.4446
1171.9143
1058.1639
1354.4456
1459.9724
1541.9827
1607.6546
1287.9412
1466.3255
1429.2325
1444.5686
1594.701
1590.274
1580.6291
1818.3224
1544.8099
1477.1663
1623.0674
1548.038
1760.9157
1382.4651
1568.9499
1723.9006
1294.3293
1484.4494
1562.9899
1418.2214
1695.49
1660.8925
1417.8272
1593.1001
1436.1016
1765.9385
1614.5334
1178.1021
1582.2761
1366.8983
1517.0354
1451.5543
1711.4242
1295.3295
1242.9104
1390.8572
1273.0306
1216.7833
1542.4197
1634.1438
1580.5002
1465.5132
1420.016
1641.1349
1705.5751
1864.6082
1705.0828
1690.2678
1596.0568
1537.0739
1379.1619
1228.5674
1229.6889
1547.0442
1450.7481
1482.9475
1591.6324
1550.2296
1643.4387
1304.357
1542.4161
1535.3174
1587.1207
1618.7789
1600.0483
1528.652
1423.8158
1632.2503
1748.2593
1570.1179
1515.1559
1661.8253
1357.9895
1462.7959
1728.9738
1734.9503
1480.184
1410.421
1233.3916
1431.2804
1611.2671
1501.806
1683.9177
1475.6553
1461.4979
1363.2797
1306.1814
1632.1886
1375.9509
1623.6459
1436.9125
1365.5815
1590.5224
1653.8608
1235.0048
1312.2652
1261.0519
1606.2278
1642.2195
1704.0943
1227.5638
1386.3254
1335.5513
1470.9325
1533.008
1575.4744
1571.5531
1438.8707
1769.9946
1416.0724
1643.1868
1606.984
1445.3341
1435.0427
1303.7581
1325.4724
1355.1359
1750.5903
1543.1435
1580.1453
1464.3552
1537.7774
1357.7003
1496.218
1678.2182
1494.0471
1671.9756
1499.7617
1256.0922
1459.4555
1467.3135
1430.962
1542.8073
1527.9942
1521.8056
1417.1068
1541.6038
1340.2855
1528.8974
1714.5084
1868.6525
1601.4291
1493.083
1457.3084
1644.3639
1502.7811
1543.8179
1621.2373
1644.3087
1514.1287
1216.7303
1342.4197
1515.3072
1497.3677
1618.6461
1472.1546
1485.3526
1769.9788
1735.6798
1270.3304
1425.9191
1539.6563
1500.0598
1629.0806
1514.7329
1444.8124
1214.8688
1081.3508
1779.5739
1604.4558
1514.9258
1291.3206
1462.8476
1368.2037
1526.7417
1374.6869
1597.4387
1361.5538
1640.1468
1467.2034
1410.4664
1434.4058
1467.1271
1411.5583
1550.9147
1422.8679
1600.8354
1674.1266
1755.9304
1557.9376
1401.6507
1372.7984
1477.5768
1487.1443
1735.474
1613.6865
1574.2094
1660.1168
1172.8732
1458.5522
1475.0556
1518.0302
1836.487
1670.9406
1416.4022
1553.0788
1304.083
1289.9833
1603.8799
1563.5781
1571.0768
1516.6953
1640.7874
1315.1654
1357.335
1602.9061
1663.3106
1408.6256
1507.1232
1593.176
1619.4299
1405.9363
1415.9159
1564.5328
1604.1893
1442.7092
1385.4826
1438.1625
1254.2012
1484.0819
1729.9247
1400.0015
1474.8224
1250.6102
1577.8856
1277.6961
1404.5041
1403.4239
1443.5797
1366.5986
1554.2645
1482.749
1514.4536
1686.3932
1415.8295
1414.7493
1783.8108
1605.257
1742.0827
1655.5321
1456.1708
1353.9117
1389.9051
1291.042
1699.9698
1425.323
1126.6545
1492.6009
1547.1511
1243.3821
1162.5189
1420.5247
1358.2826
1420.0997
1506.1058
1526.021
1509.4398
1460.4366
1292.7776
1324.8533
1559.8215
1614.3486
1408.9127
1534.5976
1313.9281
1482.4072
1619.7622
1480.2358
1403.4831
1348.8998
1466.7319
1478.5731
1341.9825
1545.4204
1552.2675
1715.0984
1700.3868
1528.7061
1270.1192
1424.5661
1271.7305
1459.7389
1681.161
1675.5761
1566.0683
1578.8654
1493.9995
1579.7345
1491.8005
1352.6427
1513.2637
1581.1221
1668.1087
1333.342
1571.6971
1381.6846
1286.9535
1434.394
1622.7593
1612.3885
1662.3955
1445.2683
1494.4084
1318.2472
1618.389
1355.6247
1413.9052
1288.9472
1523.4076
1618.5408
1456.415
1406.1467
1231.3703
1453.8061
1452.7547
1421.0674
1432.8202
1438.7359
1523.7132
1541.0919
1370.264
1487.2007
1424.2818
1531.3851
1356.2336
1295.1906
1434.3812
1462.0606
1430.1434
1712.4333
1585.9735
1585.028
1575.7408
1396.3264
1531.1183
1339.3433
1607.7329
1544.8902
1493.7809
1316.2957
1400.1846
1326.5632
1163.3768
1477.9189
1527.1758
1383.7339
1450.1469
1445.1896
1336.6613
1553.6531
1509.7867
1371.3057
1554.0442
1633.9377
1542.902
1383.0709
1372.2088
1391.3765
1679.5736
1790.3096
1580.0721
1502.5635
1405.916
1860.0056
1538.6153
1350.2191
1537.301
1602.7483
1521.0733
1653.0354
1564.7542
1567.6209
1561.7232
1672.8751
1367.7031
1371.0334
1470.9115
1541.6157
1482.4283
1449.7285
1654.3659
1410.3431
1169.0925
1375.0016
1592.0694
1473.4649
1666.6536
1597.1894
1524.3082
1703.5079
1571.3011
1514.2389
1804.2107
1538.7474
1484.907
1187.5921
1468.9756
1607.2453
1483.7632
1355.4877
1547.3373
1670.2527
1375.1587
1433.2397
1385.1776
1278.8652
1558.8262
1785.5711
1461.2891
1383.9925
1457.0929
1613.2496
1708.2294
1228.2553
1769.9278
1656.3513
1410.8049
1710.6634
1508.2519
1228.3762
1443.8496
1501.2818
1575.0593
1380.9485
1202.2208
1518.5656
1388.3087
1670.3924
1370.745
1431.8199
1314.0834
1485.7147
1509.3706
1603.8427
1685.9324
1526.9457
1343.8423
1408.0206
1304.7393
1456.0341
1364.3038
1631.9928
1337.8065
1329.0702
1384.8379
1697.0081
1410.568
1359.717
1386.9714
1312.8494
1488.0706
1457.3733
1457.5407
1643.6948
1382.474
1481.5574
1272.7746
1556.5783
1517.8532
1641.4609
1509.3144
1381.0123
1325.2332
1307.2145
1582.8067
1758.7963
1590.714
1560.6752
1528.551
1321.5571
1616.8721
1424.8153
1588.1975
1512.1393
1461.3333
1495.1854
1403.4567
1724.3347
1571.9762
1549.7567
1353.5201
1665.1985
1438.4452
1378.5505
1571.4572
1548.6469
1718.8227
1336.1016
1345.4476
1496.5187
1422.8289
1829.7975
1468.7388
1567.2586
1679.6851
1477.2752
1512.1471
1563.8396
1862.268
1477.0614
1221.53
1180.7064
1379.3595
1430.43
1231.3838
1134.545
1487.5469
1316.6117
1665.5141
1381.4872
1436.8744
1532.1529
1425.7971
1233.4215
1562.4189
1510.909
1463.0851
1577.2984
1448.6982
1657.6177
1334.6157
1617.6376
1476.9042
1345.7064
1347.2589
1729.7824
1238.6548
1742.5637
1587.0946
1494.324
1356.8227
1490.6713
1471.7995
1633.7389
1431.0848
1445.0627
1428.7849
1543.9488
1317.8517
1834.383
1749.3747
1724.8495
1723.0509
1525.6765
1219.1378
1363.1423
1746.81
1263.0335
1409.5488
1486.6926
1423.7697
1618.7469
1558.7234
1468.8585
1519.32
1643.0107
1609.634
1575.8803
1287.5852
1489.1859
1341.9963
1648.9763
1187.5956
1642.7009
1537.5243
1480.0805
1574.0379
1378.4593
1506.915
1495.1166
1639.5238
1414.2146
1418.2381
1381.9911
1546.6895
1289.7162
1692.8118
1666.3046
1453.3762
1604.8822
1435.863
1549.9627
1496.4662
1705.8367
1593.4433
1602.9754
1613.7539
1682.8863
1403.6419
1517.8079
1398.453
1635.5113
1546.282
1763.5808
1461.2865
1559.5508
1525.4326
1621.3308
1484.0999
1588.434
1873.543
1672.1363
1634.1271
1455.2187
1172.3593
1582.6756
1730.6076
1846.5672
1709.3104
1560.0862
1389.6251
1694.8934
1550.8252
1644.3733
1564.061
1645.6341
1550.5693
1650.414
1654.2237
1689.4018
1411.469
1474.1623
1567.2827
1428.6104
1440.3864
1529.4894
1537.6164
1570.7197
1438.4264
1158.4518
1274.1841
1410.4085
1442.6539
1460.8014
1466.5772
1590.0205
1685.7131
1653.1782
1288.554
1299.878
1357.0574
1467.3708
1651.9052
1644.7537
1698.4111
1475.1291
1487.9495
1799.4165
1503.8197
1391.4379
1278.8922
1209.7062
1632.1204
1417.0742
1678.2985
1568.3241
1643.7744
1430.752
1342.5789
1480.7697
1635.7391
1763.1845
2001.4401
1777.5074
1473.2494
1804.6607
1600.4745
1434.7303
1267.8514
1480.2845
1425.3693
1521.6094
1460.4947
1248.9812
1556.1811
1765.7853
1625.4222
1483.6211
1488.7407
1612.2143
1258.2167
1358.4057
1587.0714
1561.1568
1661.6609
1646.2543
1417.526
1669.4974
1518.0798
1661.9034
1543.496
1360.6547
1598.5321
1412.6835
1563.382
1452.956
1687.2889
1510.7543
1464.7193
1534.1498
1656.1659
1395.0948
1584.3106
1486.7742
1536.7392
1649.7774
1771.2739
1766.0679
1525.327
1332.6078
1334.293
1711.2779
1498.7093
1450.9231
1653.8494
1684.7965
1493.5733
1547.0878
1526.8295
1649.2188
1637.172
1497.6872
1490.5738
1459.5227
1788.8844
1567.5322
1606.3974
1422.2679
1305.6325
1612.4508
1475.7043
1414.2885
1346.7575
1525.8501
1782.2561
1378.7432
1167.3895
1593.2053
1558.7414
1281.6749
1504.3227
1419.7659
1686.9778
1341.1817
1497.8593
1524.6035
1685.5642
1167.9594
1348.4962
1480.2189
1586.0374
1401.9002
1422.4656
1255.8134
1679.8407
1344.1451
1415.6928
1598.1559
1546.2068
1580.2824
1554.7012
1418.2064
1426.682
1409.7185
1352.6459
1204.0228
1616.3654
1464.6802
1541.1363
1412.7765
1593.9562
1539.9005
1695.1735
1398.3303
1403.3602
1558.7685
1691.2792
1757.7386
1946.7701
1636.1818
1616.379
1420.5439
1666.8958
1526.228
1500.9235
1602.8349
1475.5346
1335.0892
1516.0273
1528.2334
1681.3074
1422.0655
1545.2899
1292.5253
1475.5791
1568.7807
1683.4616
1547.4473
1674.5828
1443.1495
1603.3285
1688.4395
1390.3648
1418.6563
1468.3291
1619.9363
1517.0924
1527.8622
1804.1813
1593.3445
1340.5405
1619.0461
1365.5205
1500.6316
1540.0388
1191.2765
1316.1215
1523.4223
1790.0088
1660.9089
1517.5961
1526.2357
1369.6457
1410.5283
1301.7874
1342.3665
1556.4544
1658.4801
1381.0495
1593.5923
1469.0148
1457.7854
1224.374
1592.0966
1145.1393
1706.6394
1843.5153
1588.5982
1618.8872
1556.0969
1747.4924
1688.7326
1533.2926
1788.4709
1403.5431
1358.3116
1307.2615
1452.7261
1593.3298
1594.3847
1652.663
1433.0925
1342.8958
1535.7098
1405.3332
1494.3565
1397.3949
1377.6935
1389.0697
1662.3052
1376.2622
1497.3293
1424.2901
1540.8157
1806.0287
1671.4141
1644.2137
1736.3156
1619.298
1581.4093
1514.0636
1510.4461
1691.3643
1669.8617
1620.0897
1425.9545
1330.2084
1555.8002
1406.9879
1217.8225
1552.8189
1418.8558
1527.7161
1302.5489
1566.3183
1447.8244
1550.0153
1549.041
1498.9713
1610.7312
1520.4502
1509.5132
1629.7716
1601.2611
1426.511
1790.9548
1476.303
1513.5994
1401.8063
1538.4869
1622.7781
1494.6765
1353.6903
1356.1352
1371.618
1654.3123
1375.9325
1520.9069
1674.5121
1361.4006
1493.8803
1565.3397
1907.2389
1384.4628
1396.7373
1153.345
1542.1188
1520.3713
1981.2932
1501.5026
1572.1169
1430.1838
1801.7885
1632.5213
1473.2627
1434.8038
1456.7174
1515.7116
1628.6555
1626.9398
1636.3147
1661.7742
1654.1335
1594.0897
1620.6366
1632.3538
1458.2188
1364.1928
1452.0072
1488.2366
1427.5151
1625.4958
1696.5196
1728.45
1668.0581
1806.1862
1556.7815
1748.7201
1693.812
1562.5336
1802.658
1266.8483
1685.2635
1414.0284
1447.6218
1563.4432
1550.8013
1597.8641
1374.5509
1442.3023
1492.9258
1349.2648
1463.2106
1561.958
1431.127
1537.4666
1432.5461
1473.7461
1326.3013
1346.7683
1341.1043
1441.7831
1603.2693
1572.334
1717.3258
1689.8819
1363.1698
1882.1293
1670.6655
1419.2332
1514.7529
1465.527
1511.9202
1932.7745
1551.0627
1591.5221
1543.0803
1630.9485
1638.605
1446.7912
1444.9703
1379.7177
1549.2105
1636.613
1733.2681
1626.3442
1433.9206
1327.6261
1603.8504
1780.4747
1602.1709
1945.4615
1470.1389
1221.5652
1441.8876
1432.5315
1751.2722
1354.6324
1674.5539
1507.0569
1475.7982
1615.0287
1647.3208
1659.3137
1793.9441
1428.6013
1727.3386
1363.2399
1456.3064
1584.6532
1682.6575
1612.1969
1419.2996
1780.5424
1557.0612
1594.3057
1538.0409
1622.0431
1633.3616
1768.3468
1719.1595
1587.7344
1593.1782
1503.5458
1457.5937
1389.5057
1518.8366
1419.5636
1391.8777
1415.7922
1618.0791
1541.5684
1483.3495
1523.2412
1478.1982
1489.0012
1361.0426
1425.3271
1516.2093
1589.5854
1309.601
1370.1349
1589.7157
1582.6474
1340.9841
1514.84
1607.5586
1564.054
1466.352
1710.6967
1501.8626
1466.6054
1524.1309
1589.2114
1289.1046
1531.4879
1634.3188
1521.1575
1607.539
1707.4733
1382.1247
1747.0758
1523.6703
1344.0513
1739.3512
1779.6273
1768.9676
1486.5156
1339.9779
1562.1344
1600.2883
1799.0072
1792.2635
1705.8181
1531.4875
1472.9528
1434.5104
1546.4906
1494.9306
1556.8204
1414.0243
1335.7586
1233.1867
1444.2278
1461.4391
1530.3424
1456.3908
1537.9488
1400.7301
1626.6094
1384.4175
1159.9493
1472.4599
1485.7919
1582.5235
1754.0229
1537.7134
1743.2485
1725.3738
1378.1965
1582.9985
1491.2615
1266.7986
1396.6397
1297.0772
1431.1742
1571.7621
1649.8473
1494.4083
1506.4168
1216.8198
1630.7327
1820.8192
1486.5553
1686.5435
1354.8515
1558.4279
1453.8872
1590.0922
1455.3929
1544.9375
1442.0096
1548.8444
1440.4917
1257.5549
1327.2728
1220.7629
1395.2961
1580.3344
1526.9424
1474.5867
1516.033
1609.3408
1464.3341
1505.2038
1561.1527
1665.5014
1606.9783
1598.294
1341.7266
1583.1107
1721.0174
1706.7504
1804.6481
1815.0779
1780.9032
1750.5647
1351.2407
1523.6563
1915.0601
1771.1473
1734.4861
1420.6228
1577.4224
1623.6137
1703.3099
1397.1817
1432.1333
1455.2186
1499.58
1763.0794
1709.0804
1615.5988
1579.1326
1833.5374
1629.2748
1297.7908
1387.1704
1556.4915
1672.773
1528.7842
1767.9195
1512.8758
1717.9237
1725.7081
1709.9812
1851.3899
1290.806
1463.9299
1307.17
1665.2682
1520.1449
1744.3379
1649.8029
1466.3996
1476.572
1496.829
1626.7909
1473.0117
1468.9628
1558.5081
1554.5257
1627.0713
1835.7322
1512.0561
1694.5424
1232.0769
1641.7756
1383.6585
1425.7992
1653.3394
1505.364
1609.3727
1519.2377
1517.4029
1416.0741
1659.973
1585.919
1604.0157
1558.3569
1347.6097
1574.7008
1460.3351
1779.811
1539.3015
1368.9563
1520.3771
1692.9074
1753.4097
1475.3296
1525.1183
1731.9594
1312.8346
1313.4027
1086.8438
1324.976
1470.2863
1370.9324
1699.2136
1475.9335
1353.4644
1680.7516
1509.0789
1359.9665
1555.3501
1373.7178
1214.7031
1364.4846
1324.3323
1562.1743
1457.2322
1614.4224
1439.1781
1578.3767
1358.1666
1347.6854
1655.9655
1553.0921
1511.3849
1398.1217
1299.1604
1519.2387
1888.9081
1565.531
1774.2355
1437.7509
1384.2365
1461.0352
1320.4118
1669.6544
1674.9852
1657.7777
1769.0062
1533.4598
1666.6625
1499.9488
1530.1195
1658.1885
1672.9184
1426.0911
1298.45
1364.0786
1346.9485
1464.0875
1683.0804
1648.6016
1333.5898
1450.8313
1447.5484
1448.3041
1555.8305
1530.4941
1671.6223
1362.6525
1469.4492
1384.979
1441.3911
1516.6507
1290.6284
1397.5941
1593.7104
1605.3677
1704.821
1716.1316
1815.7543
1615.9365
1462.9597
1564.3468
1616.8827
1459.7633
1456.4625
1089.4547
1446.9691
1473.5694
1346.8939
1634.6849
1647.976
1464.7591
1323.7413
1516.5006
1441.464
1510.5568
1474.3649
1764.1659
1457.7416
1395.7703
1671.2842
1422.838
1387.1687
1355.463
1733.1373
1329.9566
1621.4227
1541.2197
1467.2214
1652.9529
1292.3045
1323.3218
1495.4087
1268.0471
1394.9312
1239.1859
1417.3921
1584.3418
1562.6089
1506.4727
1239.4396
1316.7507
1623.3319
1547.2994
1538.0397
1451.3466
1479.718
1463.2516
1625.2625
1473.8633
1378.4433
1344.7835
1402.8351
1233.8664
1287.0854
1395.8667
1302.7917
1650.8002
1413.7224
1518.271
1437.9649
1539.4282
1403.2882
1606.6345
1675.2796
1353.3801
1356.0494
1640.3572
1400.8066
1467.9387
1403.7385
1323.389
1501.1397
1433.4783
1591.8509
1695.5675
1435.4457
1385.1579
1655.5553
1409.0572
1518.9983
1333.8819
1469.8168
1575.6295
1519.1215
1606.0958
1240.9377
1263.0539
1515.2556
1583.7961
1519.0049
1406.2161
1564.1085
1458.8403
1631.2992
1635.0088
1522.6167
1417.0317
1389.6052
1484.0311
1466.9917
1427.0361
1369.3982
1505.6918
1543.7603
1535.8738
1416.5511
1407.9783
1623.9112
1622.929
1550.5774
1527.969
1565.0251
1250.7417
1333.3117
1260.0728
1451.1009
1079.4958
1394.6025
1555.2197
1515.0664
1285.4387
1547.8992
1369.5959
1512.2074
1575.5186
1495.2517
1388.7072
1605.4345
1619.2251
1539.7215
1565.1157
1629.3184
1519.1695
1592.3333
1520.9511
1665.506
1443.3458
1441.708
1493.8157
1717.7849
1616.3454
1565.1327
1341.9784
1517.641
1362.6454
1623.1037
1341.7359
1650.9404
1848.7807
1509.6389
1480.7834
1554.5613
1580.719
1682.5027
1514.3543
1529.6769
1758.0573
1227.9032
1544.171
1476.1465
1388.3361
1579.259
1756.76
1453.698
1563.7174
1447.0341
1383.1552
1415.2503
1449.99
1266.3096
1232.6831
1470.027
1271.65
1384.3804
1525.7178
1361.4484
1417.2901
1489.1365
1417.9583
1313.0547
1325.5657
1295.0455
1329.412
1711.757
1535.1403
1184.4998
1326.9662
1262.5357
1367.9188
1503.9932
1429.4293
1555.0617
1479.0635
1518.3836
1380.0094
1248.9533
1165.2337
1700.263
1413.9054
1578.9927
1443.3936
1549.1314
1593.7494
1711.6671
1729.0942
1602.7363
1528.2705
1497.9603
1288.3806
1428.7192
1579.3609
1392.9417
1529.9648
1352.6921
1265.2415
1479.1071
1498.6086
1334.2091
1587.653
1446.7425
1565.486
1306.8401
1739.9869
1488.3794
1569.0697
1614.6861
1376.7661
1630.7653
1626.2871
1629.5697
1454.116
1661.74
1434.0971
1664.5925
1571.4764
1434.7923
1376.6957
1689.5261
1637.93
1481.2913
1560.1114
1634.0067
1616.9684
1539.5927
1629.6366
1466.8004
1716.7324
1563.6121
1535.2568
1705.9676
1404.7076
1475.0326
1475.0126
1485.2525
1453.2298
1588.228
1523.3901
1576.3763
1645.4688
1484.3548
1574.9092
1390.7248
1420.8325
1474.6856
1570.7655
1225.4443
1637.7017
1520.8179
1406.2433
1779.0153
1718.6636
1584.4357
1487.102
1493.018
1535.8733
1689.0365
1596.3686
1417.1924
1575.6167
1678.0685
1637.5748
1496.4645
1385.9629
1597.6486
1333.8665
1502.6218
1631.9592
1509.478
1668.8485
1502.2306
1417.2669
1636.2134
1485.7271
1683.2119
1652.7251
1437.5277
1192.0325
1507.4897
1883.9509
1662.0762
1377.1542
1538.5128
1115.527
1457.2723
1288.9739
1513.1457
1538.6521
1459.4767
1268.6675
1479.5131
1549.2737
1553.7373
1640.211
1535.0579
1534.2075
1425.405
1367.0687
1375.3125
1475.7232
1398.7482
1468.3602
1371.986
1469.191
1556.3476
1452.0853
1436.6061
1405.1221
1364.839
1215.8924
1522.9538
1428.9502
1528.5118
1470.2006
1468.2372
1654.5168
1613.8694
1258.0035
1316.035
1460.6736
1432.5028
1562.223
1497.4659
1569.3269
1441.5495
1407.9988
1297.0886
1438.9398
1572.5396
1553.9706
1345.8659
1428.6154
1428.7799
1356.8561
1308.4975
1613.7603
1469.7521
1690.1713
1242.4819
1452.1465
1377.0885
1481.0482
1421.6149
1469.7924
1411.5172
1384.0833
1543.7474
1360.8322
1378.316
1462.3501
1450.9005
1211.2525
1461.5443
1125.5475
1266.1482
1183.1335
1585.9213
1647.3182
1338.1771
1240.5944
1229.5851
1421.4401
1829.9208
1512.5435
1741.2315
1741.1325
1305.9462
1353.3648
1400.8803
1647.4262
1438.6132
1535.1283
1299.0156
1352.894
1501.959
1617.455
1487.6626
1605.07
1389.1969
1405.9869
1726.3008
1510.0368
1391.6112
1524.8878
1570.085
1320.8639
1631.608
1472.1517
1499.1672
1257.4701
1435.436
1495.8061
1644.2383
1666.3092
1529.7212
1541.912
1557.5694
1493.36
1559.963
1491.4949
1445.729
1574.1287
1275.8716
1572.2649
1632.6044
1453.0609
1596.7962
1578.8822
1740.2483
1564.8341
1685.3009
1697.2743
1568.4083
1296.9833
1763.4333
1374.4087
1392.8687
1571.1792
1506.0269
1275.5331
1357.3504
1125.526
1651.1345
1429.497
1414.6208
1435.0349
1405.2469
1474.7887
1405.6199
1378.5889
1376.5997
1431.7087
1596.9562
1334.7892
1284.142
1640.8887
1507.2311
1521.6585
1449.2457
1816.8875
1540.2541
1734.2727
1329.6194
1511.1181
1418.5518
1405.6168
1538.209
1620.1712
1533.3708
1558.6294
1429.2686
1294.4951
1354.5624
1578.7233
1365.3794
1755.8223
1403.893
1382.6721
1567.9533
1590.5397
1654.9641
1549.4715
1626.1763
1454.2159
1735.4309
1526.2396
1666.7285
1494.3681
1675.6867
1439.9418
1499.8605
1516.5956
1359.5876
1358.6259
1661.9359
1710.1132
1394.6669
1720.0203
1354.8242
1510.2718
1463.0272
1387.4454
1580.9534
1648.673
1463.2353
1334.8892
1487.5412
1416.4412
1480.2426
1324.4426
1538.0307
1420.775
1463.8018
1460.1389
1630.5744
1585.0176
1432.8491
1249.1295
1438.3988
1599.9678
1532.0223
1599.0763
1553.8143
1462.4589
1581.9894
1624.9361
1666.4927
1252.9958
1514.9875
1640.5361
1425.4103
1733.1134
1454.9565
1346.9495
1125.5625
1507.1779
1653.8906
1550.5088
1655.2028
1565.0437
1438.8679
1057.4684
1257.8007
1539.3818
1695.4281
1530.4637
1619.1724
1405.6584
1525.0049
1567.0007
1592.7321
1226.5368
1303.3227
1298.1559
1542.7797
1318.8153
1452.1001
1342.8808
1462.4107
1284.0527
1436.9514
1476.9142
1536.4819
1420.945
1580.1073
1542.513
1692.527
1437.4128
1700.4318
1464.9528
1509.367
1757.2307
1348.0081
1469.3577
1770.9941
1646.3516
1490.947
1545.2519
1351.826
1496.9215
1383.2414
1731.1369
1883.9592
1603.6404
1724.4241
1572.8596
1427.9327
1619.9441
1665.9816
1758.9213
1791.528
1408.0315
1661.073
1217.0279
1305.3061
1472.7011
1444.943
1795.0817
1308.4459
1692.9926
1699.8423
1752.6164
1610.4308
1533.1263
1618.1947
1567.813
1335.0889
1620.4505
1344.4019
1538.4537
1595.5422
1450.3553
1527.7397
1519.0852
1611.1593
1937.1314
1802.7032
1470.5118
1478.7463
1695.0563
1692.9507
1607.8864
1615.973
1809.346
1516.3563
1626.1603
1751.5694
1763.8907
1396.3544
1516.8636
1662.5528
1699.8736
1809.4635
1746.231
1425.8444
1493.1662
1549.5956
1597.3052
1537.1295
1436.2269
1509.8572
1319.4415
1578.18
1266.4998
1406.1919
1422.7509
1829.8443
1621.0701
1600.1331
1584.1666
1380.6221
1371.582
1344.5126
1522.3467
1720.4987
1526.9393
1541.5804
1514.0842
1364.5208
1512.0686
1610.7234
1560.8644
1490.4005
1466.902
1696.274
1649.7514
1609.4678
1347.0599
1353.0891
1414.2695
1278.3377
1796.0104
1645.6898
1752.1861
1400.9353
1485.3698
1175.7962
1417.5535
1547.379
1414.1721
1474.7898
1494.9472
1774.427
1810.283
1443.2608
1442.0272
1563.5432
1105.5645
1692.681
1640.1615
1887.4252
1516.7964
1889.8581
1730.7353
1784.6396
1802.9407
1643.9219
1413.3215
1431.9934
1382.0617
1440.3085
1523.5431
1479.9455
1573.4476
1495.2675
1470.7359
1144.4133
1606.1817
1765.522
1708.9878
1842.3143
1377.9248
1568.7002
1295.191
1556.9062
1604.694
1551.5372
1497.6023
1654.1156
1616.274
1310.0671
1500.3918
1729.7559
1597.0094
1378.2767
1550.9789
1414.8842
1342.2526
1448.8246
1470.4396
1416.8827
1513.4009
1389.6851
1338.8793
1420.3692
1595.5842
1466.8771
1538.9925
1414.1538
1792.5421
1459.2513
1034.9657
1365.757
1538.9751
1564.9226
1420.6963
1261.9708
1335.5596
1527.5625
1429.5348
1567.5396
1433.7492
1436.1151
1285.281
1429.8815
1525.0769
1556.909
1297.8799
1583.229
1560.3602
1542.273
1394.954
1673.5179
1544.0948
1590.6026
1609.0523
2008.7506
1774.0452
1638.8888
1694.2168
1514.0304
1554.1942
1366.0886
1540.2421
1477.5754
1773.9755
1429.7217
1566.3855
1788.6642
1723.173
1791.8887
1577.4906
1529.5579
1332.0958
1709.2354
1741.3821
1578.001
1362.5614
1673.4306
1538.1363
1657.713
1425.5655
1480.509
1796.3034
1678.7268
1432.6116
1850.7363
1641.7676
1519.5023
1726.218
1611.2361
1472.316
1483.9376
1646.606
1620.9724
1513.8814
1450.4701
1528.561
1532.6623
1500.087
1463.2686
1552.9421
1453.3566
1421.6161
1524.313
1542.116
1481.5546
1641.6545
1742.8674
1677.7477
1477.7089
1652.0047
1498.2862
1422.4162
1528.6516
1427.0278
1423.7605
1321.0373
1488.8457
1752.9992
1550.5829
1665.5871
1536.9875
1439.4833
1447.2372
1627.4348
1567.9098
1956.4386
1609.9585
1555.9074
1511.1548
1690.8484
1542.2137
1614.415
1450.6951
1626.1694
1398.474
1508.7058
1702.8164
1432.9582
1568.5838
1577.3277
1496.246
1496.025
1448.0335
1539.886
1566.6171
1746.4718
1693.9517
1538.1455
1441.5342
1501.1787
1543.0015
1755.1358
1546.5796
1701.8859
1394.1118
1597.6005
1509.0978
1469.9328
1357.4867
1533.1346
1553.0704
1553.5195
1449.0337
1386.8037
1365.4628
1552.1805
1464.1929
1630.751
1685.4294
1520.2279
1600.3159
1413.2427
1160.3043
1569.5876
1411.5756
1608.2213
1620.4895
1482.629
1670.6156
1575.0058
1431.7448
1367.2199
1433.326
1455.0848
1429.9911
1600.0866
1464.5456
1459.4051
1493.634
1486.9692
1428.2517
1572.8981
1559.8824
1467.0517
1624.1839
1706.9442
1459.0327
1430.3573
1620.0044
1333.8938
1541.4193
1572.5066
1537.0744
1786.4058
1545.6025
1523.3369
1606.0756
1732.3512
1469.9823
1476.0697
1672.702
1731.8215
1703.8252
1478.9483
1434.1428
1611.985
1491.9135
1522.6964
1258.7183
1463.3128
1614.2004
1682.6385
1779.1584
1738.3773
1722.0782
1576.7458
1875.7538
1605.8137
1398.1663
1573.2439
1659.2968
1589.8111
1530.2236
1446.2787
1471.4159
1446.7407
1244.853
1683.1422
1555.5681
1543.1519
1434.8744
1401.8321
1544.2479
1580.6407
1475.4774
1500.6481
1575.8443
1709.6204
1627.1145
1482.5941
1697.7022
1504.6437
1591.9694
1470.0874
1522.1274
1288.4062
1233.5354
1457.2186
1440.5433
1508.0131
1624.993
1646.6154
1571.7402
1353.9865
1623.3887
1456.9197
1546.0809
1652.0726
1503.4648
1512.5361
1661.6964
1435.5365
1597.5367
1490.8874
1422.2302
1184.2267
1172.6571
1550.8788
1507.052
1442.3323
1439.0352
1450.7648
1384.1989
1550.9422
1554.6038
1670.1799
1552.7892
1562.5111
1402.0792
1520.5804
1581.1357
1251.8074
1469.987
1817.7388
1620.0853
1677.1335
1754.3209
1295.4673
1336.3058
1659.9759
1662.129
1422.9692
1615.4747
1502.2461
1446.8854
1690.1715
1307.7761
1530.7179
1622.9739
1460.1672
1495.0364
1344.3829
1478.6716
1477.8132
1247.3756
1679.4992
1530.878
1623.9138
1571.0663
1438.2144
1364.5852
1613.3248
1567.4964
1433.4358
1553.8618
1463.2476
1386.5813
1535.3079
1409.8064
1360.562
1530.821
1577.3979
1760.2438
1840.4876
1563.0174
1552.8976
1393.7027
1243.207
1436.9857
1680.2521
1655.571
1425.4447
1509.3426
1491.368
1457.2328
1648.0164
1543.1101
1480.7306
1439.5911
1447.4474
1646.4388
1557.429
1355.4417
1218.5872
1448.7435
1449.4994
1405.4822
1694.4812
1604.8586
1528.7576
1420.8027
1618.9731
1416.9995
1421.3197
1759.7121
1564.7429
1584.1446
1459.4773
1555.8506
1579.0687
1533.9979
1469.0085
1534.0945
1562.5266
1569.0685
1722.7513
1738.353
1483.5315
1462.0492
1279.1983
1316.2026
1612.8576
1556.1579
1743.8434
1467.6741
1540.6648
1203.0727
1482.5731
1507.8166
1496.1679
1594.4292
1400.469
1593.4683
1578.0012
1522.2056
1673.5555
1566.5042
1504.8094
1605.3344
1552.2917
1291.2293
1463.7417
1305.4294
1440.4093
1380.8764
1498.7107
1503.9129
1423.4438
1567.8854
1481.6404
1424.2413
1347.9527
1707.0298
1615.9219
1645.6985
1491.1673
1611.4183
1522.9463
1396.0405
1526.2415
1649.1399
1185.3166
1234.1783
1478.6244
1256.7459
1399.0908
1544.9702
1450.7408
1291.0324
1540.943
1381.3534
1673.9553
1537.464
1527.2122
1554.6798
1501.4875
1426.311
1523.5735
1369.8145
1530.5324
1423.5664
1208.9725
1485.5294
1455.6398
1527.1563
1509.1376
1557.8868
1512.8233
1275.2588
1540.1705
1546.434
1488.6103
1440.8804
1582.6099
1550.3324
1382.985
1708.011
1724.8078
1621.2445
1607.5671
1613.3504
1504.9924
1534.8038
1799.6144
1594.9615
1610.0492
1577.4814
1567.589
1559.6414
1360.0317
1568.0806
1792.407
1748.8743
1389.6371
1499.5503
1484.9995
1614.4394
1643.0874
1480.2102
1282.4343
1666.2695
1630.2996
1623.9397
1509.1296
1639.9871
1406.1256
1561.7288
1480.8183
1414.223
1303.2944
1542.0505
1750.5374
1730.1501
1557.4656
1509.5463
1493.8262
1345.58
1387.8493
1487.9501
1277.7894
1323.7441
1366.6476
1736.5873
1459.8408
1288.7069
1304.4545
1360.9155
1373.1255
1591.8639
1609.7485
1699.8806
1458.1561
1607.6965
1597.1952
1537.079
1280.9474
1412.9417
1267.8076
1480.8605
1712.5644
1464.5484
1789.4579
1643.5072
1386.6213
1328.7271
1518.2324
1693.8216
1525.7373
1537.5822
1513.7666
1504.7509
1795.517
1703.1809
1651.3899
1403.2755
1467.1741
1446.5318
1804.4497
1499.7337
1710.2313
1565.3899
1540.6023
1552.3927
1410.2744
1309.1641
1414.5165
1361.2263
1260.3694
1424.1295
1513.0427
1460.7231
1565.7596
1428.1217
1474.2662
1614.0717
1634.6124
1353.3614
1304.1235
1333.6969
1549.1757
1372.2502
1690.8285
1436.4108
1301.8922
1608.5915
1730.307
1691.7758
1336.4261
1657.587
1331.3684
1238.4589
1451.2302
1478.8982
1626.2773
1595.6992
1586.6441
1533.7197
1363.1127
1408.6003
1660.0434
1570.6103
1527.9428
1436.3345
1520.3613
1519.9847
1302.9769
1325.3221
1444.0822
1558.0446
1432.2518
1612.5348
1714.028
1758.2313
1504.8747
1366.6879
1240.7413
1526.0773
1564.8348
1870.9867
1698.2904
1582.8319
1691.8858
1799.9139
1453.2162
1722.8135
1701.7687
1449.018
1309.8858
1439.5737
1610.7412
1490.1738
1757.4693
1363.341
1459.1236
1607.0467
1613.1884
1366.1645
1275.7756
1639.0577
1638.698
1560.3037
1734.3333
1652.9104
1557.3881
1677.2189
1160.8297
1493.7295
1485.6774
1546.2379
1510.8356
1495.3955
1566.7997
1395.3602
1544.7
1750.8111
1436.3658
1367.6921
1537.3758
1459.6489
1566.1558
1640.3869
1390.8286
1390.1603
1447.3096
1608.0468
1365.5223
1642.4432
1675.6018
1574.0318
1313.7123
1240.9051
1213.3571
1524.2668
1537.5104
1585.0393
1522.0406
1405.563
1694.6194
1475.2345
1446.7999
1381.0084
1546.8636
1392.2356
1434.2623
1373.0988
1663.2656
1576.0608
1487.0035
1353.535
1500.6431
1482.3528
1537.4294
1409.8591
1538.7401
1579.931
1684.357
1410.8852
1411.0561
1606.7477
1283.9526
1825.5344
1407.1775
1560.1281
1344.8967
1304.1326
1634.6846
1534.0261
1548.4395
1473.3916
1397.5285
1675.8023
1828.372
1630.1886
1475.816
1417.8608
1485.355
1533.1959
1694.5485
1579.6679
1627.5968
1609.083
1495.1929
1578.9555
1371.4444
1460.503
1685.0935
1342.0562
1701.3477
1544.5169
1457.0697
1581.4624
1831.0473
1494.4846
1574.2764
1194.1802
1336.672
1413.2328
1427.1958
1435.2312
1166.4448
1392.0524
1087.9657
1574.3127
1589.211
1472.8042
1759.4096
1355.1725
1440.0598
1492.6639
1363.0661
1781.3231
1843.65
1652.7899
1685.1771
1457.5289
1291.6222
1643.5993
1609.5131
1710.0215
1590.5679
1576.8626
1567.7874
1367.5224
1352.3494
1365.9236
1648.9309
1738.1555
1708.6835
1674.639
1448.4699
1656.7365
1764.1119
1624.1063
1655.7879
1471.7239
1639.6601
1403.9809
1431.0946
1659.5028
1509.5646
1732.2713
1583.2959
1481.2286
1575.2636
1323.8988
1453.5977
1676.0695
1793.5501
1485.2255
1480.8477
1332.8821
1358.4122
1353.0553
1494.0684
1743.3353
1585.4424
1719.1802
1599.6659
1389.5256
1520.4146
1490.7656
1481.7421
1423.5179
1457.528
1539.2485
1419.5556
1415.5782
1449.9846
1298.4861
1394.9435
1557.7341
1475.6273
1416.9607
1647.755
1386.0495
1425.982
1498.5488
1312.1471
1331.184
1639.3509
1456.1713
1395.6718
1569.4226
1668.9151
1596.5448
1460.8971
1251.7329
1367.8641
1365.7056
1452.5009
1539.1321
1386.5236
1249.9496
1486.3019
1381.6688
1291.0408
1586.5795
1630.9226
1428.1866
1448.3528
1646.8123
1588.2645
1615.9374
1451.6418
1775.8252
1613.1236
1520.2597
1478.6047
1629.8895
1568.8064
1471.8029
1380.1506
1361.5277
1371.556
1471.8817
1410.2637
1469.3697
1666.4303
1611.2224
1379.3132
1586.093
1464.4447
1521.2004
1312.5362
1467.8227
1386.1711
1366.9255
1184.7411
1418.6119
1496.7032
1476.9082
1735.6273
1559.7203
1474.1082
1403.9728
1533.4613
1533.6699
1597.3592
1501.6428
1421.3343
1613.0236
1338.4178
1580.9428
1438.5775
1341.3396
1116.2916
1399.6857
1720.3538
1603.6678
1572.6762
1435.9366
1366.6181
1193.8041
1589.9337
1840.1837
1626.8063
1671.0156
1790.4165
1615.3817
1562.2723
1719.9347
1548.6153
1475.58
1525.3591
1436.6324
1363.7447
1447.7438
1472.912
1552.9358
1752.9819
1638.0764
1468.9464
1403.0273
1572.7587
1452.6517
1533.2472
1289.4419
1528.1464
1548.798
1581.4488
1402.2415
1519.1214
1172.2087
1548.5188
1628.1769
1479.5196
1267.8973
1760.5675
1458.6084
1507.5879
1579.2063
1633.2697
1541.6946
1562.5575
1536.2311
1526.2183
1674.4547
1451.2102
1636.7686
1453.3171
1440.6244
1651.1685
1576.3209
1248.9898
1346.5061
1418.3698
1610.7824
1719.6342
1536.7047
1454.4783
1535.7706
1421.0549
1436.7941
1429.0105
1474.9789
1479.1689
1610.011
1374.7848
1595.0243
1788.8554
1541.982
1589.3839
1603.1162
1592.3895
1529.7368
1409.9443
1631.5148
1530.6358
1453.4118
1731.2918
1319.0134
1508.2071
1380.1591
1730.919
1458.9742
1554.6752
1463.2304
1171.7369
1384.6278
1486.3709
1445.6759
1724.4381
1465.0963
1568.9128
1631.9798
1777.1207
1421.98
1484.2089
1483.7929
1484.0953
1526.3625
1534.0649
1515.6834
1495.0191
1626.2043
1810.6577
1602.5029
1307.2257
1429.8281
1401.0835
1629.0391
1553.8813
1355.0478
1371.3037
1580.9422
1303.3131
1372.7464
1767.919
1408.0399
1440.817
1596.5242
1388.8478
1561.4038
1555.1481
1619.0972
1351.0292
1159.9662
1324.9393
1482.5317
1853.4735
1399.9099
1231.2207
1478.9935
1430.805
1471.5697
1397.4609
1393.7685
1702.4945
1448.1198
1347.7738
1417.4955
1397.6869
1231.2923
1797.9903
1672.6912
1757.6685
1418.255
1547.1486
1281.8195
1483.1631
1417.9629
1615.5345
1370.7022
1490.849
1476.2579
1502.0378
1419.4232
1168.6504
1351.6452
1327.5633
1812.4405
1576.4229
1195.5139
1415.439
1305.5139
1607.0859
1570.7308
1527.6332
1368.7588
1818.5062
1397.4073
1474.7942
1486.5112
1069.0668
1362.7771
1336.9826
1478.4714
1261.6288
1403.9608
1417.3864
1296.5482
1266.7709
1506.5145
1430.3029
1330.9212
1308.0062
1191.4334
1387.1524
1362.185
1399.8439
1225.4193
1516.7187
1436.122
1284.4467
1287.9207
1451.9328
1272.1794
1611.9533
1542.4594
1273.7767
1439.8084
1484.968
1476.3722
1384.354
1428.8596
1399.4645
1680.6
1349.7891
1371.0136
1428.4549
1249.7267
1360.5447
1281.6529
1610.5082
1388.7149
1265.6023
1490.5444
1862.6379
1756.4016
1444.9262
1460.9488
1349.3669
1606.1194
1486.9184
1529.9934
1245.3375
1519.5374
1314.6097
1580.4871
1330.8884
1359.4506
1482.2894
1512.992
1579.7932
1210.2079
1299.9992
1424.1768
1429.4144
1346.0892
1434.6774
1670.8888
1532.8844
1604.3034
1494.157
1469.0226
1297.3754
1593.0812
1442.504
1688.4251
1566.593
1385.7507
1581.2473
1390.2638
1365.6486
1600.6736
1486.9168
1726.7283
1633.7425
1548.4111
1556.5596
1626.0306
1431.786
1440.1836
1482.076
1601.3022
1646.6705
1612.4493
1395.2908
1456.2413
1531.143
1387.1209
1502.4139
1654.0102
1496.574
1721.5062
1701.8379
1634.4881
1589.5603
1669.9215
1580.6043
1535.5467
1294.0581
1159.1298
1274.4131
1403.6188
1494.6092
1731.1573
1430.9348
1649.0748
1646.3679
1475.5193
1605.6059
1450.7239
1386.6981
1593.6258
1316.8783
1537.3955
1504.957
1467.4981
1725.4522
1724.5087
1289.5654
1449.4924
1499.4884
1684.7735
1484.1494
1683.134
1680.963
1583.9733
1736.9747
1424.8347
1411.535
1396.5203
1613.2675
1503.3379
1368.0977
1390.6531
1684.7551
1254.9587
1558.0669
1603.6511
1491.369
1381.0863
1425.2531
1438.3677
1598.0776
1567.7913
1186.4415
1351.5696
1388.8714
1237.1666
1329.06
1692.0515
1718.6294
1778.6085
1325.8921
1574.914
1644.9474
1544.455
1506.5363
1666.2556
1681.829
1432.2114
1529.2547
1506.4603
1559.8273
1657.8839
1581.9357
1562.5046
1499.5503
1875.4383
1648.1192
1807.9499
1679.1281
1697.4466
1466.0596
1731.9129
1733.6359
1465.6824
1740.8255
1573.0522
1733.7234
1644.9444
1429.0656
1582.1136
1356.058
1472.2629
1251.8507
1397.9323
1422.3671
1407.2414
1590.5115
1518.5347
1355.3989
1455.6536
1491.4114
1645.1785
1558.5429
1486.3038
1158.6265
1469.5199
1425.8011
1559.6466
1618.5548
1682.2226
1361.8755
1513.3233
1435.3439
1608.0764
1387.9743
1470.9966
1422.8133
1558.8733
1665.1009
1489.3729
1438.6563
1514.0748
1382.0396
1408.2225
1448.8276
1479.6338
1471.1852
1226.7231
1368.4586
1235.4462
1428.1237
1322.1137
1621.2867
1713.5247
1418.8198
1324.5241
1530.4307
1763.986
1332.2144
1520.1557
1634.6779
1680.4718
1753.0584
1584.9746
1475.1887
1686.4722
1703.8416
1663.4841
1469.313
1544.8331
1421.5763
1472.5041
1535.353
1681.3719
1552.7689
1734.6143
1453.1532
1318.5087
1240.319
1553.9516
1586.6017
1773.7074
1334.4025
1597.5209
1695.6196
1621.8458
1745.7726
1431.1475
1642.2204
1395.7856
1662.5809
1374.4216
1457.2749
1498.3907
1559.4996
1748.6946
1499.5109
1533.1985
1413.7467
1412.5368
1579.7832
1439.1354
1162.8285
1618.193
1434.7308
1458.2382
1395.305
1306.4122
1294.8513
1308.727
1492.5721
1333.0066
1672.2918
1485.2856
1470.249
1670.2798
1768.8259
1468.3848
1368.4147
1513.4941
1472.7498
1504.6203
1550.9596
1597.6838
1716.4607
1328.8943
1541.5838
1614.4225
1716.4975
1480.7299
1335.4972
1573.1406
1642.3106
1693.7264
1425.8591
1607.4518
1324.135
1458.7658
1373.35
1655.0214
1634.1794
1658.137
1542.0635
1386.7867
1422.0267
1517.0729
1449.1792
1434.6835
1406.6768
1565.0188
1458.8352
1450.763
1359.4784
1567.2671
1617.2832
1491.7351
1629.7214
1777.3947
1497.9879
1439.504
1505.9101
1369.4062
1645.5781
1383.8945
1811.5072
1640.183
1659.2208
1515.9699
1749.9486
1580.1617
1489.5212
1760.3261
1910.4709
1629.5857
1268.8259
1376.5242
1410.6461
1490.7038
1569.5441
1666.5018
1248.5738
1686.3389
1397.992
1306.3659
1616.4664
1652.536
1604.5123
1339.5759
1278.3104
1618.9
1660.6108
1742.7435
1463.3798
1713.7745
1691.928
1512.6387
1511.1999
1510.6927
1652.9155
1477.1237
1485.3873
1515.5947
1517.2312
1604.9849
1385.35
1476.196
1289.4241
1039.562
1480.3472
1608.5846
1535.3414
1647.3681
1568.512
1369.9306
1557.933
1436.957
1568.403
1255.4252
1265.9158
1369.4355
1388.6309
1396.9848
1425.7682
1391.828
1343.1926
1227.9021
1488.6458
1486.5256
1711.4868
1539.7393
1502.0306
1587.2134
1254.1324
1265.555
1251.9316
1100.9208
1494.1817
1486.754
1599.4552
1331.7956
1541.3355
1236.7928
1346.0445
1573.4847
1565.9449
1557.41
1228.3313
1226.0455
1358.1789
1589.9181
1517.7619
1594.8929
1672.5996
1349.757
1585.7272
1401.214
1347.131
1554.315
1461.6677
1465.9587
1248.91
1492.2675
1363.6313
1667.8201
1550.2311
1404.9579
1400.1174
1384.1075
1397.0912
1428.9073
1611.2305
1580.4896
1485.1862
1640.7015
1508.2141
1372.6013
1746.7891
1528.0069
1489.6255
1545.2129
1668.7035
1465.3874
1671.5069
1430.8474
1674.6003
1266.5361
1221.2938
1341.5909
1558.2304
1749.1915
1596.7339
1774.1735
1481.1735
1419.9481
1389.3628
1763.3811
1609.4178
1687.1365
1792.8978
1602.9475
1149.1111
1492.4581
1567.2857
1326.7904
1575.0925
1481.2942
1466.4819
1690.7967
1479.9705
1503.156
1387.5202
1240.26
1228.7156
1392.5696
1718.6187
1759.4061
1539.3254
1524.353
1459.8178
1545.0035
1635.2913
1501.893
1629.0151
1525.2011
1546.0256
1643.8011
1480.5433
1556.5587
1736.0234
1400.8994
1662.7666
1676.1523
1703.6788
1520.2442
1572.3526
1400.8613
1358.3568
1684.8607
1762.487
1419.9988
1679.0988
1431.6113
1464.1932
1574.0969
1555.4387
1629.8821
1675.9405
1526.2401
1433.122
1402.5084
1461.9365
1312.3224
1525.3323
1636.4977
1465.0149
1522.4177
1479.4255
1643.4218
1493.699
1427.4436
1623.9733
1586.0285
1665.3505
1544.4522
1414.4108
1360.4282
1306.1001
1416.8033
1831.5406
1514.1943
1481.9512
1448.7345
1358.9888
1619.1472
1347.5636
1577.9979
1526.9983
1421.1955
1401.8357
1407.4003
1523.7293
1455.0565
1131.7929
1409.3702
1292.6389
1303.6177
1457.2795
1359.4844
1531.5792
1441.9972
1242.5366
1642.4162
1456.7466
1537.1105
1512.5191
1694.2804
1410.6726
1634.0414
1656.9292
1849.183
1541.8172
1586.4494
1591.0725
1588.7383
1523.035
1525.5237
1676.0832
1587.6064
1522.9136
1535.7963
1308.2755
1406.1714
1267.3899
1453.9293
1708.1785
1516.1563
1233.9069
1572.9706
1212.3084
1523.8088
1412.8899
1674.0745
1432.4431
1300.8735
1383.9406
1498.7189
1689.534
1829.4507
1538.8988
1795.4733
1602.0103
1565.7873
1306.7425
1620.6689
1261.9358
1237.2992
1471.5277
1427.438
1395.9334
1522.2762
1394.5831
1368.8463
1565.4924
1374.4505
1472.5544
1559.907
1446.812
1632.1446
1338.7847
1634.7177
1354.9098
1557.1331
1479.2865
1598.3134
1705.8762
1591.5205
1496.1988
1531.5635
1422.5324
1652.757
1496.9371
1364.7824
1416.6879
1516.3188
1748.1045
1498.7212
1384.51
1490.2913
1219.4392
1275.6444
1541.0168
1370.3655
1713.9204
1435.8984
1476.8072
1315.9195
1410.2597
1472.255
1364.6552
1356.3223
1583.7442
1368.2547
1423.9712
1272.0704
1475.7454
1378.5944
1435.402
1403.0186
1490.8058
1327.5657
1354.2239
1313.6121
1146.6307
1510.2022
1305.535
1272.2469
1377.0938
1735.9662
1481.7409
1719.998
1368.5864
1511.9505
1287.2918
1164.2001
1499.3007
1715.3726
1529.7623
1252.8525
1288.3638
1706.1272
1317.7489
1395.981
1270.5991
1213.7412
1558.2675
1450.5771
1380.1042
1384.0257
1236.3601
1179.5681
1462.5833
1382.3402
1219.0605
1319.1578
1327.8248
1416.199
1438.1698
1412.8777
1474.8093
1615.2556
1442.8007
1376.8902
1526.7901
1388.7177
1509.4155
1487.8689
1427.1071
1426.6333
1495.7787
1438.9556
1621.8632
1409.0788
1681.363
1451.0876
1298.5925
1499.0808
1443.9034
1330.5113
1479.3083
1318.6005
1653.2892
1442.4899
1477.4966
1613.0033
1486.9664
1492.1963
1539.4354
1330.184
1429.234
1326.345
1768.2807
1596.4794
1811.3225
1751.6223
1526.3041
1701.2344
1689.8513
1709.2442
1588.0729
1576.5709
1343.8871
1316.4673
1695.1212
1504.9322
1466.8279
1670.0275
1380.0548
1422.4736
1583.3216
1487.4952
1569.9298
1655.3862
1518.2903
1432.6568
1406.4915
1394.9199
1673.3264
1344.9539
1177.9258
1620.173
1580.9509
1532.7124
1330.4402
1359.8793
1268.3213
1386.9528
1739.9278
1376.8783
1292.2716
1404.3129
1595.2077
1460.8535
1481.5937
1624.3455
1539.5495
1495.3586
1673.5064
1726.9188
1379.1385
1508.7986
1539.8745
1383.0212
1394.4199
1596.1473
1245.0925
1589.808
1531.2499
1550.3813
1661.4199
1695.9733
1535.8014
1565.7517
1595.8051
1590.6671
1606.2492
1402.7039
1606.2154
1357.115
1528.3226
1291.5061
1308.1163
1564.0432
1443.7267
1350.4032
1518.4637
1372.903
1511.9398
1288.8281
1538.0085
1762.3999
1381.1358
1455.4615
1449.5157
1498.4136
1525.3626
1507.0647
1590.8037
1428.3573
1636.9512
1370.256
1343.045
1606.6306
1539.0286
1374.1735
1289.4178
1264.8889
1649.6332
1811.5684
1634.2697
1548.7127
1322.8279
1224.6341
1231.8793
1507.3387
1433.2075
1632.743
1529.8916
1628.0328
1789.3507
1789.5675
1571.751
1482.1528
1384.8732
1761.3085
1800.847
1406.7712
1577.9142
1606.6657
1522.9373
1566.5089
1525.5733
1353.4634
1596.2306
1815.9193
1493.5857
1448.4745
1632.4497
1731.7022
1645.5166
1533.5552
1497.4019
1555.692
1732.9066
1607.9279
1730.6002
1660.6529
1526.9229
1511.1053
1600.9065
1589.85
1574.7531
1576.219
1819.7583
1461.0174
1699.0685
1684.4428
1584.1909
1424.6959
1630.234
1683.3499
1784.3711
1498.068
1474.3751
1316.076
1354.9597
1247.9216
1508.9937
1422.9824
1626.6992
1704.0762
1666.3711
1564.4521
1590.7512
1624.8508
1490.3724
1488.5512
1714.998
1278.0403
1428.0108
1711.2009
1472.6312
1704.5251
1127.5631
1488.7412
1274.7308
1585.9004
1672.235
1494.0373
1614.2358
1456.3892
1523.6155
1548.4644
1699.1843
1672.7184
1339.1344
1373.6845
1605.275
1660.5459
1552.4454
1472.108
1216.0982
1430.8165
1666.8288
1685.9291
1600.955
1623.0474
1341.1817
1525.4207
1370.8784
1862.2301
1470.8094
1695.6813
1600.7694
1746.8954
1656.3332
1706.1924
1623.5455
1514.575
1373.9242
1639.0023
1217.6003
1376.417
1403.225
1679.2591
1548.9182
1570.5016
1466.4918
1385.9217
1425.3055
1594.4514
1868.6644
1805.1128
1702.197
1440.8099
1395.5682
1332.6771
1680.5986
1438.1674
1383.6635
1376.8382
1341.265
1539.4069
1504.0215
1624.2018
1440.8659
1612.4152
1475.4565
1700.9495
1483.4794
1427.7478
1333.6684
1093.4323
1321.4293
1495.8813
1538.8438
1272.4234
1591.1967
1620.3827
1615.122
1388.0189
1750.1818
1664.3331
1546.734
1328.4028
1537.9974
1657.2366
1557.3689
1812.5755
1301.8957
1371.7686
1721.8613
1925.9394
1725.2719
1663.3454
1526.5822
1321.2304
1336.5874
1471.1464
1462.6199
1481.3361
1435.2378
1518.1172
1557.5354
1479.2877
1679.8722
1604.0251
1719.4456
1400.1918
1573.7668
1356.8384
1659.0512
1527.9644
1545.9239
1388.8165
1595.991
1657.465
1657.298
1393.1567
1505.0766
1564.3266
1503.6714
1564.525
1549.9547
1783.9719
1776.9216
1353.5792
1547.0826
1504.9912
1380.4804
1509.9746
1489.6316
1250.5182
1770.6539
1506.2814
1690.0379
1558.3796
1282.477
1394.1045
1475.0663
1370.9628
1369.5487
1600.6935
1456.8774
1645.939
1661.7236
1467.3411
1460.4768
1645.4613
1352.4477
1415.9964
1496.004
1461.9527
1597.4223
1495.0067
1668.8279
1685.8683
1640.1106
1696.5635
1709.2476
1661.7723
1772.2688
1622.714
1517.9135
1600.4138
1684.7455
1504.4273
1575.8329
1568.5658
1423.7033
1488.5021
1659.3186
1380.3098
1605.5074
1285.3865
1415.7099
1533.6311
1727.6803
1480.0327
1709.9586
1624.5691
1514.277
1649.5663
1230.8737
1502.3755
1438.5139
1515.4167
1477.1705
1466.5707
1423.5497
1507.918
1466.2874
1564.0535
1573.6108
1724.1853
1272.342
1654.9107
1477.5575
1281.5621
1789.7257
1376.2789
1583.3821
1595.7598
1536.4448
1152.9421
1322.6342
1488.831
1676.6908
1554.522
1380.3893
1563.0017
1212.3537
1571.8329
1511.3843
1708.4716
1538.3129
1712.4687
1749.7271
1648.4801
1321.2497
1423.9847
1585.7492
1534.0138
1661.9263
1642.6647
1431.1254
1578.4775
1599.1216
1751.7534
1739.9086
1221.8001
1477.3635
1622.9242
1563.8554
1497.0007
1449.2268
1378.5595
1552.111
1401.4191
1576.1514
1359.3199
1513.7747
1785.2259
1593.1016
1581.972
1332.5451
1583.3455
1426.9029
1421.1871
1310.1802
1381.8384
1432.1957
1352.2483
1418.7808
1412.3356
1212.0403
1347.1142
1454.217
1490.7775
1402.3658
1881.2854
1545.9364
1599.4671
1643.8177
1640.1929
1322.915
1437.1383
1518.7143
1843.2699
1373.4556
1616.771
1588.8441
1685.8144
1449.9787
1645.7402
1594.9895
1685.6792
1760.1955
1577.0158
1345.735
1476.8595
1555.9853
1509.0311
1466.897
1462.1543
1624.2807
1514.4443
1606.7507
1373.0044
1457.6796
1441.3748
1396.1324
1695.1351
1470.4312
1732.8402
1320.722
1532.7848
1622.2466
1644.5377
1722.1631
1766.0615
1423.019
1511.5914
1679.1852
1484.8392
1569.3145
1385.0668
1388.0836
1589.243
1783.2966
1474.4793
1397.659
1343.6254
1463.4035
1465.2704
1737.6874
1556.0291
1635.1521
1563.937
1522.6419
1513.8695
1503.9687
1374.3219
1543.8794
1583.5501
1763.4617
1584.5775
1543.6948
1545.9394
1642.5965
1619.5465
1393.6663
1555.1929
1655.469
1576.3692
1532.1242
1728.8117
1779.1683
1673.6561
1578.8519
1465.5665
1606.0497
1568.7869
1846.0456
1812.16
1526.2778
1737.7881
1708.6127
1524.3495
1524.521
1549.7489
1487.0314
1305.3918
1517.0802
1652.3891
1667.536
1524.4505
1493.9474
1704.5292
1633.181
1739.2788
1462.5632
1506.3702
1601.2238
1570.3657
1647.5519
1754.0312
1614.1202
1703.0268
1459.5775
1405.9462
1398.3759
1288.3738
1505.5963
1540.3481
1530.7301
1670.1156
1856.4545
1509.1307
1623.7175
1569.7997
1335.752
1647.3431
1463.6851
1545.8725
1516.4355
1595.9415
1592.2297
1374.6868
1541.4429
1231.5246
1672.0541
1561.3724
1777.4572
1830.2529
1683.0318
1653.9821
1624.0467
1395.2327
1748.2844
1509.8834
1453.0886
1762.8731
1410.8088
1486.6953
1520.9315
1251.656
1524.1031
1578.15
1557.7422
1261.8025
1292.8761
1175.5724
1391.2146
1421.7776
1393.3401
1412.4054
1416.4374
1505.7379
1578.6413
1588.2629
1630.1286
1346.4259
1499.7144
1391.4116
1372.9773
1590.7427
1533.7922
1588.5169
1758.7885
1558.3291
1810.0452
2000.5331
1596.1425
1332.4549
1561.2116
1774.1396
1381.9102
1415.0336
1170.8697
1457.3983
1458.921
1533.4161
1795.7107
1376.4531
1619.1371
1654.101
1334.833
1417.6759
1645.2348
1601.2443
1446.5715
1626.4595
1598.0093
1515.7103
1062.4445
1346.1572
1509.4571
1786.8948
1605.2884
1507.0252
1678.7397
1418.7098
1646.3991
1551.7695
1613.4132
1632.5866
1451.4935
1586.3719
1419.2662
1492.3567
1600.1177
1390.1994
1529.7942
1690.8895
1495.777
1769.2829
1443.8331
1409.739
1662.3169
1209.496
1542.6892
1795.8985
1358.0953
1679.3201
1461.0105
1652.0739
1465.8107
1671.5842
1562.2131
1325.5801
1514.8781
1535.7681
1523.797
1485.2424
1712.2531
1807.3504
1556.4753
1497.9178
1420.9643
1913.0168
1718.1617
1758.3846
1470.773
1367.7123
1818.4835
1716.5806
1512.9612
1334.2698
1357.4417
1437.9337
1347.8692
1255.333
1449.4174
1284.9714
1540.9896
1572.1323
1422.574
1483.8276
1483.9472
1437.0828
1449.2838
1477.2694
1306.8807
1308.0646
1469.199
1339.0607
1679.9759
1444.1709
1664.9898
1290.1922
1263.7357
1381.825
1249.0414
1347.5033
1475.3337
1803.5187
1520.0056
1510.8211
1372.3672
1326.0029
1671.539
1408.1733
1475.3642
1823.4219
1640.1439
1246.3888
1561.7872
1826.2062
1447.0241
1659.5173
1659.4276
1515.696
1552.3988
1730.0701
1573.5585
1479.0581
1645.3223
1642.4353
1534.1974
1532.8938
1771.3241
1686.8927
1584.1088
1230.0151
1291.5866
1435.3152
1587.2047
1285.8622
1664.5087
1518.4262
1555.5204
1682.806
1730.0338
1664.7571
1322.9362
1354.0706
1207.4039
1461.1612
1447.9928
1377.9964
1537.922
1424.4026
1422.8025
1301.8791
1308.7547
1319.4384
1424.8074
1367.1394
1358.8963
1701.8824
1561.6599
1553.8515
1276.6117
1413.5695
1641.3351
1434.2141
1707.6198
1254.7679
1533.561
1335.2089
1706.5224
1633.4084
1552.8102
1531.0391
1288.688
1283.6864
1610.0281
1545.4783
1366.29
1386.4198
1561.0554
1443.7572
1799.5604
1553.4266
1508.093
1441.9372
1708.9276
1518.2307
1675.3054
1857.7238
1699.95
1433.6757
1655.3566
1727.4109
1481.3427
1476.6124
1462.3538
1375.9025
1565.4027
1456.7141
1718.7277
1595.189
1277.8609
1615.7497
1715.3194
1751.6844
1588.0238
1490.8374
1549.8348
1397.7109
1457.9738
1656.2215
1682.6868
1549.8692
1498.4894
1609.7815
1699.7375
1884.0227
1616.3946
1627.2531
1559.0666
1396.8035
1456.5801
1512.305
1790.5292
1589.9894
1392.1651
1399.7537
1451.1575
1766.74
1335.0433
1444.0513
1478.1016
1437.9902
1373.1893
1507.3365
1792.5097
1078.4405
1444.7719
1425.2592
1663.4132
1725.6933
1517.7753
1500.1798
1577.3511
1631.9896
1604.9278
1651.8211
1715.9016
1716.6243
1516.3121
1663.6568
1568.6947
1411.2821
1789.2768
1625.2346
1507.7123
1423.6403
1520.9203
1641.0557
1569.2092
1639.7637
1575.1306
1489.4989
1575.2269
1221.2509
1457.1934
1451.8055
1578.609
1540.6583
1413.3527
1563.9064
1365.6437
1429.0675
1182.0493
1595.4357
1555.6073
1514.0246
1583.8499
1498.5825
1468.6113
1540.3655
1337.8445
1619.4889
1492.9741
1364.1553
1432.6056
1643.1641
1670.2181
1322.1296
1355.2869
1371.3526
1369.7412
1392.2656
1500.9712
1459.2166
1561.6108
1368.463
1422.9977
1694.8705
1482.917
1291.375
1231.8166
1573.0768
1555.9916
1325.1448
1495.2095
1415.3216
1490.9758
1341.9772
1375.0563
1504.3399
1512.2774
1569.0557
1514.561
1557.4199
1446.4396
1480.5939
1392.5713
1463.0195
1596.3256
1505.0951
1232.4229
1247.5172
1286.226
1395.1188
1364.4358
1413.7682
1469.6073
1987.1884
1582.4383
1557.4207
1494.7786
1421.2635
1722.0503
1587.5896
1430.8647
1371.1188
1361.0318
1461.7203
1428.0683
1561.5966
1774.3551
1502.9237
1739.9684
1471.9016
1538.1505
1666.0381
1338.8605
1336.4892
1282.7429
1338.2915
1944.9963
1387.9847
1656.239
1531.9773
1571.3237
1716.6797
1444.4584
1423.1054
1508.7973
1416.1252
1565.559
1751.1113
1448.9399
1384.1393
1391.7994
1429.5871
1596.4821
1588.2506
1685.2136
1433.6225
1468.7387
1414.9114
1594.6339
1702.4065
1692.1738
1665.5012
1617.0952
1569.0841
1497.6039
1587.1546
1548.0167
1510.6911
1600.0356
1723.8988
1468.1445
1629.703
1541.5705
1639.8679
1443.3089
1513.6215
1435.9901
1646.6269
1342.0612
1677.9371
1503.5057
1691.0887
1521.8437
1414.7261
1560.5323
1548.5288
1442.506
1625.1861
1804.579
1415.0895
1496.3603
1405.1447
1752.9727
1557.1036
1839.7059
1558.8456
1409.6884
1443.0972
1407.1058
1819.0098
1363.7212
1621.1926
1379.9101
1406.7584
1564.6314
1472.9915
1690.4048
1461.8215
1430.4539
1651.4166
1515.0542
1485.8741
1296.4812
1233.6173
1392.7616
1340.6764
1132.125
1324.7365
1371.8999
1236.8859
1382.4573
1437.7456
1237.4259
1424.5135
1517.859
1476.5152
1420.6158
1822.3096
1598.5665
1409.8726
1528.5697
1517.8833
1305.414
1378.1654
1409.725
1447.5881
1317.7383
1386.3471
1380.6796
1612.8046
1617.5509
1584.4925
1618.4103
1675.6345
1748.1088
1549.9904
1183.5388
1495.4093
1386.5478
1560.3338
1340.4227
1499.3931
1315.2276
1595.3254
1664.0754
1507.0525
1525.386
1458.5585
1514.0866
1455.9854
1422.0792
1229.7369
1482.2603
1370.5101
1513.0023
1178.1497
1407.736
1452.6491
1527.7068
1373.9579
1682.5953
1550.116
1491.5733
1432.5467
1773.3661
1377.3948
1499.0395
1517.7045
1389.6338
1603.0586
1601.9353
1742.8674
1735.3687
1735.7661
1261.3681
1578.6129
1259.1009
1318.9946
1567.1971
1386.0099
1465.9656
1071.7156
1312.4114
1507.931
1095.4335
1520.841
1093.3974
1214.4396
1735.3291
1469.1926
1501.1892
1622.6699
1756.3776
1517.8584
1544.9311
1629.3945
1423.5216
1434.9466
1518.6157
1538.8549
1507.2138
1330.286
1596.4734
1421.4342
1430.4419
1396.9819
1397.3195
1490.9078
1527.8678
1377.6127
1611.8817
1387.4585
1285.1684
1355.7831
1259.2635
1229.7708
1454.9993
1411.5396
1461.6694
1262.3617
1367.5057
1508.8745
1375.0056
1299.4413
1295.6763
1297.2143
1566.1654
1305.0326
1840.7853
1785.8825
1807.9083
1510.7342
1561.1324
1241.0588
1571.6689
1332.0456
1604.4478
1650.6539
1797.9183
1425.3633
1441.2055
1535.9938
1396.4588
1566.6122
1438.3128
1439.4947
1367.4644
1579.5314
1486.5739
1487.0986
1348.9724
1357.5785
1424.4574
1557.0819
1689.7949
1652.6639
1505.4051
1664.5482
1719.1127
1448.6326
1271.2496
1202.3376
1340.0404
1690.5544
1584.0579
1595.6248
1355.0493
1368.9212
1419.9242
1377.0852
1702.4213
1609.5551
1328.9293
1714.8176
1372.615
1254.282
1463.2912
1451.5232
1460.6315
1263.0611
1548.6191
1541.9281
1435.7214
1284.0299
1406.8551
1478.0681
1252.501
1335.5869
1410.1915
1508.6504
1575.1941
1571.9622
1547.5681
1508.7114
1467.548
1449.7847
1201.2993
1595.2886
1442.6782
1685.8614
1386.887
1822.4937
1587.8164
1721.3901
1592.9783
1297.5453
1522.6992
1371.3037
1582.6632
1463.1613
1338.8787
1547.3251
1549.0419
1568.1327
1543.6628
1377.7585
1390.1982
1406.3467
1501.0285
1692.4273
1437.6891
1217.7623
1360.5921
1601.1933
1362.2662
1553.8452
1703.6563
1758.3094
1541.4509
1453.2037
1586.0256
1433.3785
1466.141
1667.617
1446.5431
1196.123
1754.3089
1468.2676
1503.9153
1294.0439
1314.5172
1564.4353
1485.6395
1505.1538
1589.8652
1564.4798
1386.4698
1528.9486
1371.4401
1309.3704
1470.4223
1472.3212
1495.9522
1680.2426
1793.5089
1789.1835
1829.6753
1304.4413
1190.2934
1435.0225
1623.8981
1735.409
1590.7611
1465.0973
1717.6786
1204.7839
1456.0687
1749.374
1569.7422
1543.019
1228.9801
1364.0342
1566.3488
1623.3932
1461.6401
1511.5126
1420.031
1125.6889
1467.7473
1564.2242
1454.9159
1521.8071
1512.58
1344.7534
1431.3827
1666.2909
1538.1344
1604.191
1542.257
1731.4312
1435.2567
1156.8074
1472.4306
1290.6185
1698.6127
1607.5738
1470.8512
1635.4431
1564.084
1347.1763
1062.094
1547.3945
1254.5962
1508.9711
1372.1507
1446.1982
1725.4526
1618.1965
1693.8467
1635.9
1546.5863
1579.19
1474.0565
1408.8118
1273.0733
1612.7124
1600.5676
1504.4026
1545.8399
1432.7691
1449.1709
1245.0875
1418.3309
1492.299
1378.9743
1487.8758
1394.7379
1321.8151
1700.5271
1496.2836
1397.9401
1296.8011
1296.247
1418.6462
1600.5821
1281.0512
1641.6287
1552.9142
1668.0171
1580.4715
1581.9639
1493.7546
1399.5283
1520.9271
1459.0147
1779.8941
1579.1321
1558.7915
1680.8362
1361.4459
1591.9716
1450.7103
1515.9159
1443.7382
1541.1011
1615.4874
1686.7414
1424.0917
1681.0852
1658.1138
1501.6416
1480.0444
1257.6083
1522.7393
1769.9722
1398.7864
1567.5471
1334.6248
1765.6788
1352.4571
1337.5186
1383.6023
1499.0615
1576.6954
1493.0982
1390.6374
1599.0042
1363.2581
1547.6466
1071.3538
1617.9803
1472.328
1549.9223
1447.9831
1464.0746
1320.9312
1415.5365
1421.4894
1526.9917
1608.0701
1379.9772
1725.6027
1519.5726
1311.5579
1719.1729
1456.2357
1453.5166
1429.7112
1094.9967
1472.6386
1528.0645
1677.9904
1348.8407
1697.4327
1787.8057
1669.6984
1394.4377
1558.7905
1460.3767
1743.3968
1417.2834
1627.5086
1394.4321
1358.212
1488.3322
1404.0356
1708.4102
1631.7242
1629.4435
1544.3823
1424.378
1767.6572
1736.0445
1622.0474
1466.8845
1789.6949
1665.828
1625.1383
1740.3593
1414.2393
1488.273
1614.8394
1540.5404
1666.6201
1484.8537
1537.6129
1788.4259
1604.065
1746.7742
1685.1356
1407.0377
1304.4156
1218.6663
1599.5861
1662.256
1619.8183
1787.7641
1939.1892
1780.2155
1741.2953
1879.0566
1720.1096
1564.4719
1625.3084
1643.7171
1633.2266
1562.5758
1515.5444
1406.2825
1507.8605
1531.5902
1614.6894
1785.051
1799.8318
1297.3003
1439.1626
1265.8315
1408.9824
1551.4077
1449.1589
1530.1683
1433.5897
1608.1642
1789.1612
1492.8056
1746.1769
1583.7867
1562.1497
1485.3229
1424.5771
1362.9157
1313.2672
1474.5528
1478.1298
1629.2797
1671.4576
1524.1516
1711.4771
1343.7609
1577.6515
1444.306
1556.7862
1407.3219
1277.3689
1310.7259
1767.3116
1400.2799
1529.375
1461.6932
1669.1366
1619.3846
1370.1208
1468.4413
1536.4429
1445.3444
1641.7194
1580.7072
1592.8149
1472.3295
1555.845
1644.5865
1761.9263
1719.0354
1629.5133
1488.0177
1473.5424
1567.1041
1529.1991
1685.4701
1798.8841
1554.2361
1683.7484
1475.9121
1531.2735
1529.6973
1577.7234
1691.9879
1596.0575
1628.8182
1263.5981
1457.418
1315.8012
1478.9828
1409.3574
1515.9361
1431.1353
1343.0397
1146.2706
1490.0259
1658.4757
1761.4944
1389.5651
1531.3189
1420.2161
1644.9579
1539.2921
1647.5715
1500.3117
1625.6311
1408.2539
1569.2792
1738.6752
1538.2227
1314.9012
1454.2462
1343.4143
1576.1761
1334.2928
1420.6572
1566.3765
1573.5005
1294.3332
1609.0381
1516.6452
1524.5714
1455.8403
1575.9608
1625.9107
1755.955
1634.5561
1440.6539
1325.4145
1529.1374
1476.1777
1426.2919
1451.9611
1318.76
1307.6999
1463.9751
1329.2541
1294.6358
1462.2532
1492.1305
1340.4817
1431.7822
1536.1453
1395.4563
1291.8212
1701.0162
1528.6169
1640.7687
1409.5422
1626.9318
1617.0499
1353.621
1592.0021
1245.7244
1514.1628
1426.4147
1380.8635
1507.8035
1663.3127
1526.9142
1366.5262
1459.4526
1479.9369
1467.4782
1413.092
1515.3224
1553.8035
1495.062
1394.2819
1703.2215
1612.4533
1445.5583
1370.8256
1514.5828
1467.7065
1438.0274
1597.763
1571.2409
1841.0415
1547.261
1396.1882
1473.7805
1513.5857
1619.1159
1606.3026
1754.8808
1603.094
1454.6156
1420.3326
1375.6371
1347.8263
1407.8003
1218.8211
1299.0648
1521.209
1145.0062
1587.8906
1584.9488
1284.7825
1420.1883
1653.3879
1597.1372
1561.9622
1432.6546
1475.6399
1634.5197
1675.9048
1608.1531
1537.8847
1645.2553
1314.7034
1420.0988
1330.3738
1476.158
1192.488
1427.4437
1646.1383
1402.1529
1586.521
1658.1125
1607.1169
1624.4395
1699.7383
1741.9629
1541.9984
1601.5232
1638.4004
1475.7669
1565.0105
1428.5227
1422.1833
1331.2005
1669.8393
1570.9098
1689.9224
1504.5142
1556.0397
1605.5631
1509.2148
1535.8742
1676.7403
1741.8923
1734.3445
1547.6692
1334.1524
1400.2134
1540.1389
1491.5418
1544.2661
1410.7665
1265.8015
1549.4558
1481.5422
1626.5104
1471.4516
1252.156
1432.736
1561.4661
1583.7714
1552.5902
1773.6082
1304.7208
1425.7541
1229.7784
1420.8965
1684.4524
1681.5722
1654.8542
1385.0417
1563.2949
1466.947
1212.5113
1313.5377
1628.0486
1361.6051
1531.95
1597.2144
1561.5702
1535.8858
1591.5954
1470.8718
1574.9975
1540.6809
1660.2214
1531.617
1672.5099
1305.3604
1169.5054
1400.2934
1196.353
1509.8681
1566.3492
1744.2513
1537.4734
1731.8147
1286.989
1292.0313
1465.2502
1350.8844
1347.9586
1326.994
1379.5688
1372.7881
1461.8126
1360.117
1595.982
1670.6047
1728.5988
1483.6074
1530.3545
1401.6579
1317.9018
1753.8587
1558.8826
1593.4461
1345.8673
1484.7911
1703.8154
1524.9128
1524.4724
1396.3714
1617.1657
1453.9071
1510.9139
1539.3002
1424.5429
1371.9225
1405.5151
1363.7536
1504.6243
1443.5073
1375.9636
1542.0025
1674.6092
1488.3599
1502.1564
1720.8439
1541.0048
1362.1164
1285.8863
1536.5088
1472.3538
1736.4707
1626.1531
1441.1288
1228.4736
1286.175
1396.6379
1481.1006
1660.3732
1437.6057
1352.9955
1387.8034
1561.3773
1625.1006
1462.5437
1722.3732
1380.6067
1583.4632
1634.7917
1523.7094
1396.4739
1490.2511
1692.6568
1604.2239
1545.6054
1301.4251
1297.6216
1381.9351
1477.4181
1393.124
1544.7642
1205.371
1436.8658
1343.9658
1398.691
1181.9357
1381.7561
1392.7099
1519.3394
1640.3214
1300.4838
1292.0016
1552.0867
1470.8058
1495.2429
1431.8749
1313.6263
1525.1402
1681.9221
1578.5288
1577.0709
1528.3717
1570.1899
1243.8011
1328.3637
1355.2008
1372.2508
1720.8414
1220.9936
1423.4728
1627.5453
1487.6911
1587.7457
1480.7017
1578.6962
1595.7045
1469.1946
1574.8914
1541.6835
1797.6241
1457.3719
1434.2943
1491.1774
1332.8264
1359.1463
1636.7893
1570.5286
1548.1575
1594.5364
1484.3482
1477.1482
1322.6742
1544.8062
1439.9868
1333.0686
1393.8218
1448.2913
1323.7766
1484.0949
1638.8892
1517.6115
1403.8082
1466.1556
1350.3756
1645.5832
1632.2799
1593.542
1347.8071
1492.6791
1449.8086
1340.191
1554.6148
1314.4261
1411.9134
1460.3958
1547.8812
1415.1019
1303.8695
1412.3046
1203.9388
1454.6701
1535.8926
1381.013
1354.5293
1376.272
1319.6562
1348.9257
1537.9806
1620.4397
1742.914
1317.7492
1305.702
1454.347
1564.7553
1385.4523
1408.8113
1500.3307
1535.9075
1670.6633
1393.1055
1502.4906
1404.136
1374.7677
1512.6507
1549.0969
1348.6313
1548.0685
1408.7181
1240.113
1385.4848
1303.2978
1426.0499
1278.4227
1481.1605
1453.9087
1528.6202
1532.1513
1420.4448
1527.6349
1373.8972
1250.3516
1458.2552
1502.7642
1645.089
1548.5921
1764.6022
1702.7403
1464.0778
1228.778
1248.301
1456.3968
1303.9749
1730.8303
1295.7359
1474.916
1210.9187
1720.4993
1721.1794
1551.0053
1333.0341
1363.1309
1791.1501
1444.0198
1513.7694
1445.8206
1227.4625
1392.9577
1625.7181
1591.9
1477.0614
1632.6594
1642.092
1621.1679
1221.3791
1454.5233
1441.4325
1369.2848
1784.3169
1948.8686
1695.0444
1523.4505
1348.8977
1359.5149
1238.6051
1516.9967
1661.5343
1559.1469
1440.7632
1669.0926
1400.6381
1137.3785
1167.6614
1295.6197
1354.8944
1260.7987
1267.3161
1314.5597
1525.3392
1167.2631
1431.8939
1018.3083
1482.3458
1345.3778
1498.8571
1489.3437
1077.6134
1449.5749
1503.9842
1749.4062
1563.6221
1570.7351
1684.6999
1560.5497
1478.3246
1477.5231
1255.6153
1358.9956
1414.8619
1333.5103
1451.6641
1513.1852
1486.4063
1478.8559
1516.206
1462.1124
1158.9749
1244.5007
1467.4234
1277.7588
1337.3104
1407.9878
1649.416
1455.6552
1817.2049
1448.8678
1552.7605
1602.109
1354.8356
1210.3401
1243.6016
1670.5395
1597.4583
1365.1712
1251.3082
1221.6762
1262.6653
1402.6026
1393.8255
1559.7818
1595.1573
1626.5905
1234.4763
1339.4675
1361.7916
1664.3005
1167.4892
1220.0399
1394.0615
1397.8188
1463.0377
1465.6986
1388.6053
1728.1659
1670.7206
1345.1531
1365.7233
1230.1057
1302.5618
1082.3459
1305.8611
1422.0694
1488.9953
1591.0072
1258.9545
1433.5299
1355.7292
1497.5311
1397.3546
1469.9202
1460.71
1453.5471
1432.3643
1269.1886
1408.8873
1666.7598
1534.2758
1606.784
1632.9464
1526.4763
1358.4996
1290.948
1385.2277
1569.0018
1199.9873
1450.6676
1525.3362
1598.3049
1147.3271
1550.663
1313.1699
1299.3247
1355.7732
1488.1376
1427.3029
1384.251
1438.2954
1414.1425
1470.7501
1638.6446
1443.3704
1577.4181
1585.2381
1349.8679
1328.3528
1491.2939
1645.3948
1554.0387
1387.9459
1583.3942
1423.271
1393.0478
1382.1571
1497.9401
1369.3047
1449.5763
1353.6781
1487.2523
1599.3546
1626.251
1569.143
1483.9921
1291.399
1511.6658
1340.0558
1628.6969
1602.3141
1581.9506
1282.3284
1411.1971
1393.9968
1484.6099
1327.6681
1614.095
1354.8356
1708.3111
1541.9044
1321.9554
1318.7844
1636.3358
1671.1739
1634.2401
1556.0433
1386.8501
1511.3147
1451.5381
1278.2189
1350.5724
1385.1671
1458.6639
1732.2659
1448.0053
1237.8572
1278.7174
1262.6573
1285.3116
1293.4301
1419.5726
1322.9264
1202.1567
1411.8741
1517.4472
1533.9427
1437.7019
1512.3732
1362.8013
1579.6498
1315.9889
1634.815
1732.8746
1451.9313
1337.3909
1497.864
1552.9545
1532.3978
1571.9163
1430.5439
1523.3389
1593.3301
1497.1305
1295.8612
1481.4311
1698.0757
1344.4736
1364.2421
1329.0493
1515.959
1430.3411
1664.0334
1548.4294
1631.44
1393.3842
1446.0092
1537.6382
1424.3908
1540.7615
1549.3812
1755.1164
1391.1598
1278.5488
1629.1517
1775.048
1416.0113
1446.6655
1413.3306
1368.3237
1399.2799
1442.5687
1177.6372
1610.6714
1466.2824
1546.5865
1497.4871
1418.1536
1419.7093
1293.6413
1402.3462
1490.1895
1236.7718
1151.6894
1284.1347
1211.1629
1679.2872
1481.8663
1495.3077
1520.1937
1486.1708
1350.2936
1411.9911
1280.8841
1255.9042
1362.0127
1457.7227
1339.0571
1457.032
1461.8239
1548.2834
1670.8573
1592.1174
1392.1339
1539.785
1439.602
1669.8405
1422.0898
1564.9044
1715.3791
1647.9993
1561.3772
1555.0212
1566.6127
1598.2248
1427.2923
1868.5368
1482.7584
1413.966
1537.0406
1723.0533
1581.1338
1658.5635
1337.8292
1591.9636
1365.9711
1557.7101
1433.4212
1477.2294
1529.6438
1544.3981
1553.6989
1409.7936
1615.5053
1419.2754
1682.7736
1481.7061
1420.5055
1555.2422
1421.9905
1303.7415
1402.8656
1658.4256
1733.6274
1676.349
1705.3961
1318.6722
1597.4076
1552.2954
1422.9605
1465.8476
1343.6765
1310.0545
1275.8663
1267.5769
1368.72
1443.6523
1268.7789
1398.7923
1363.5017
1227.3714
1191.0038
1493.7975
1665.7671
1207.5014
1476.1503
1401.4426
1426.583
1589.9378
1659.1372
1595.6598
1243.461
1439.8474
1387.8549
1519.4759
1645.8587
1662.3077
1388.8335
1308.188
1278.1501
1352.2878
1553.4834
1484.0239
1352.4173
1226.4892
1668.6018
1366.4011
1379.1922
1578.667
1606.1455
1670.4065
1553.5116
1409.5383
1314.7726
1626.6405
1705.1933
1612.5172
1552.1173
1547.5805
1523.7721
1756.9634
1657.7112
1837.7187
1562.4073
1403.9003
1346.2295
1347.6497
1415.0528
1285.535
1480.8313
1812.0185
1555.3087
1557.4453
1492.368
1538.6668
1547.0336
1387.1686
1407.2043
1423.6612
1220.1878
1579.5147
1637.2047
1202.4143
1441.2128
1307.9065
1597.6877
1767.4252
1832.1915
1817.5877
1689.1859
1528.0867
1545.5043
1528.1341
1433.9432
1514.4626
1847.0141
1650.1535
1435.8654
1858.4676
1471.2434
1517.3506
1641.5424
1606.5829
1564.3997
1616.8511
1643.0368
1424.5164
1373.0577
1497.858
1511.3128
1490.817
1352.5161
1342.5807
1408.1913
1537.7021
1382.5198
1329.119
1461.4293
1821.4726
1621.5707
1744.4656
1591.6318
1483.6508
1558.5628
1590.2703
1722.703
1394.0998
1443.0293
1328.3578
1524.1295
1565.3641
1302.5826
1748.3154
1691.8676
1534.0603
1424.7108
1329.2298
1647.9293
1711.4446
1605.6674
1422.6884
1488.7977
1551.239
1398.6054
1588.3469
1519.7837
1557.8114
1613.3345
1198.8454
1232.6358
1707.596
1789.096
1686.8315
1572.3839
1482.0175
1414.1914
1832.9834
1502.0193
1817.2036
1419.5825
1469.2827
1328.1231
1503.9847
1807.3091
1387.4542
1602.9449
1363.1745
1391.9336
1487.5636
1463.1665
1458.7696
1615.2459
1411.1434
1646.0378
1340.9788
1663.5208
1583.1297
1707.5613
1580.4869
1437.8625
1633.5779
1794.1476
1768.5989
1744.6175
1484.3471
1515.1054
1504.0627
1464.9741
1437.3993
1671.9455
1600.0115
1525.219
1468.4641
1530.3142
1651.9761
1722.97
1679.648
1661.8683
1658.4439
1415.9379
1773.2198
1511.751
1628.0406
1727.3335
1639.0101
1409.5365
1733.8273
1540.3216
1588.7437
1334.8647
1323.3276
1350.9327
1659.1192
1511.4619
1254.1798
1485.4112
1441.2967
1616.4223
1539.4081
1551.4623
1790.7353
1565.7665
1489.2776
1569.8878
1716.7538
1357.5024
1634.4675
1880.0673
1633.2172
1370.2195
1549.4369
1555.1814
1227.4478
1310.7865
1698.1945
1532.8318
1475.8474
1346.0805
1502.2206
1697.5694
1422.1407
1552.7563
1356.5669
1567.61
1414.8375
1281.0697
1219.8623
1380.0993
1269.0921
1264.1281
1320.8305
1521.7127
1390.7812
1465.6071
1252.4081
1445.6759
1362.4141
1382.982
1379.3431
1432.2313
1464.9531
1416.1028
1611.9866
1498.7148
1329.8051
1258.7452
1495.9081
1540.6937
1568.9707
1323.3448
1536.1011
1578.1085
1442.399
1333.9212
1594.5596
1540.0822
1595.0329
1616.8865
1534.3805
1468.9424
1682.0043
1471.6751
1553.9369
1411.409
1349.6572
1596.7962
1615.026
1490.356
1596.7176
1415.177
1527.4241
1614.72
1643.6017
1229.1046
1480.3661
1409.79
1303.0585
1438.3994
1609.1114
1612.7028
1524.3296
1308.44
1738.9166
1371.0333
1562.1795
1507.9118
1796.1198
1748.6532
1444.1011
1565.0019
1435.8401
1392.1958
1654.7297
1754.616
1528.9125
1454.8613
1512.96
1575.04
1665.4476
1443.4231
1508.3842
1540.4318
1199.038
1514.2243
1550.0104
1592.5586
1490.6986
1569.4287
1386.9893
1507.6963
1492.9905
1446.0378
1471.2473
1638.2239
1692.27
1489.0027
1600.6907
1823.3167
1542.2638
1496.8909
1321.9087
1110.9122
1706.7353
1656.5742
1623.9769
1893.0361
1444.378
1324.1167
1623.2396
1472.9966
1596.9329
1446.2997
1666.0397
1416.5466
1099.3282
1168.871
1440.5922
1519.6633
1512.3335
1519.9777
1496.4252
1776.5025
1510.3953
1573.9245
1834.3204
1523.01
1361.1176
1689.5596
1621.895
1218.8645
1553.4535
1512.474
1456.8186
1716.0738
1605.0617
1720.0027
1732.8827
1344.9254
1499.399
1360.3274
1401.1496
1720.2878
1373.627
1510.4346
1485.0007
1275.9378
1403.462
1266.0225
1393.9069
1381.5285
1613.0152
1635.7656
1540.0175
1522.5717
1474.9953
1383.168
1466.5996
1544.296
1368.7808
1544.1272
1565.1458
1606.192
1435.8934
1378.1325
1188.7085
1327.5009
1372.78
1540.1088
1491.7801
1501.288
1588.6675
1584.7462
1476.2592
1403.7722
1598.4812
1340.3538
1825.289
1677.1563
1399.0086
1548.8199
1668.7897
1585.0771
1424.8787
1497.3028
1613.8271
1777.828
1419.8086
1418.5004
1249.7188
1598.4679
1612.7207
1515.9757
1706.2542
1677.8389
1617.1282
1735.5049
1721.1983
1504.7936
1570.4877
1397.7925
1683.8744
1723.9632
1488.8792
1639.7686
1772.5605
1479.5411
1493.7002
1755.9894
1654.2701
1574.9652
1551.5541
1367.8606
1428.2862
1348.0079
1499.5503
1651.0556
1926.341
1644.5596
1517.8001
1612.7197
1525.5946
1565.006
1754.8204
1830.4882
1670.3951
1601.9802
1577.5868
1604.0014
1506.0858
1731.4663
1433.5702
1512.4456
1361.7318
1424.2553
1433.4822
1565.2186
1599.4243
1543.1875
1478.0417
1160.991
1448.4802
1422.7802
1632.332
1358.9128
1340.2901
1556.6007
1417.1477
1583.8975
1208.1461
1635.5378
1385.4452
1422.0141
1486.3578
1397.5574
1492.8122
1627.028
1583.4152
1617.3664
1413.9968
1406.5401
1592.6324
1407.0089
1820.3366
1750.3957
1880.8428
1685.296
1306.5334
1594.2157
1635.1679
1546.247
1623.8542
1523.8635
1531.4683
1403.9635
1403.2373
1101.5098
1469.3524
1559.422
1363.2459
1350.3655
1540.5882
1575.7421
1637.2884
1462.9476
1612.2593
1455.7723
1596.3002
1597.5745
1855.5644
1597.9081
1550.6311
1530.7714
1391.4301
1688.5744
1767.5865
1611.0531
1751.7456
1558.0098
1630.0336
1606.8125
1683.8162
1643.9711
1448.4311
1445.1938
1346.5257
1516.1719
1673.6908
1516.3904
1694.1466
1643.0561
1178.4307
1340.9251
1285.4749
1510.4506
1233.2258
1416.8615
1626.7123
1506.7055
1534.8365
1424.8607
1319.1133
1366.6975
1315.9326
1557.1827
1383.9303
1426.7068
1586.9006
1808.6594
1774.9184
1263.1874
1257.7324
1586.6128
1535.2641
1292.0701
1539.8981
1514.2631
1475.488
1530.6547
1668.5514
1778.2984
1567.9949
1631.109
1379.2005
1505.4805
1368.1167
1635.52
1667.9713
1365.6533
1353.9796
1561.3155
1406.7377
1227.0849
1382.1634
1619.6958
1511.3294
1457.8317
1462.755
1363.1424
1530.2341
1403.4058
1613.8031
1525.7334
1583.742
1522.8308
1636.5764
1360.4255
1392.1121
1592.7207
1671.5129
1596.6758
1503.526
1321.2411
1419.471
1254.4008
1613.3837
1532.8539
1549.8927
1472.7952
1389.767
1440.7466
1562.9018
1913.4359
1453.4779
1677.5945
1461.025
1407.7074
1335.3249
1388.1415
1438.1795
1331.3097
1592.6276
1742.3262
1520.9399
1540.6943
1328.1951
1456.1439
1391.8382
1545.6268
1497.5689
1560.3636
1422.2169
1404.0002
1424.5679
1634.2679
1547.631
1401.7161
1670.7281
1688.6562
1463.8661
1329.05
1371.8943
1226.3243
1597.9405
1548.2943
1358.1899
1465.2361
1380.6214
1474.0092
1424.1337
1824.786
1540.5953
1413.7536
1382.9589
1435.098
1249.7854
1446.2341
1287.3151
1226.3212
1423.9621
1501.3613
1671.8282
1411.6427
1378.7902
1577.024
1605.0005
1510.8417
1286.7409
1396.4396
1405.2139
1499.0487
1430.5429
1588.5068
1561.2576
1574.6481
1302.4064
1547.8938
1364.7711
1451.221
1416.476
1505.9324
1548.9171
1455.1391
1545.4615
1410.8508
1330.763
1188.2052
1454.8797
1485.1123
1676.0931
1476.297
1409.875
1630.7352
1241.0622
1439.2997
1378.0102
1686.2055
1398.6655
1429.2718
1289.0684
1534.6398
1489.4215
1384.917
1638.745
1992.4864
1614.9062
1663.7497
1540.9142
1431.3729
1424.741
1416.6554
1657.283
1727.2002
1688.1369
1701.3187
1520.6193
1713.2018
1694.9661
1602.0899
1521.7069
1557.0886
1553.6401
1661.6258
1542.6694
1519.0898
1191.9906
1240.7122
1635.42
1566.6813
1370.1446
978.94621
1638.8355
1635.631
1334.8764
1505.838
1314.6006
1430.8662
1170.5888
1476.3316
1361.8554
1435.269
1156.7829
1610.0621
1678.7431
1426.5688
1538.9565
1634.5428
1426.0632
1275.6864
1543.3535
1329.0476
1487.9558
1589.2376
1789.1237
1526.9641
1808.9019
1310.1573
1509.2222
1419.3232
1540.3306
1776.608
1584.7567
1569.9333
1406.5606
1372.0696
1528.092
1386.3755
1568.3156
1757.5184
1529.1479
1390.1848
1547.2583
1636.6126
1482.7552
1518.9479
1196.6643
1599.2782
1713.6662
1450.5792
1140.9139
1635.7996
1711.7021
1570.8381
1447.9245
1482.8491
1294.2411
1118.5883
1396.5028
1468.8013
1630.9953
1650.1593
1397.6242
1587.0218
1496.247
1611.8841
1290.6657
1612.0507
1295.0954
1472.2574
1568.0742
1464.9785
1343.3346
1346.6849
1521.1754
1557.5768
1710.4108
1439.2388
1458.7422
1417.1958
1583.4509
1549.7854
1372.8102
1558.2262
1450.1592
1302.1866
1491.7116
1735.1234
1574.2401
1518.1133
1579.5539
1355.7378
1394.2864
1311.1232
1803.6739
1720.1346
1608.7161
1546.3603
1567.0952
1488.4289
1765.4908
1678.2175
1549.8087
1651.2869
1526.9161
1499.0356
1735.1435
1815.9507
1567.0694
1317.9569
1449.0174
1058.1276
1406.7757
1412.6771
1609.8263
1621.8141
1502.0984
1438.7427
1477.7701
1385.396
1328.4256
1473.0535
1545.518
1653.8666
1547.8502
1709.3216
1379.0778
1359.6629
1680.1615
1525.61
1340.7454
1396.6147
1369.6395
1429.9395
1458.7451
1590.6841
1704.1556
1357.7901
1533.1205
1370.1557
1555.8829
1435.7847
1572.2467
1567.7356
1717.1124
1657.7016
1546.2953
1404.464
1533.4696
1427.2808
1255.8144
1462.5942
1364.7393
1327.9535
1580.0767
1663.1477
1784.5646
1580.9873
1526.6204
1525.9557
1547.8671
1712.4029
1687.9778
1535.3921
1564.9379
1664.8936
1432.3644
1279.5877
1280.459
1691.11
1708.395
1404.3531
1277.2945
1415.8541
1377.7853
1512.3806
1646.5339
1624.25
1932.1552
1710.9419
1622.5392
1602.1386
1567.1821
1597.2369
1471.0285
1621.4771
1627.4999
1480.5733
1389.1524
1397.8514
1506.2784
1385.6557
1335.0091
1564.6944
1299.3978
1400.7102
1564.5448
1263.9517
1233.8252
1347.8802
1564.9783
1611.8466
1264.8843
1541.2663
1420.0648
1557.4791
1482.9017
1449.3428
1335.2595
1361.3637
1249.1689
1353.512
1374.6026
1477.1652
1512.7013
1233.0328
1297.2274
1492.6139
1379.7892
1297.4644
1470.5019
1514.4464
1611.8283
1429.8851
1412.1868
1446.8805
1455.9512
1455.3382
1455.83
1360.8788
1513.6548
1344.2603
1465.6602
1548.7645
1412.1412
1549.6592
1602.7955
1471.3472
1587.9745
1551.0779
1459.7407
1409.5957
1435.8551
1720.8672
1701.6336
1623.0985
1244.915
1411.8548
1312.4036
1649.6345
1572.1076
1697.5404
1666.3862
1543.4979
1450.2195
1545.0133
1602.9246
1743.1579
1578.0536
1758.9814
1270.052
1439.1409
1457.2527
1655.8577
1495.3383
1569.6679
1524.8162
1521.911
1508.9971
1523.9354
1470.8284
1539.5706
1558.1604
1508.9155
1600.646
1682.6698
1651.3204
1432.1826
1611.9346
1409.201
1630.4026
1190.1086
1423.5471
1425.8857
1691.1939
1386.592
1327.9091
1425.3403
1350.0645
1268.2131
1563.3217
1527.7425
1342.2238
1234.0647
1401.8938
1609.0359
1537.4236
1502.7577
1882.7838
1322.3063
1485.6504
1321.9166
1374.881
1580.1412
1527.4072
1644.0471
1797.7132
1667.8416
1276.6924
1423.2053
1519.4837
1699.9879
1443.7109
1554.1782
1444.3428
1682.8186
1460.5506
1678.2994
1537.1067
1356.179
1320.3544
1654.5949
1603.9097
1499.4956
1399.4187
1453.8983
1604.1072
1494.7971
1299.5095
1457.9108
1343.0717
1385.9728
1532.6009
1640.8261
1858.9898
1789.845
1520.0999
1408.0455
1600.879
1632.4324
1624.56
1701.8938
1591.157
1517.9493
1550.6261
1577.8294
1704.6184
1664.1123
1524.0641
1562.6382
1572.6124
1557.5344
1667.7139
1879.4354
1501.3821
1489.5576
1472.492
1527.7801
1456.2478
1391.3716
1680.7132
1646.3548
1631.9222
1489.0435
1677.6827
1539.7153
1490.8955
1677.3632
1568.0099
1561.2192
1406.6319
1516.512
1512.0897
1482.5738
1785.5563
1858.4323
1615.1337
1580.1174
1595.1908
1547.4238
1516.2155
1549.6201
1327.504
1318.2089
1419.28
1462.2646
1506.4465
1648.7468
1550.8586
1757.074
1750.4528
1535.0324
1440.9471
1720.813
1484.1243
1572.8188
1607.9685
1614.961
1297.8031
1376.6332
1640.3777
1620.7572
1304.8959
1357.0226
1224.6796
1430.3166
1497.147
1639.7735
1217.8999
1176.1114
1375.0635
1318.9682
1718.499
1495.4002
1645.9587
1707.5481
1389.7496
1357.4485
1580.5001
1762.247
1549.5501
1503.9092
1763.0488
1314.0471
1360.35
1518.7715
1689.0595
1648.7311
1689.5891
1429.1501
1658.3658
1406.3543
1650.1587
1700.7824
1608.6547
1516.8305
1534.8258
1459.9202
1514.6691
1636.5649
1841.145
1456.4514
1625.5151
1238.788
1648.3275
1541.4675
1685.1713
1437.0601
1595.3502
1169.9288
1456.2469
1369.8357
1425.1347
1592.5584
1517.2526
1648.2858
1490.2141
1606.5786
1361.5215
1385.3231
1475.4459
1349.5805
1783.1859
1355.6235
1729.7841
1486.1799
1423.8039
1504.8337
1368.4126
1354.4152
1698.5533
1529.0579
1717.0913
1557.2993
1632.96
1582.1053
1797.5063
1449.4749
1397.6688
1754.7526
1744.5282
1677.5684
1259.2546
1438.1952
1596.483
1539.9153
1629.087
1359.3009
1296.3491
1388.2025
1178.532
1561.8016
1343.9881
1525.1367
1413.8929
1568.3063
1608.2105
1336.1775
1524.9031
1666.4343
1532.5701
1352.5319
1572.7327
1419.6096
1351.9695
1477.3882
1515.6354
1814.525
1716.3927
1793.0388
1820.8952
1391.1514
1679.2983
1571.7109
1860.1015
1628.102
1608.5957
1551.1727
1692.686
1766.4953
1649.1378
1694.4665
1413.125
1527.5662
1535.7861
1606.4732
1713.6869
1663.5964
1700.7451
1834.7462
1582.7027
1597.0612
1529.137
1647.6164
1700.8038
1797.4915
1865.4779
1633.2286
1948.3895
1742.9389
1631.3577
1529.1985
1242.4429
1322.0252
1562.7587
1604.0632
1600.368
1456.1444
1817.4496
1748.813
1756.7798
1437.3621
1559.7818
1865.5891
1661.5646
1663.3434
1590.1411
1305.6952
1546.4472
1693.0107
1788.1514
1380.8141
1584.0594
1542.1078
1630.6836
1320.7188
1561.0887
1536.0099
1398.7232
1588.0135
1367.5911
1565.8225
1515.1609
1318.164
1437.6846
1540.7706
1614.4707
1486.0662
1600.3761
1484.6088
1605.6186
1654.7995
1292.8128
1287.8929
1568.111
1454.268
1424.0788
1468.1714
1451.6914
1506.405
1390.0172
1692.8818
1607.5332
1484.6382
1521.9561
1610.6497
1433.8056
1389.9338
1179.24
1351.7365
1540.0825
1519.0292
1601.8855
1552.6551
1541.5999
1463.6266
1723.7956
1662.8054
1447.2137
1733.6183
1624.2415
1785.98
1732.514
1687.0355
1655.815
1771.6929
1640.6155
1426.7988
1839.3325
1845.6876
1398.2866
1806.8098
1487.2159
1566.6902
1756.0696
1610.1611
1675.1631
1864.9515
1448.4316
1697.52
1337.33
1340.3631
1393.4247
1322.94
1560.1535
1602.3304
1381.543
1657.6384
1452.3325
1628.3865
1545.222
1672.1629
1641.4206
1666.9896
1740.2756
1648.0726
1653.1373
1755.5129
1643.4803
1610.1284
1262.9751
1594.6564
1477.8625
1373.1052
1285.5815
1404.008
1479.8444
1609.2731
1659.3168
1341.6651
1499.1845
1667.8456
1683.6705
1638.4716
1337.5284
1595.1636
1554.2149
1594.0435
1646.9613
1422.9138
1656.021
1300.8669
1339.5798
1501.8932
1509.4183
1435.4317
1201.1466
1373.8593
1447.5553
1568.4434
1452.422
1621.9076
1517.1211
1498.3328
1704.5306
1706.7565
1975.9266
1708.3495
1683.2637
1387.1701
1531.9142
1460.056
1475.3843
1614.6473
1621.5447
1399.5185
1679.985
1576.1578
1607.677
1770.6856
1656.8155
1429.7287
1725.3296
1886.9131
1647.8256
1714.3689
1281.759
1438.5735
1513.9615
1574.308
1437.6405
1633.986
1630.056
1445.2086
1380.0698
1311.7083
1596.0846
1458.2346
1585.9174
1644.7402
1605.341
1536.9885
1692.2406
1758.1638
1575.9086
1804.0402
1432.7804
1690.711
1477.6715
1354.0991
1379.1313
1623.816
1626.516
1584.9415
1661.6274
1352.5736
1497.4808
1591.5182
1603.5452
1223.6205
1448.9776
1540.8186
1457.4427
1331.8669
1635.2228
1419.3132
1624.4197
1458.8254
1352.5903
1395.441
1427.8227
1477.2287
1525.3084
1474.2677
1708.1895
1571.0972
1511.8302
1580.0209
1484.212
1583.5073
1487.9953
1508.8234
1516.7286
1287.548
1389.5552
1489.2064
1766.0878
1783.8595
1777.8519
1760.8911
1588.1045
1484.1591
1370.4947
1398.1372
1637.6486
1446.6421
1921.8794
1613.4962
1676.6724
1456.1215
1652.5085
1383.0531
1668.8941
1453.4285
1381.7003
1553.2271
1318.3181
1506.1024
1544.0245
1576.5022
1850.8397
1683.4731
1323.0114
1513.458
1544.6836
1656.6222
1721.9505
1590.9638
1319.1983
1549.7012
1335.639
1356.9111
1536.8541
1554.9043
1633.3283
1665.7378
1550.1408
1362.6181
1306.8995
1607.9581
1619.6047
1445.7699
1742.1052
1291.0449
1245.3306
1580.4424
1311.8881
1427.2326
1627.5648
1098.0713
1709.3502
1272.4052
1556.9556
1305.0405
1464.1704
1378.6561
1301.3917
1560.899
1432.2429
1336.322
1409.9139
1421.1168
1573.3381
1269.8239
1506.0675
1521.1534
1511.9311
1584.9797
1647.4177
1374.3916
1484.028
1700.7428
1625.9523
1705.486
1611.465
1667.4366
1625.3
1444.6575
1212.3283
1453.2639
1650.9556
1475.9281
1671.2453
1765.4265
1661.0452
1335.1045
1403.0915
1593.2774
1574.013
1612.6257
1497.2556
1485.8431
1445.3768
1551.4082
1593.4153
1427.5895
1534.9826
1390.3538
1336.4958
1332.8013
1323.5996
1515.4141
1511.4126
1517.5664
1413.1514
1306.731
1610.2396
1454.6173
1507.5329
1672.839
1718.0213
1476.6695
1268.9085
1417.9926
1642.8124
1537.7185
1607.9261
1633.3939
1619.0723
1195.4128
1402.0123
1450.0002
1417.9124
1664.6695
1459.5169
1291.0252
1367.5685
1586.0641
1624.5915
1346.3195
1431.628
1541.0508
1482.7724
1407.477
1481.5782
1813.6738
1750.6064
1550.5371
1578.5619
1639.9231
1471.379
1424.3113
1775.6066
1462.7806
1471.5221
1376.3959
1754.9325
1807.0082
1547.2199
1637.6239
1478.8071
1585.6836
1538.444
1338.5059
1356.6869
1370.8216
1416.8694
1572.2302
1625.611
1558.801
1976.3056
1634.7611
1536.0642
1405.8829
1345.5605
1562.9154
1675.8279
1507.8026
1749.9258
1539.6115
1687.2911
1519.5316
1473.5358
1411.7772
1417.6042
1484.8023
1461.9275
1406.2807
1442.0926
1680.8805
1405.8298
1616.4858
1452.9
1498.2773
1505.1339
1511.9593
1700.2172
1495.741
1613.8767
1461.6146
1783.0309
1641.2576
1692.7605
1472.491
1501.212
1302.1554
1448.9916
1645.2103
1586.0473
1545.8669
1306.7784
1411.0029
1219.501
1300.1459
1453.075
1510.7059
1322.1548
1448.4927
1553.4589
1101.7692
1359.9176
1477.2894
1456.5994
1567.4751
1474.6836
1576.13
1592.0229
1631.751
1441.0931
1513.1724
1650.7846
1331.865
1430.7272
1598.137
1467.8673
1868.3746
1608.4498
1657.6147
1363.7927
1546.212
1548.6475
1686.4166
1404.3619
1356.9791
1364.9823
1535.5167
1287.8034
1429.9169
1369.3929
1445.7121
1498.7784
1480.9361
1489.2585
1488.9456
1432.734
1499.4422
1495.8665
1622.0021
1590.53
1514.4982
1430.3824
1774.7707
1484.8584
1632.8117
1393.6697
1476.9798
1448.4883
1539.7041
1739.0663
1586.302
1435.553
1531.3942
1357.4929
1452.4674
1764.3807
1473.9848
1591.7101
1515.5753
1556.0084
1531.1455
1578.0328
1399.2437
1476.8994
1334.8575
1667.2989
1318.7762
1305.2667
1601.0526
1584.2859
1483.136
1501.0477
1551.9545
1683.744
1457.8283
1316.8528
1489.4965
1514.7543
1631.6229
1307.6091
1451.2518
1412.2233
1375.8686
1261.2193
1529.4118
1678.7732
1487.9408
1502.3204
1462.4478
1572.5688
1752.1222
1744.0207
1619.9198
1356.2373
1522.2773
1526.1047
1505.8924
1375.1319
1512.3305
1406.1228
1499.3407
1411.035
1402.6785
1398.0489
1585.0475
1524.2236
1229.3328
1521.1097
1475.1884
1418.9088
1460.58
1379.5629
1411.5097
1539.5829
1466.2301
1484.2528
1243.3511
1195.8125
1397.0058
1548.8868
1466.9948
1566.3282
1683.498
1533.0455
1806.4876
1560.513
1648.303
1501.6612
1574.0511
1259.2243
1543.5166
1432.4602
1281.6935
1595.7534
1239.3685
1474.1029
1495.4388
1629.9766
1474.4821
1310.8953
1707.8718
1596.018
1432.9114
1767.9315
1619.4124
1204.6086
1407.5302
1730.6518
1486.2798
1498.8049
1233.9953
1348.9306
1583.3584
1394.9167
1457.2757
1407.1119
1502.5231
1408.2853
1557.6748
1744.3197
1449.5327
1365.976
1456.6142
1535.5438
1453.4403
1289.6667
1411.9905
1322.7718
1536.6627
1412.7037
1393.9159
1393.6492
1582.8115
1556.9365
1303.284
1578.2277
1467.3705
1297.5755
1549.3997
1046.6921
1441.4288
1549.5374
1486.7629
1628.3142
1460.556
1484.3488
1611.8091
1535.8563
1576.6747
1421.1876
1688.9594
1572.3031
1558.857
1459.1147
1293.4659
1769.2429
1674.5858
1456.8113
1521.135
1552.8241
1362.2233
1598.2692
1706.0316
1565.1685
1487.2087
1639.6115
1733.2799
1555.3397
1386.9549
1629.4222
1492.0916
1639.3238
1462.546
1496.5178
1448.4656
1669.2937
1305.1319
1758.2113
1697.0675
1714.6043
1588.9359
1343.1398
1453.9058
1416.0966
1664.4572
1671.3891
1564.0697
1415.1927
1682.8186
1413.963
1587.2606
1653.6532
1410.23
1383.4591
1470.779
1559.9094
1478.4269
1434.9541
1296.6565
1356.1877
1519.9634
1468.9528
1792.0034
1904.0687
1625.0878
1378.4412
1531.7277
1579.1936
1453.1972
1312.3024
1485.5962
1562.1398
1477.0259
1334.9573
1615.7001
1472.492
1402.85
1181.6925
1304.3879
1381.6113
1748.2293
1553.6907
1485.5059
1328.7624
1191.5141
1262.989
1474.7096
1492.5101
1623.0588
1321.1387
1513.0795
1322.3733
1448.3791
1555.2949
1711.0088
1348.888
1499.8585
1395.2507
1528.0447
1460.3388
1293.8637
1460.9468
1497.943
1597.7217
1315.1226
1520.1047
1646.6793
1695.9214
1539.4745
1233.1072
1196.879
1327.2329
1601.0318
1450.6741
1546.2224
1483.7219
1307.4301
1484.246
1437.6803
1555.9025
1608.175
1497.3432
1316.4748
1410.0756
1485.7753
1480.9446
1304.5127
1355.205
1697.8894
1366.7904
1372.3948
1567.1397
1329.3027
1429.9093
1236.4011
1463.4299
1656.4
1493.2362
1764.2345
1622.1409
1273.3617
1659.0252
1607.4452
1568.4025
1382.6928
1577.9746
1400.1662
1506.158
1255.2627
1603.1264
1463.0024
1558.2879
1432.5287
1697.4637
1322.5344
1377.3605
1224.4459
1355.6568
1493.1041
1352.5815
1313.9362
1163.3911
1222.266
1434.9877
1391.2296
1436.3849
1197.8661
1520.8759
1242.7404
1423.5472
1315.8954
1286.4764
1540.5666
1233.6942
1428.3778
1581.9423
1342.7866
1356.4442
1498.3448
1549.8199
1535.1484
1412.5927
1321.1801
1256.5302
1360.1029
1483.579
1493.1852
1171.6375
1292.2287
1322.8943
1406.1424
1290.0269
1270.921
1358.1121
1579.0696
1661.1746
1556.0996
1489.5415
1495.0906
1345.35
1377.3196
1290.7373
1522.5471
1558.5043
1748.6628
1263.0858
1264.6765
1249.4608
1349.9622
1492.5843
1570.9565
1279.1383
1386.7532
1479.753
1657.0909
1318.2409
1435.6934
1367.5341
1526.3128
1429.7298
1307.6209
1472.3335
1320.3306
1358.3632
1633.557
1521.8771
1558.6577
1464.7909
1588.5029
1436.7607
1521.5742
1455.9937
1629.0272
1490.8604
1481.5563
1562.0788
1761.6511
1785.9465
1566.9895
1419.8624
1696.6177
1566.645
1742.1597
1734.5275
1617.648
1740.6239
1707.4834
1404.2079
1291.3963
1453.4974
1282.7823
1256.2239
1442.4011
1520.1322
1345.6642
1390.37
1580.6498
1433.9388
1466.0392
1427.7062
1438.5152
1486.0532
1583.0534
1345.1115
1428.792
1434.2712
1373.206
1497.0203
1272.5355
1570.3816
1443.99
1621.4423
1588.9913
1254.1603
1443.2783
1251.1446
1288.797
1501.4018
1530.7284
1637.7069
1382.9107
1342.4318
1482.6729
1444.1646
1381.7368
1518.5335
1481.423
1479.5759
1605.504
1654.7189
1497.0367
1659.3312
1691.1917
1365.792
1461.7713
1400.5885
1432.1927
1549.962
1581.9156
1407.7991
1397.3418
1419.5722
1650.4981
1637.5293
1737.663
1445.8394
1550.5146
1445.1029
1531.3857
1371.2721
1334.1151
1863.255
1708.252
1413.3659
1398.9595
1209.4991
1408.3297
1566.1705
1481.6951
1513.3799
1480.0453
1444.4026
1578.2039
1394.298
1658.6031
1660.3018
1387.5611
1153.7296
1669.8477
1573.6789
1585.8044
1597.1499
1705.1748
1472.634
1554.6499
1510.9141
1501.4238
1400.5359
1389.7702
1469.0245
1564.596
1516.118
1408.3361
1551.2825
1253.9979
1426.0797
1349.8684
1285.6808
1426.9234
1505.0027
1404.7346
1503.8804
1658.0778
1362.3561
1719.2907
1429.7905
1533.4292
1543.7994
1566.9723
1658.1951
1370.7612
1603.0226
1397.8328
1556.7919
1477.0492
1470.2614
1616.1233
1523.4242
1487.215
1500.2869
1352.6439
1521.2186
1425.046
1484.2965
1502.1189
1362.4616
1444.6869
1485.2473
1678.4779
1493.1597
1575.9879
1440.4273
1618.0148
1510.0781
1447.5368
1620.2778
1745.6848
1602.5465
1693.251
1453.4239
1696.6901
1619.9655
1451.8389
1416.2157
1238.4428
1433.9148
1337.2732
1640.7893
1708.841
1335.6544
1419.7001
1515.8329
1387.6509
1719.8649
1440.5359
1851.5654
1614.3962
1642.1427
1781.9321
1737.4846
1669.515
1424.6853
1555.6719
1396.2202
1597.321
1326.5949
1660.0473
1579.6658
1363.219
1631.3472
1325.8351
1355.6296
1283.6409
1467.0839
1480.0374
1471.131
1588.1625
1479.6871
1607.4267
1727.1189
1462.2318
1379.5044
1655.9312
1628.8565
1612.4356
1672.6095
1597.2882
1560.6846
1461.6617
1384.8022
1564.0552
1387.0118
1370.8501
1342.4212
1187.7993
1232.9594
1450.3507
1439.8194
1307.8841
1393.8277
1464.6342
1305.7473
1651.0714
1338.3642
1666.903
1444.3858
1331.0899
1641.4106
1535.8816
1555.8776
1851.4083
1636.4641
1398.5809
1294.5457
1579.9786
1536.129
1719.7243
1578.2166
1534.4206
1503.2102
1580.7795
1522.2847
1611.9061
1532.7487
1690.9964
1459.6882
1571.5882
1525.2485
1556.2685
1694.4077
1788.241
1589.6634
1398.7345
1476.195
1324.542
1433.0858
1520.3757
1670.7821
1396.5285
1357.2671
1532.2478
1881.4717
1882.3824
1664.6024
1676.1399
1528.5612
1608.2146
1433.042
1552.7358
1363.0244
1391.4491
1714.2291
1590.8727
1518.0794
1672.4442
1533.1297
1589.6328
1755.0526
1709.1651
1671.8329
1574.6503
1608.324
1500.663
1230.6252
1506.9338
1388.2281
1190.7051
1447.437
1559.0748
1601.7047
1579.7163
1557.6468
1446.6878
1484.3191
1644.3169
1703.5495
1643.5086
1511.3072
1261.5121
1262.5055
1306.7816
1603.6596
1454.4471
1510.2784
1560.1268
1660.4769
1574.5798
1348.1718
1410.1751
1767.8364
1712.3564
1485.9245
1625.8025
1388.4069
1583.9883
1390.2707
1870.5634
1360.0455
1631.8023
1535.4693
1810.447
1497.2373
1623.0063
1528.592
1333.7629
1650.2213
1315.0784
1316.6857
1645.6691
1781.2716
1651.0665
1296.9529
1322.177
1248.2851
1573.7487
1715.2228
1702.0543
1633.4192
1539.6691
1746.245
1578.6877
1628.5241
1894.3076
1673.7488
1537.6616
1513.6194
1446.3721
1460.2138
1799.6908
1662.1227
1559.057
1838.8518
1731.4461
1624.628
1625.6883
1546.0618
1672.2949
1563.6133
1639.0069
1534.2614
1711.4435
1404.2857
1647.5655
1753.3502
1521.4271
1580.8006
1436.8253
1476.6881
1544.4249
1455.0882
1555.196
1407.5342
1535.6214
1414.9342
1314.5016
1236.0732
1347.6284
1635.2657
1311.583
1647.5217
1430.7581
1781.2977
1609.3009
1367.7954
1297.161
1445.3607
1393.6505
1588.9083
1587.6464
1251.3505
1398.7573
1385.9405
1517.3863
1416.0894
1323.8377
1332.5953
1504.0135
1698.8775
1326.3493
1593.7048
1644.4088
1331.8746
1561.4979
1294.2209
1507.2603
1576.8654
1555.8808
1521.6943
1443.889
1500.9064
1406.2566
1573.8799
1506.7168
1482.029
1411.7133
1239.45
1355.5291
1534.3293
1474.289
1410.5007
1489.5358
1415.4112
1486.5065
1746.2201
1685.8532
1474.623
1469.717
1600.5764
1561.4483
1436.0543
1504.6284
1574.869
1367.2751
1623.1577
1501.7552
1647.0085
1508.6369
1504.6513
1581.9316
1356.1739
1290.495
1544.4698
1592.0254
1463.9944
1534.4738
1403.8377
1685.2448
1636.3408
1483.0034
1403.7101
1641.5451
1273.0166
1704.9672
1755.1315
1320.4978
1523.1423
1569.6769
1351.0674
1395.6188
1705.6879
1657.9942
1666.3935
1816.8989
1608.2935
1595.5368
1905.4899
1723.8488
1449.6123
1557.5502
1470.7956
1482.5012
1278.0243
1642.3111
1620.5805
1555.6807
1321.8765
1377.4665
1347.117
1386.4154
1497.1274
1655.0522
1279.6093
1263.8888
1470.0408
1562.8132
1720.7411
1387.1326
1773.8702
1492.7866
1726.6313
1667.1599
1445.1122
1338.7175
1633.4903
1563.5186
1761.5404
1465.027
1550.4532
1542.1382
1388.2163
1272.3032
1483.76
1588.5559
1657.1735
1669.9814
1632.1105
1556.3432
1541.8622
1632.7665
1440.3332
1470.2098
1629.8884
1363.4242
1340.9841
1175.5419
1401.8447
1432.7255
1550.8268
1584.5726
1613.9186
1575.8713
1263.5538
1091.0683
1466.4396
1465.9453
1621.0018
1637.1345
1529.1538
1325.3647
1252.9324
1651.0809
1469.6746
1531.8866
1507.7897
1351.4643
1278.7424
1359.5353
1377.4601
1179.9833
1602.3188
1489.3009
1452.9854
1255.1001
1594.2637
1630.1844
1532.5925
1441.1754
1353.9992
1511.7801
1477.7954
1382.6911
1237.094
1580.6199
1689.6391
1497.0931
1500.2868
1317.2825
1346.2476
1475.2858
1495.8145
1361.1936
1767.0567
1590.0289
1582.6967
1625.8273
1509.9141
1453.5062
1227.428
1507.3703
1741.4417
1406.3532
1447.4933
1432.8234
1595.8364
1298.7373
1261.3313
1584.6551
1638.3679
1406.6779
1514.9279
1459.8485
1539.98
1538.6294
1653.1074
1795.675
1735.1064
1425.2073
1467.6867
1384.7794
1616.5697
1623.4463
1419.2315
1814.4983
1785.5096
1623.3363
1406.3096
1238.5565
1429.4131
1706.2071
1639.6139
1451.967
1510.9887
1620.0886
1617.4315
1394.6999
1703.4154
1492.74
1899.7972
1541.8312
1441.4884
1249.9594
1616.9576
1496.1158
1646.5372
1613.0409
1561.1567
1709.9754
1518.5268
1464.3862
1278.9915
1551.7668
1618.982
1568.6637
1605.7755
1739.0306
1507.717
1213.8482
1288.1199
1549.8519
1650.7898
1631.0427
1596.9401
1575.8851
1501.6853
1471.3009
1429.5858
1581.7739
1481.5051
1655.699
1814.2154
1576.207
1592.132
1283.5242
1517.0288
1427.5645
1383.9364
1719.8082
1617.0189
1470.1378
1406.862
1351.7548
1433.2933
1510.581
1409.1341
1540.1308
1521.1093
1262.8529
1559.9457
1411.4303
1736.2655
1311.168
1612.7774
1628.7508
1471.305
1289.3554
1449.8243
1453.8376
1409.2044
1435.7241
1486.9827
1442.2085
1353.1215
1560.9566
1477.2692
1622.2835
1544.3967
1507.7384
1510.3363
1548.5572
1654.529
1412.975
1518.843
1773.2367
1601.9417
1758.6847
1486.5973
1150.436
1514.904
1757.6669
1600.3433
1801.3366
1582.3034
1575.9337
1582.1883
1550.696
1201.215
1574.5974
1573.1181
1452.9367
1621.4888
1467.5312
1834.8287
1539.7099
1458.5059
1612.6371
1654.9197
1493.8824
1423.1963
1551.78
1569.2914
1320.7041
1376.9286
1303.01
1366.9596
1222.9927
1508.2294
1476.4333
1636.9811
1481.2075
1413.5647
1237.8296
1552.7584
1579.1956
1591.1085
1662.1911
1522.1983
1528.9564
1588.3006
1571.98
1531.0478
1420.6929
1483.6626
1606.0907
1668.1757
1546.8408
1581.5869
1525.092
1399.0308
1485.5154
1594.8836
1630.0219
1588.5127
1223.0915
1162.7752
1415.3258
1610.5047
1471.983
1658.255
1785.0948
1627.6329
1716.4676
1306.542
1629.3128
1206.7112
1605.3448
1571.3898
1514.6704
1550.1371
1402.9008
1608.967
1618.7186
1252.1604
1356.234
1364.5023
1497.3047
1420.066
1516.2674
1348.3416
1470.252
1427.6765
1347.4118
1587.9639
1760.0959
1741.9698
1398.523
1251.1271
1511.3505
1454.493
1611.1051
1467.24
1307.2443
1341.8155
1419.5212
1580.6522
1666.2103
1466.8288
1381.7549
1436.5356
1595.9773
1596.5439
1709.6532
1597.1583
1481.5322
1560.6848
1666.6844
1662.4143
1427.5489
1517.6066
1641.9162
1365.528
1415.6383
1291.0859
1806.4241
1691.4772
1733.8653
1181.5893
1549.5264
1528.7919
1925.6908
1801.9186
1558.4862
1830.3558
1443.1884
1527.7115
1602.5858
1647.6767
1624.3257
1300.8531
1659.0758
1659.9465
1534.2645
1437.9453
1409.9049
1422.9939
1475.5858
1547.5372
1745.4952
1633.5316
1746.4233
1719.2813
1448.162
1433.2882
1424.4337
1527.5011
1526.6436
1645.1004
1510.8384
1439.3373
1473.7443
1570.2528
1519.7276
1696.4049
1661.9398
1624.017
1335.1953
1624.6931
1554.993
1387.0631
1364.2776
1055.8066
1569.7051
1733.8463
1520.5891
1505.9429
1641.5053
1545.3271
1495.2787
1229.5795
1428.2615
1576.8366
1443.5353
1409.7518
1382.753
1593.748
1608.1106
1573.8208
1766.6031
1333.6294
1241.1107
1462.2777
1549.8861
1746.9991
1756.2814
1543.6614
1555.3533
1549.5725
1506.786
1277.8548
1418.1972
1573.5968
1287.1025
1512.6885
1557.3546
1506.1368
1632.7948
1593.8964
1611.1231
1697.8481
1585.327
1386.8984
1373.5766
1378.2713
1162.9943
1491.5036
1323.8297
1506.6601
1649.2425
1512.0258
1530.194
1493.674
1375.566
1146.5888
1481.8293
1582.3222
1439.8123
1604.7535
1511.6208
1438.7875
1455.5235
1563.7365
1335.4579
1254.2173
1666.1262
1572.1449
1651.4845
1608.9358
1611.2118
1430.5705
1316.2243
1515.4172
1565.8228
1310.8738
1687.454
1787.403
1487.0048
1386.4479
1483.1794
1277.6739
1403.0676
1529.7367
1545.8764
1602.1636
1528.1917
1693.7588
1470.967
1438.0549
1525.5812
1481.1316
1564.1177
1507.594
1588.3643
1690.22
1447.1153
1452.7026
1420.7728
1479.0143
1578.6436
1559.9511
1544.3053
1718.2447
1423.4012
1258.1943
1357.0358
1430.8543
1426.8373
1375.9538
1415.2233
1587.6547
1550.8037
1403.4676
1516.3901
1392.4046
1392.2095
1165.5022
1382.1742
1293.847
1431.5256
1543.878
1395.8481
1343.4894
1346.4671
1407.2296
1573.1007
1632.2441
1601.3549
1422.4972
1460.9619
1650.024
1518.2662
1285.4203
1411.0093
1569.715
1405.5825
1652.7048
1472.205
1568.8689
1373.1671
1462.0963
1778.9409
1608.6733
1296.9415
1436.6988
1643.3233
1694.6283
1628.0751
1681.282
1813.7005
1470.6974
1416.5726
1509.3105
1597.8959
1356.4786
1364.2727
1456.923
1433.5739
1397.8999
1493.8262
1521.5468
1675.8168
1451.1787
1343.324
1526.3974
1424.5564
1567.3274
1435.9231
1381.817
1448.3502
1481.9355
1565.5533
1338.7944
1553.0053
1541.5389
1351.1148
1330.4052
1337.6218
1321.0265
1405.1823
1687.6784
1501.1148
1627.2862
1703.2641
1545.9253
1490.5073
1476.3167
1297.7043
1403.4536
1542.5331
1507.96
1690.9915
1579.9206
1575.7656
1545.3461
1514.4926
1397.5399
1654.0795
1385.6675
1315.1889
1354.6141
1566.27
1485.8882
1676.2927
1538.1336
1639.7684
1472.3069
1875.7348
1725.9788
1946.1557
1750.5389
1659.9208
1558.3417
1392.9261
1368.1046
1851.798
1618.9235
1441.4417
1540.16
1509.5343
1448.1998
1306.9013
1536.973
1768.3023
1503.6224
1596.8835
1507.6602
1738.4221
1373.4966
1393.2711
1397.0336
1341.5579
1764.9706
1411.1732
1596.317
1576.886
1532.3658
1696.09
1405.2006
1494.2253
1571.5275
1626.7478
1696.2961
1439.4385
1539.4744
1473.8094
1664.3563
1650.4383
1428.3851
1433.6663
1526.6396
1678.6669
1438.0467
1457.0385
1470.331
1506.5111
1467.1908
1319.1512
1599.2334
1317.7831
1745.3187
1345.4933
1416.3767
1315.1173
1347.8602
1458.1736
1344.4847
1638.9986
1741.4603
1678.5131
1570.4144
1330.9232
1412.3728
1477.469
1611.2531
1544.4166
1413.6191
1471.6526
1423.5758
1463.8491
1788.3048
1587.9134
1412.5707
1546.7528
1633.7793
1656.3372
1664.1294
1593.1753
1822.9934
1612.8484
1487.0929
1570.7007
1274.1504
1648.4848
1848.1881
1466.0251
1811.9382
1546.9943
1595.542
1594.8835
1404.3555
1522.1131
1595.1157
1668.25
1527.6658
1574.2779
1597.8495
1519.8533
1521.5659
1520.8317
1670.0397
1668.2528
1724.5608
1679.712
1615.5187
1566.7505
1444.4182
1731.9062
1827.0184
1618.1078
1745.7022
1540.2045
1528.2312
1495.2035
1556.5452
1664.5527
1616.7356
1793.0276
1665.0302
1850.7854
1530.9492
1590.6453
1396.1828
1386.156
1496.5476
1396.2163
1814.304
1535.9222
1615.1914
1259.7846
1476.2855
1508.6938
1260.8275
1521.6858
1491.0807
1421.8791
1415.8472
1524.042
1789.1936
1314.7943
1564.8136
1528.9062
1455.5997
1431.2427
1702.3099
1531.0182
1284.5555
1436.3022
1408.3938
1604.9585
1541.9744
1472.945
1631.3816
1387.2721
1458.5337
1335.951
1352.5617
1432.5266
1596.6894
1551.9698
1580.3601
1566.0104
1378.9533
1641.0807
1388.4241
1404.4059
1462.2645
1345.8744
1539.1946
1554.4664
1371.4112
1592.3707
1489.3539
1423.4384
1278.3721
1656.4174
1680.0793
1300.5058
1355.2609
1302.9981
1627.5751
1556.6286
1319.8366
1538.8859
1485.8544
1624.5583
1436.7959
1547.2274
1521.5215
1377.8026
1462.3787
1551.4289
1599.7385
1151.418
1483.5393
1485.8666
1588.3348
1733.7287
1633.9262
1834.5608
1627.0175
1164.1187
1389.6155
1579.6613
1391.916
1441.8214
1593.8157
1722.3687
1671.0601
1489.8866
1577.3805
1544.8304
1409.4874
1428.3973
1551.669
1384.6894
1276.4217
1511.0131
1487.7679
1560.5351
1370.5484
1550.2525
1326.8326
1380.0101
1267.2497
1607.5278
1299.1587
1411.836
1291.4201
1443.7914
1495.1592
1448.7957
1259.8854
1520.4952
1393.1286
1325.8872
1441.2661
1391.4226
1417.6177
1213.9808
1416.528
1180.9943
1471.7126
1501.9427
1474.6284
1439.9031
1462.8121
1561.5835
1641.9474
1581.3288
1583.5183
1464.2366
1617.4713
1314.4944
1453.5492
1473.6615
1363.6938
1483.2341
1497.2307
1382.3297
1661.1877
1317.3304
1343.2121
1604.4912
1355.4622
1342.5681
1474.3311
1978.8079
1624.152
1503.1661
1717.3122
1475.1372
1594.1719
1507.9189
1428.6454
1514.4022
1547.1327
1771.2498
1475.4496
1498.1324
1679.1253
1667.5086
1419.2087
1567.617
1510.3635
1463.5314
1572.9776
1475.8132
1479.9494
1276.891
1415.7283
1310.6556
1522.1733
1416.9227
1768.0981
1601.1171
1598.1469
1454.0909
1485.9689
1535.511
1559.5957
1639.588
1828.7567
1584.2264
1407.6637
1744.9115
1385.2989
1509.8654
1385.0528
1539.9482
1201.2219
1657.0595
1604.8125
1669.1033
1436.4953
1500.0015
1624.6938
1557.993
1500.5433
1686.1051
1662.0606
1552.7704
1733.9804
1694.1911
1441.7402
1677.1447
1857.0171
1748.4128
1507.6456
1406.9983
1270.1916
1347.061
1524.9176
1472.0799
1531.0873
1334.2358
1247.5969
1463.6507
1470.0142
1309.7178
1431.9899
1637.2269
1355.2905
1599.8799
1735.7045
1438.2782
1476.9635
1618.5469
1485.7052
1478.0635
1544.4412
1519.1895
1508.9446
1585.273
1499.3759
1548.0158
1412.3183
1349.4689
1428.3797
1606.2528
1599.9587
1340.5676
1680.4715
1426.1124
1754.9893
1777.7049
1690.1759
1714.6064
1603.5552
1569.3449
1478.4979
1632.0946
1481.4262
1615.7231
1604.2704
1670.7926
1706.2762
1445.6669
1423.0881
1411.6804
1616.1744
1714.8877
1582.381
1488.9323
1329.3507
1450.0993
1596.5661
1648.0389
1497.2746
1533.0389
1619.2401
1469.6204
1675.3451
1608.9312
1619.1933
1662.225
1440.6548
1403.0465
1572.4617
1643.3453
1606.5706
1632.8087
1405.4051
1722.3308
1808.9829
1527.7665
1300.3003
1431.8648
1395.1821
1597.3071
1685.0198
1595.2816
1485.0889
1566.9738
1374.1349
1761.2192
1526.1706
1623.058
1657.6804
1502.5569
1459.6023
1587.6961
1579.2467
