750.97648
1081.4437
1392.5392
1763.7056
1623.7679
1517.1237
1485.8065
1409.0625
1332.4777
1430.2551
1552.7292
1332.0416
1351.3624
1379.6936
1245.1622
1468.5784
1110.8906
1257.7106
1440.9892
1580.3464
1565.2244
1204.154
983.04943
1187.2423
1220.2073
1288.9397
1191.4692
1143.998
1289.1892
1160.867
1415.9242
1439.1408
1283.1361
1297.4476
1234.7762
1018.653
831.10682
1147.7938
1233.78
1186.0472
1121.0304
1116.1909
1096.48
1257.9845
1230.3455
1143.7634
1404.3678
1252.4465
1321.853
1201.3177
1018.8732
726.22071
994.51478
1048.216
1065.4707
1006.7604
1221.7004
1243.0103
1164.3971
1098.0449
998.32886
1142.8616
1014.708
1146.7947
1359.0296
1058.7308
1082.3043
1334.4475
1058.6927
1381.3159
1254.3331
1279.996
1223.135
1131.2217
1018.5919
849.62395
940.10103
883.0084
878.21606
837.24779
1149.5102
1215.4718
1219.6672
1195.5422
1223.4354
958.91962
781.26276
781.31879
898.31669
921.86122
753.59644
1214.8845
1390.0225
1318.4497
1042.2204
1205.7609
1055.9287
1071.3005
1082.6653
987.04011
1302.929
1320.065
1539.1356
1366.9869
927.2557
1228.159
1200.5204
1106.1799
1033.9603
1345.3726
1145.9181
1437.0901
1138.3894
1164.6373
1203.6838
1194.6265
1196.5187
1438.522
1295.3301
1259.6914
1060.2293
1421.3076
1140.1519
918.99676
863.87743
955.65828
862.55648
1132.5771
902.81481
672.08647
1153.3787
765.24424
1092.1728
1017.9232
1057.6139
1122.8708
1174.7183
797.63091
926.5262
848.18794
1097.7229
1004.7489
1095.3032
1073.8944
1109.3269
1285.733
1023.5517
1032.0563
1051.0959
1028.2502
1165.306
996.6839
1095.9014
1104.0978
941.01994
1115.7069
1127.363
1237.5008
1147.5846
1224.6336
1299.7111
1147.262
1232.9451
894.68478
986.64162
939.67767
817.03902
1163.6193
991.85003
1323.7111
1245.5746
1223.4055
1123.5125
1368.0641
1089.019
1181.8522
930.34557
804.12286
1142.3127
1189.4324
987.76775
1035.2112
917.00022
1091.5869
1023.0968
1170.2953
1167.4883
933.18142
913.71151
1062.0807
1247.7062
1096.4483
1023.558
1118.8502
973.56834
1078.9491
1050.2817
1085.3191
1146.7839
1061.4549
814.18572
920.58093
910.08547
1227.3722
1236.2319
1032.1058
993.57104
1067.3174
1034.9407
1097.9381
972.75245
920.4678
1019.0994
983.09565
773.68641
957.02875
704.40238
971.83434
939.1593
602.72973
892.22947
978.33826
977.51358
1023.0087
852.45872
699.64177
537.93497
616.90854
704.34847
791.13964
998.38264
934.87205
787.0392
847.66796
731.05311
837.69422
735.97956
804.59965
657.46946
1073.1442
1101.9327
776.17825
826.71165
742.17182
1055.3593
1002.0741
940.57341
753.88118
760.21869
896.13416
770.38235
1017.5335
952.60778
869.12352
963.33869
930.90553
816.77121
798.52992
677.44665
858.60934
1017.2465
692.78014
923.4848
715.97005
919.33853
960.88628
909.45691
891.62063
772.27525
427.26305
761.52578
1062.3229
669.68455
917.65647
754.85164
768.96414
657.18271
833.01851
749.17305
947.03775
877.48819
833.18445
655.0607
816.9549
909.10028
819.69064
1069.4475
884.54868
912.5471
780.29222
768.29814
737.05956
790.71467
812.70566
826.89192
893.9574
871.97745
775.88864
851.69405
833.73796
860.58465
1006.4413
991.1708
1075.7678
840.21275
717.05048
629.77786
768.64015
619.39668
694.95776
657.19649
882.67718
868.39518
849.80109
745.40459
856.0353
716.36386
811.17163
665.74547
845.20942
755.14115
569.79507
561.66029
578.06276
772.85652
757.35094
927.59629
855.55759
763.58726
814.59034
616.62635
977.15167
744.11846
822.95824
935.63752
899.38774
1035.8463
697.7479
570.70088
609.74498
984.92832
965.84832
929.03247
1010.2135
877.45065
939.21824
695.79107
885.98198
1091.4447
1058.6667
1008.4314
831.00335
659.83292
609.62195
566.81029
898.88495
1058.1796
1015.4363
894.43013
774.21364
757.38439
949.63172
986.50952
678.98096
858.51145
667.68519
678.27247
734.94249
617.38569
1007.6471
339.36649
946.07833
777.71575
926.34303
835.96899
831.6959
842.16907
790.05748
1182.781
705.67699
694.20225
844.91662
851.95839
764.95452
735.11193
848.97162
1192.7737
801.93631
908.93898
515.53259
774.58716
764.03171
808.28419
663.07208
1074.5927
818.39996
950.64143
940.47232
617.50357
675.62251
843.1742
988.8424
713.46131
843.0945
839.66179
787.95107
982.69748
701.75415
644.5318
769.88598
411.31977
595.3193
742.19742
837.57026
899.27175
698.8055
943.34768
592.67945
513.91037
786.64742
659.11753
702.78418
983.87832
892.82674
884.16193
335.23861
362.3278
784.2097
917.17613
685.52622
937.73463
842.8499
790.78694
713.05199
778.19917
920.07893
705.07148
936.94568
969.33255
916.03507
1082.6495
963.43989
677.45197
956.64687
547.03991
598.57011
569.99799
697.94443
735.35892
700.06657
699.97931
504.87685
522.17896
690.1442
832.93804
692.68807
744.8459
914.91319
925.10717
840.72217
591.16082
986.1616
851.97188
730.0169
730.24601
762.78977
770.52551
716.35958
927.66919
923.7322
835.86802
930.46075
807.42031
958.53375
624.51617
607.18781
672.35186
473.7918
563.45512
349.92103
680.56518
536.38848
601.14275
860.02414
469.5024
668.29726
781.1182
901.52986
901.61994
1112.4543
695.55829
701.27874
954.67405
1006.1878
868.39287
606.65455
823.9282
848.28005
866.62044
914.13737
994.98477
680.00372
793.47159
702.61415
1041.4082
881.2637
927.10856
651.06388
927.16896
551.91152
718.52748
981.15923
863.93089
997.24151
479.58578
645.21865
737.2053
780.59555
1013.5334
875.69272
649.26694
821.13787
732.40507
921.00592
892.93274
846.18994
699.98973
806.10449
1025.1088
892.73117
949.93824
1101.1013
897.51002
785.99519
1076.5055
755.63744
907.55674
922.70072
879.37166
806.59406
994.35331
1022.7984
842.18489
824.40344
929.89829
868.14745
764.88115
1134.9765
1103.0927
733.06659
856.62235
795.37402
1054.2581
825.22621
1027.1092
631.62249
1088.109
856.57351
760.66352
720.89911
817.30896
722.20646
1124.103
1092.7036
825.76816
896.504
802.68173
1052.3668
1209.1344
1077.57
872.27427
866.71337
1077.74
987.95054
914.69097
666.7073
714.20756
700.83766
723.48896
898.69697
860.50782
878.23031
686.23263
938.21344
1058.2394
1004.1479
754.68184
843.30266
1045.8232
849.61815
907.66582
777.02556
902.70399
646.28425
708.90724
1021.3678
813.1595
1125.7591
897.19575
947.20417
929.08663
974.24735
1066.7753
1058.4023
1010.4144
823.46939
1065.0277
896.55548
845.1189
807.69491
1127.614
619.83634
1205.8585
868.89222
616.11189
786.17967
696.43046
608.37733
896.86462
750.9885
985.5554
857.05725
674.5248
768.45498
608.79625
567.29095
925.19852
894.76872
822.58423
856.49661
823.37109
862.07093
879.92901
934.77128
595.55493
927.87307
846.14258
522.7929
792.24854
528.53276
482.94973
725.86903
739.61435
520.3507
870.43503
627.56021
607.881
573.24944
586.7116
514.71483
727.80958
619.01073
578.62253
725.47375
792.17361
795.95775
915.46481
483.29597
623.88979
701.75538
629.25691
872.09905
521.35576
629.0942
558.25743
715.70346
661.69332
634.16708
1097.9198
969.9631
643.46227
737.27783
650.02427
1005.3551
562.6253
664.85096
533.59338
895.34647
944.68913
430.6967
577.26099
640.65072
762.6926
824.47713
920.13899
665.98807
706.68591
648.04045
973.13635
585.6804
660.98099
880.38769
817.06057
644.09785
677.34645
549.67987
627.91476
1108.2236
893.94679
810.60371
640.49242
858.65353
776.99548
823.20851
688.02024
692.61077
535.22619
554.69841
626.07847
769.40025
786.0464
801.79079
925.29903
843.32518
538.80937
672.26851
806.97518
899.77289
1095.6437
826.90049
836.63243
889.24559
742.14563
1059.841
907.87302
866.6819
616.40532
764.90802
891.1368
887.1881
1098.3673
846.53723
1228.9499
900.91446
980.24035
1102.7128
870.14485
915.09726
852.6714
874.93697
964.00855
955.90761
984.40553
1049.9497
843.4013
829.7826
877.73615
879.2583
1113.6824
922.52005
686.577
688.39225
836.27969
787.88756
1048.7861
808.76276
979.00248
879.38574
619.0909
815.95273
610.69624
680.93963
840.85742
968.82406
1090.6046
878.3173
638.19772
967.8181
620.13224
921.58263
869.46206
989.98777
745.24193
756.63124
838.5362
973.79289
1076.2686
701.55354
731.84845
815.89273
557.04008
690.50814
606.49331
903.36464
635.4996
935.15991
977.91496
992.38549
897.67284
818.12667
771.22512
692.02293
883.1272
1181.6635
964.72094
1209.4301
823.49624
560.00939
725.17086
613.95264
931.19064
881.83823
877.20008
723.11214
1060.0385
1199.8871
776.00473
766.61393
893.89426
651.75033
981.32007
760.73984
958.47071
1025.4017
970.22301
859.74474
1030.8425
937.82416
1159.8702
914.33942
1016.4813
1020.432
649.49358
808.41083
839.95558
818.93312
718.12222
451.85523
572.00691
833.81511
1098.0811
817.58598
773.06677
929.39391
623.81446
872.96677
872.05905
784.93921
1017.4534
1037.2253
1157.5535
1086.5967
1224.3754
847.76322
910.12202
977.35932
834.69051
1218.4982
1014.5702
990.44237
995.75998
820.93948
780.14769
913.99607
924.92162
1077.5146
1079.8387
894.74514
755.89327
921.12868
824.0427
1128.1754
1001.4505
947.87725
1132.1665
809.64712
918.79907
895.98724
853.92487
1040.2576
966.18835
1047.6382
994.91107
923.546
772.96476
1010.5223
1119.3862
1066.5898
910.20209
830.04471
681.58877
911.56046
757.29758
637.42851
949.07388
1351.6712
956.78755
852.34726
730.24678
775.10413
838.90168
832.38107
1006.3681
996.81685
846.26194
993.79508
824.58969
804.93828
597.99488
625.66854
706.98469
793.89204
850.98869
758.59852
1033.7794
887.06955
885.21107
839.06944
1105.0381
1066.8921
930.36278
1129.1573
989.02064
934.4128
932.6103
836.4888
1000.9283
960.54693
1207.7832
1063.9775
772.94586
711.42055
734.50616
803.70946
634.21632
786.989
1056.7716
1077.7846
828.70944
976.84681
1033.3919
1021.1427
1085.4265
835.86439
1006.7354
651.66765
978.96517
903.36372
734.60849
687.56679
905.33361
1089.4257
1095.2942
781.26942
958.9055
927.26134
917.8801
829.10668
859.27015
968.47218
1113.8296
917.92477
1115.2607
948.73105
967.65347
1103.7906
688.09263
587.4992
718.75875
884.59963
853.81977
835.09647
727.60443
671.23748
963.95378
775.82907
732.09973
940.76039
899.56011
913.50978
891.50526
1004.5349
650.49206
947.43605
771.99397
880.22342
1090.526
781.76186
902.9669
934.64143
788.81292
714.09462
705.06149
578.89833
544.5488
869.32279
982.76577
1048.9575
988.59046
1109.1849
1014.2369
674.61951
867.93078
789.11557
946.17433
1115.9771
1022.6863
1015.7893
595.00266
909.71621
781.93256
814.18764
655.89719
800.23267
955.16517
869.90996
913.40372
951.55106
924.80307
767.71208
913.69514
898.28189
767.66339
655.95155
800.77569
817.35168
905.50788
573.50342
838.48968
1037.9748
1026.7112
974.6572
1000.3345
829.62132
848.3996
801.13181
655.69765
522.31706
813.83845
809.15484
872.81284
911.02596
834.14516
740.46844
992.8819
1088.2616
649.27827
870.92838
931.57177
721.67591
866.13191
1051.8735
1135.1015
1143.8852
1200.9763
1139.5229
946.98272
761.00833
813.13642
759.67287
1166.5923
1067.5486
906.0014
994.47642
770.72465
762.84056
798.64696
864.71221
798.98165
1073.9091
747.35684
982.79285
890.30714
840.90735
964.79055
836.14874
1094.3351
1128.3505
898.73041
693.35724
1001.9153
679.56385
839.3447
814.69505
949.06838
973.83694
986.47962
1056.9345
936.19187
854.29605
899.98119
876.95982
922.5844
1009.2711
782.22825
1019.5764
1072.3698
1060.1833
543.88846
636.80491
683.06049
854.77238
1081.3637
751.52243
699.19056
1011.8843
788.87323
744.00739
991.14012
1066.4593
946.03252
876.73455
877.28348
709.74367
858.19812
842.32803
917.32289
826.22971
757.55515
776.67052
881.53949
860.44374
880.13369
1237.2723
923.32456
881.84352
559.40844
800.32648
721.02065
815.42581
880.57996
782.17047
833.90583
748.79177
504.59318
800.64138
838.65618
764.67694
712.52421
587.80599
561.13214
637.4176
791.07571
935.78794
819.67233
980.65807
412.69799
552.71339
769.51024
756.08661
867.41894
718.84883
792.62553
440.74664
644.04604
890.00004
777.49449
891.16773
800.4884
924.31949
793.12418
540.319
725.92485
884.66259
768.74548
759.90292
792.74712
655.25942
928.52291
702.04424
761.096
853.32814
752.10118
787.29815
580.71962
917.77162
904.03372
1008.4328
929.23029
948.41009
707.23914
729.75977
856.50717
967.23543
1053.6778
1039.2763
861.54632
891.07131
808.45435
862.63273
1065.5579
1185.6663
1063.6691
780.15471
1034.7877
668.59434
1059.3806
1073.5128
990.09423
1280.2484
970.52302
948.44367
847.76741
945.58528
883.37821
713.16222
770.18126
839.2817
902.6306
1074.941
900.55429
951.57217
1148.1838
1180.0229
965.27564
778.62567
736.11363
717.97923
780.09486
658.01514
942.71742
991.59638
906.06017
847.34485
471.51609
977.72688
615.81351
714.8098
703.69889
964.86679
1029.1549
1111.9477
1207.0733
1063.9442
1089.2294
1114.9677
956.41898
781.41683
1044.769
1206.1896
897.23088
1270.9104
910.29653
1018.9548
751.52769
831.47358
844.27748
597.29741
972.91204
1082.8803
1140.6429
1029.1018
993.88379
937.99773
771.66533
1158.3153
837.17695
860.2026
807.96981
875.73498
862.60212
971.78681
1139.5184
987.53139
988.55125
791.17234
784.58413
850.5754
1018.275
1029.8074
1028.2025
926.50147
876.74651
1033.4956
853.51529
823.12691
1340.957
770.0437
682.18933
930.89956
706.86428
1198.6147
938.01317
810.81871
854.90624
730.48352
922.34646
945.84473
634.86747
567.9143
625.93001
901.81905
803.46573
823.84983
995.19928
952.76962
1048.7963
767.20675
886.81953
490.36305
960.07316
727.05359
915.38648
991.31489
918.98045
954.11923
659.86395
845.95704
722.07353
1057.6902
992.71351
962.10183
1116.093
761.33278
730.66862
554.65691
575.13095
854.65578
1003.5768
1038.1722
671.24493
622.14632
804.09625
918.94883
828.3562
857.08262
916.29633
1077.1241
786.04245
648.91077
820.51124
734.21082
837.06946
680.65413
653.10994
630.68268
822.98912
556.60575
643.6559
478.36709
659.45799
616.49778
669.56038
706.81937
723.74034
442.23346
354.77304
559.74879
852.74075
1074.2707
761.11508
589.84391
581.67095
669.9574
658.96979
590.98485
532.39684
666.86863
664.21316
668.27895
851.75737
772.56468
775.37441
659.88235
545.46959
790.11666
716.58705
759.86731
743.30143
1104.1169
749.47613
550.17466
432.14493
704.66448
823.56615
1000.9362
807.11078
528.33981
502.93739
817.44951
947.34931
800.36543
894.3118
675.18823
763.00613
571.23039
562.32838
854.25004
867.33844
802.72299
992.38932
868.50407
749.0695
958.9149
916.92954
846.36815
851.0348
857.35045
665.32217
720.98115
841.58339
760.44741
798.01372
549.22082
551.34658
680.19521
594.49928
523.08206
857.76455
747.85526
484.61824
566.46563
604.754
652.40282
708.60452
678.32063
623.95066
558.57738
583.76467
732.19528
621.27635
774.06666
688.79968
516.73357
525.07271
820.00649
755.73307
787.05054
553.34724
614.16933
645.85558
723.95895
688.97837
816.85294
733.30653
819.92637
604.95512
524.35076
494.43575
607.88633
703.5258
656.2953
663.38314
937.54096
624.87819
846.68489
595.0275
737.68929
773.49555
714.79491
942.73192
922.21754
824.68172
718.29455
637.29053
714.53923
744.92701
774.68763
733.87271
798.95755
729.842
1067.4251
1147.0966
748.55929
700.38307
922.5906
800.85323
772.10816
703.12151
485.43828
694.95773
562.14367
525.34075
782.08941
917.01605
611.15248
773.07073
514.35649
896.22713
696.11156
803.80835
567.47078
714.95806
677.6959
737.82135
637.54051
891.67496
737.40618
519.64089
672.56101
846.00591
879.59732
750.31349
829.8993
612.32227
639.24057
734.3451
652.96026
852.93398
722.58132
768.26513
445.83897
700.37403
702.87202
663.89565
564.87906
696.43124
526.67846
508.57155
706.03141
639.25274
605.86145
772.36799
720.98149
795.52858
710.9668
541.98806
726.94409
760.75512
738.93645
813.84075
694.70479
910.41858
764.03459
753.17873
476.73464
559.88659
421.29495
752.17502
629.47205
688.97035
883.88978
525.11947
963.36581
536.12689
556.75206
644.11444
738.05299
716.1944
511.9664
772.51308
653.9085
715.14462
897.50987
768.82949
449.86253
421.43299
674.96365
762.29865
538.19186
621.2558
564.88632
615.44898
493.79542
614.4524
908.21408
919.82098
624.14008
632.49675
439.83684
573.07456
748.17447
917.29445
870.3164
946.2103
807.98605
645.38292
694.71263
776.14146
932.44691
962.37535
874.33786
800.5558
588.62107
472.80274
777.21719
675.02287
858.44667
780.94125
944.17441
789.11566
836.93125
433.42727
735.49747
773.21241
880.55373
865.54984
514.08741
619.20664
752.78832
568.67432
613.44335
639.11484
687.77851
653.29403
647.2718
1025.8882
945.81626
543.63191
549.6243
970.19278
818.20918
828.48303
668.52907
659.28285
824.3987
819.62069
750.98787
807.71886
798.92048
976.47215
995.36371
762.25908
759.57872
894.13
570.72507
779.34956
757.12946
826.57261
668.3446
628.98472
463.48364
623.08553
670.91776
549.82958
691.13502
472.67402
357.31996
607.32348
475.15067
744.39573
957.14379
624.16983
924.60682
667.33242
747.94784
778.51569
711.28331
693.29017
211.19981
482.11042
613.83971
546.34985
477.24196
474.27446
500.44997
773.80613
508.16053
411.28867
557.2131
468.98379
729.19306
424.85811
741.96945
499.88655
613.94653
271.04961
483.17039
559.85233
296.00343
519.98606
643.56355
661.29323
653.75306
751.66452
489.00473
483.17078
449.59005
450.24163
445.28342
670.48965
485.77162
412.84065
716.52955
521.57107
722.305
675.95774
496.56765
364.29518
524.58409
730.50236
538.3015
356.23622
428.27273
611.48037
518.84133
748.98543
534.66246
656.73936
625.68176
359.31729
476.33939
379.84917
507.123
773.75633
575.3576
625.66463
393.21455
438.29848
581.3438
608.129
804.76071
488.26576
515.92949
353.79262
531.54388
622.53638
720.76527
785.24546
539.70483
663.43581
683.09149
441.19101
468.62542
684.8195
681.84667
856.11255
745.82413
894.22019
421.60669
817.39688
394.11532
539.58213
619.676
534.05342
684.73368
802.21662
656.07844
835.96519
611.14708
426.97797
473.23331
514.6762
397.11834
422.90457
680.34612
581.05844
731.87526
329.08487
459.25618
407.87237
476.17076
526.5836
771.63609
555.27321
778.55495
467.1891
785.35511
295.71574
437.43382
298.58098
518.07777
326.67782
358.45526
546.64685
556.70273
640.58177
493.75173
327.98007
482.17739
391.71431
257.56495
457.05385
393.78491
125.54939
187.73527
136.76274
517.19694
348.97774
346.19801
462.91612
587.85387
661.93687
527.11057
562.00766
479.66201
586.09307
288.65563
357.69412
245.10008
303.80996
145.41076
43.047735
485.41305
751.45956
305.64512
243.9476
487.99069
294.93523
477.62534
698.83872
296.12514
308.13029
460.32312
431.76759
467.206
372.67033
225.69986
470.98667
645.05623
458.89481
449.16303
432.96894
437.16037
355.88044
617.57382
231.04622
255.42746
477.24315
320.84844
292.42049
637.24251
202.51974
298.87131
290.99558
468.64974
673.14563
606.65734
424.15148
511.36959
544.97998
387.05133
458.73999
383.3823
507.61566
759.87304
610.36713
477.81748
483.01471
701.51253
559.1126
518.92111
237.90281
393.70189
328.37864
263.40678
298.82796
268.112
187.73382
194.22998
142.22619
606.43299
823.95244
385.4378
445.5653
354.13556
383.88629
463.55345
613.30304
440.69776
432.10964
382.68989
302.50794
247.18007
277.55788
662.0711
404.7317
311.74065
422.00755
442.12996
591.6438
755.75098
382.4415
655.56104
542.58758
486.61745
688.50034
640.81254
444.32373
148.62649
556.26018
537.30819
584.16303
681.09513
565.90853
619.01552
360.62658
474.54181
541.65772
445.0806
391.36391
549.97446
532.8644
608.24534
289.00498
577.09489
244.07833
440.16176
333.63573
236.53705
367.55079
573.37605
505.95378
240.42249
510.85027
361.45687
623.13901
704.5442
759.48185
540.00093
630.79669
510.91776
366.15799
399.02691
274.81398
560.10915
317.03789
684.22744
492.82094
289.9254
359.90564
481.21267
466.4783
454.43195
340.36447
339.16408
751.60415
646.20208
238.96115
507.06955
557.76005
545.07686
598.99078
538.53305
387.34723
263.67612
220.67428
85.94863
449.5763
385.99543
567.1541
641.49116
204.32805
488.55161
216.39027
240.64864
284.83282
378.73642
410.9869
585.37254
415.49758
-14.845035
435.77065
343.20909
396.70861
285.43573
336.5132
241.42895
372.54434
563.36493
727.34925
426.57561
661.56886
472.15539
397.04595
297.71779
533.62935
412.3386
553.1313
534.08058
547.31572
594.09772
456.4757
372.38616
397.87635
369.47693
678.0775
453.6044
306.8627
446.70488
533.4068
640.14616
644.62509
576.56112
177.24393
425.31864
392.19827
409.01782
376.87048
313.66323
762.19719
494.15353
415.97607
537.44592
698.44964
738.40946
522.83607
402.04714
445.8847
582.87427
574.13223
344.70866
546.49824
303.07953
557.74388
471.57999
552.18561
67.992559
369.03014
419.36264
651.478
370.01696
608.15379
313.58004
198.48252
286.07575
309.98596
339.84962
724.53897
355.17863
245.63796
417.54297
611.79205
428.80516
402.75436
361.93884
655.23615
733.27275
430.34504
601.18026
322.06067
369.98243
362.47834
311.87304
329.41008
365.75622
256.38983
501.30196
752.89479
481.60971
337.03653
267.01296
542.28231
269.13328
628.61672
521.30394
459.22021
511.06264
461.27347
576.55143
366.08864
383.18524
176.6945
402.75858
822.9712
350.37505
273.66565
356.61378
417.26679
394.38728
-44.515152
481.19598
495.56354
405.45307
673.00847
397.52118
526.19069
525.22571
332.06252
249.66327
525.86571
581.77671
370.14398
572.68419
498.38744
157.51686
490.37226
362.23068
655.33801
436.63355
628.77355
428.63473
330.77905
158.81444
407.39147
353.69981
447.91253
466.91032
264.08152
402.04091
315.51742
381.05286
398.10608
138.76609
404.11695
572.0553
580.76577
304.53873
466.30238
438.00513
478.71496
650.01997
299.96855
195.77946
425.49006
418.07664
299.05562
452.26939
377.03095
297.25568
674.02154
606.40267
389.76125
409.68717
662.70297
346.7742
170.97458
262.01077
353.01032
422.74594
543.34045
282.55979
470.92464
563.07684
460.20134
360.72248
469.42072
483.13388
223.90944
365.65924
489.81007
351.47555
582.69599
419.7366
377.99633
608.05619
524.02731
157.56609
364.85373
515.59056
321.92452
572.36369
291.65367
542.03918
530.65089
314.60457
297.96717
334.54484
424.13734
275.00248
490.07164
568.34074
494.8985
595.78791
388.75981
632.58223
810.55554
556.89583
351.15085
704.01769
229.24516
567.91266
406.83964
473.48491
465.15373
569.65788
381.30376
576.10417
477.81434
441.29978
337.4221
531.22259
328.76228
499.84815
456.34666
523.17147
802.3797
565.98029
336.10713
307.96883
386.74185
380.22993
300.25577
660.97206
491.81344
703.6197
409.38319
458.01856
355.80501
307.67799
220.46739
383.92388
585.89876
337.40388
509.06449
482.19845
392.33348
219.3335
377.51435
586.17869
599.6327
428.29013
321.75507
439.91929
649.30267
389.63306
472.66283
327.23035
412.06231
641.50607
410.80342
393.85407
208.78902
405.95965
491.87738
224.73077
607.73296
489.07722
573.22865
509.43183
383.85643
54.334136
588.27847
413.33958
520.27836
840.39686
426.86083
688.11115
379.2837
338.22871
333.1135
188.17024
686.24728
434.07319
195.3229
262.98465
376.68951
415.85547
459.85095
381.31722
494.41687
408.45288
455.90824
461.4283
447.19458
512.5428
321.45044
530.54736
779.13277
450.47965
513.85131
277.03709
434.07962
510.98553
403.09219
453.33486
741.50162
304.54315
463.45623
462.24901
723.55794
352.15482
395.91966
654.01396
712.54184
800.19248
548.44954
554.86472
692.9766
433.49254
525.86159
642.23333
601.15234
422.10665
419.73269
509.16934
284.90818
433.19908
492.07833
393.20734
373.41369
302.33956
315.27091
440.38812
254.00839
500.82745
447.36337
691.91849
469.89437
468.36974
336.57345
399.1778
369.63277
325.0811
155.65111
194.13852
540.4346
445.46949
448.02875
738.89082
527.84078
566.56034
522.11249
443.10899
431.1824
777.29064
764.58757
456.88131
569.35304
606.6239
715.16331
360.96164
327.16327
520.50602
320.9531
812.9096
565.49408
519.56964
525.8789
379.15483
591.79726
644.28604
517.89156
573.52382
618.59919
533.57182
494.50196
493.09486
541.34561
254.06634
124.94827
368.25547
387.30851
497.17445
851.34104
574.57602
546.24264
831.70518
730.52094
433.67983
393.63779
465.24226
552.18041
552.95536
512.12272
469.59619
721.48362
367.77791
601.63193
501.802
512.96982
416.71126
372.26285
396.286
557.80765
526.99258
387.44722
424.61394
356.85192
498.75784
407.5372
215.46797
428.08661
313.47391
808.2704
485.26557
523.33911
363.48057
450.16919
430.37826
302.84985
202.07574
359.99065
303.62375
467.75408
576.31594
488.70593
392.38775
432.14719
297.08718
345.41254
103.02933
445.82058
509.19683
560.86263
320.95128
445.98388
422.2035
430.69341
205.82396
306.37338
563.56397
315.96503
183.51355
252.93225
477.08757
461.85511
433.68597
278.58388
323.89585
491.42436
715.25107
463.01488
416.57837
393.83107
260.96399
508.20761
357.71764
307.35637
413.56791
480.29468
568.78102
252.21862
351.30372
561.85592
465.37373
307.87815
363.33651
404.18114
512.97322
506.36826
520.15816
405.75458
555.64818
654.15191
360.73715
590.21141
197.86479
297.52987
340.53232
460.32761
465.78977
531.42308
559.21442
231.31612
565.77569
545.69863
432.77703
425.2433
202.2418
157.81188
344.57175
323.12484
297.61998
600.76735
265.73441
572.99953
346.40909
306.35473
300.46924
478.94055
627.28026
445.87921
618.68572
311.76721
282.94209
352.78647
451.81048
460.43976
303.77126
536.51879
448.04044
616.09616
641.60911
536.24021
714.31667
708.99569
490.85578
325.285
329.80262
448.89554
654.79638
598.37209
490.21656
348.74501
284.85346
331.70699
366.94758
366.21967
546.93195
600.069
558.68718
453.6123
619.00955
232.34495
270.59024
480.3242
486.84219
591.50841
627.67277
659.91611
413.71167
422.12644
717.28804
767.54448
389.79121
441.70311
334.83456
591.6764
491.65773
430.47851
494.71293
330.96614
501.14659
499.68208
491.97194
713.3532
472.12627
702.0313
452.88149
532.66197
552.57184
677.46513
285.54484
445.18048
490.8825
579.66057
417.94773
373.72362
145.89197
435.39164
798.50209
510.55185
455.33591
315.63962
355.91229
367.53903
591.95521
441.39423
486.44383
430.60109
408.82689
453.34457
671.40882
676.19244
474.71332
375.82914
559.68785
529.14868
501.65283
269.69063
307.47915
462.99629
442.38278
523.97203
484.97418
223.07702
473.45661
377.04557
600.77137
469.89076
473.15603
610.90225
665.49221
607.16961
593.94236
436.64199
479.25509
645.07853
257.72078
571.97993
403.00631
577.25278
391.60389
431.45673
344.06599
674.18717
400.86117
652.73388
435.50291
624.71843
577.28656
293.32777
114.69066
76.671551
367.54721
297.95383
703.51631
418.3732
442.30838
299.28754
174.1884
328.18967
464.49327
367.02608
391.96062
457.08322
391.99816
317.71826
416.97656
433.90026
442.45531
510.12636
634.86503
632.39888
488.3188
232.85017
234.37795
502.87753
557.1801
627.39832
545.63667
300.5506
624.26218
263.81122
429.74382
391.21953
182.77477
261.73718
232.3602
331.6781
392.88774
379.68955
82.7735
172.48312
342.68355
246.26084
166.60878
402.20594
300.07855
226.00624
489.45846
286.2578
271.43171
294.21011
389.51402
420.52037
412.60257
439.13881
658.36329
325.4338
424.10848
356.37893
300.23436
598.05635
841.0867
714.4916
542.8142
409.45678
537.54229
330.2793
515.93607
321.94917
794.87387
242.84019
424.98705
306.60772
394.36618
562.06807
393.50825
436.73709
642.72481
405.57141
203.42738
319.13508
615.82885
394.63868
127.38473
338.91362
436.73416
336.72984
620.60844
756.44479
728.89539
563.0193
845.88159
642.03678
692.45729
343.5102
343.53294
290.84767
324.18634
511.11343
707.15341
402.36184
356.35306
246.79979
539.13968
467.09333
648.24116
498.60659
356.06633
458.19111
552.51157
532.83436
648.61584
339.85326
329.25329
235.83112
333.13008
486.98519
283.94925
343.8621
458.95728
419.95438
542.58924
542.80409
627.83259
374.77872
368.61956
363.04373
617.23923
758.71563
788.88322
286.08523
298.88581
264.38104
588.62069
619.82648
426.86771
647.35169
557.29401
629.65625
789.84313
525.11879
260.52569
495.09429
456.32629
603.00728
517.3049
451.63087
172.11192
497.40907
339.63991
482.8141
418.19487
521.53369
457.53557
671.33628
271.2727
268.82797
286.45952
249.26228
192.49512
154.88209
672.97393
530.54397
403.67238
392.89051
265.07214
579.17663
217.9174
200.98178
314.74909
433.68893
206.25445
197.19196
603.79806
356.83038
359.18137
338.97832
335.07548
353.48055
218.82089
517.7452
324.39785
56.962357
172.52506
266.33146
290.58754
265.81542
299.04752
363.50961
94.799426
277.84587
371.11224
482.19629
445.42178
264.74881
483.08823
448.64236
264.614
133.26545
532.53819
-36.48706
283.19705
427.86046
347.83457
304.5801
356.1603
127.69172
383.95623
506.06576
591.16655
168.72877
229.02829
528.09263
213.29277
318.75049
373.8311
208.67396
359.55034
199.55178
39.623793
179.59618
302.33337
212.58549
143.18521
-12.277726
261.90144
581.03046
398.00846
489.13236
213.15251
331.37304
286.31173
373.9334
192.05686
313.45245
440.74234
505.30385
266.45196
596.00155
266.10821
560.30108
159.51158
211.21226
136.7591
510.00993
429.73816
224.31047
328.77827
401.99378
422.61633
269.25803
390.87217
358.22727
427.30419
125.83778
165.77636
255.65601
215.14875
228.15512
167.56907
274.725
297.7264
470.99069
695.25197
398.09283
431.81334
565.83897
253.1762
278.68205
289.16913
662.87316
278.67847
529.0734
433.58567
417.764
378.66117
345.92295
415.37095
281.50822
406.56304
128.08911
383.0861
142.38022
407.59155
73.511891
168.70894
193.84424
-30.520695
-46.520565
222.97372
298.35949
538.15292
274.99046
378.18795
645.60691
571.95349
395.55489
384.02966
267.32713
502.69048
443.23361
534.24894
552.20731
296.00385
327.8681
515.30021
434.58401
457.37047
379.27562
406.89934
257.02783
451.44307
589.36435
529.8159
200.83614
391.18859
287.80636
504.85996
546.66457
417.03178
781.77684
425.6026
342.05017
495.02607
429.17626
274.74852
192.06743
496.83183
268.26248
249.65348
438.06502
149.17927
383.16361
670.51568
334.81379
436.77854
455.71285
335.40429
401.65341
375.82581
256.67216
129.2667
399.97459
295.11422
64.522909
193.64294
230.89
352.92979
559.77755
488.69752
620.99352
382.3894
322.0258
281.0025
371.94478
282.00577
363.32918
400.36234
374.59989
350.63709
329.19461
549.1409
343.43806
363.53877
481.56535
235.10066
52.014937
105.97179
210.79941
319.8356
441.73762
565.7838
348.76429
645.58867
391.02806
231.77228
359.2255
179.76547
614.23951
348.57966
437.96408
307.19109
307.93166
371.02718
429.13211
562.40262
302.38921
295.2809
417.73174
243.4427
358.97034
448.15281
228.41592
171.32558
104.28962
164.69951
185.30192
282.29927
217.72731
364.98155
503.14085
469.82792
303.29063
351.04584
130.09467
438.86271
240.93095
753.25592
536.3382
275.56507
426.07522
392.315
290.41619
327.86093
385.82517
545.94315
430.28152
159.89573
233.56046
364.14205
472.57025
418.58453
326.86306
513.13772
311.73845
354.1392
486.98394
452.11916
245.46866
391.91766
323.05753
285.62739
418.08928
466.91776
523.73279
351.43961
377.74295
241.4344
464.05155
332.30341
261.51712
157.12568
113.12742
383.83697
249.87065
184.42832
311.73637
260.45471
330.05228
157.72519
486.7507
419.238
403.86286
394.35522
306.9151
363.38321
128.05052
206.05849
457.20185
198.06084
323.38658
279.14821
204.10808
303.04045
415.42414
320.12343
-30.562567
410.42203
203.46718
576.15374
602.73623
193.12236
320.09928
85.035694
249.38586
413.8698
425.93081
351.86869
251.07335
174.69593
409.00546
626.70977
532.3406
469.33676
187.81582
546.48344
398.81118
371.62684
169.16463
277.05212
355.58755
578.92582
185.20234
531.35847
365.81408
447.17703
347.59903
447.41926
413.04029
545.28448
497.87867
270.36285
353.96415
289.15332
244.50032
263.7538
690.23763
439.8363
456.28684
343.86038
21.575714
351.86839
374.2357
419.10859
242.9425
223.19426
201.94391
463.10291
327.26013
409.4495
528.00254
579.27271
149.62717
298.65823
393.27544
292.8199
231.63266
272.1518
377.50838
496.87761
341.87268
568.72222
506.60181
741.00637
305.56493
259.95162
347.13946
378.5334
459.02839
369.03057
293.16074
213.86933
276.63272
414.42839
221.64024
323.20104
372.4714
219.32705
140.14412
137.17417
325.34109
451.67729
448.64077
550.13856
412.07056
253.15741
600.75205
290.02204
533.80909
669.246
216.32773
377.98096
561.42576
563.25428
201.1895
32.842832
130.09163
418.80233
407.23531
317.97632
633.96657
189.65063
121.14638
366.34162
391.77712
247.77945
461.17537
460.98058
317.44163
9.0498001
269.18391
343.77751
219.93773
347.99577
361.19905
356.45383
324.43471
254.79964
345.0017
419.08264
414.07069
593.80101
79.46885
265.1682
275.72871
407.78781
264.53827
305.04902
187.73447
99.570217
274.59517
209.60804
341.01796
93.662913
173.88763
425.23711
341.63335
285.35353
333.9404
563.77914
430.3852
447.28705
280.70026
343.94046
147.31563
305.9844
370.38387
501.73859
368.36685
456.38161
341.25066
335.81604
476.26203
451.82444
568.00501
484.07998
339.14407
311.92796
138.89136
227.41509
442.4141
441.34184
346.90754
506.68459
382.85632
535.63391
479.73009
161.8226
237.93841
171.61518
363.80903
245.80363
483.36365
321.16078
323.37982
527.87169
536.55006
309.00241
536.18861
140.35937
397.23042
524.92686
445.698
414.07305
656.21607
472.58182
313.29093
344.97854
371.3267
637.42267
129.12081
248.9554
177.649
190.06164
122.23215
265.94499
464.81477
499.21923
229.03972
126.67583
133.54954
185.46369
408.8376
100.65271
337.23336
139.71057
368.86423
255.56968
398.43693
291.66953
341.18992
631.71416
503.32274
532.14058
600.46148
181.05818
278.36835
349.04407
426.42365
190.37072
207.41737
376.96642
473.54993
292.35075
56.061795
118.54018
21.492337
112.96062
64.348261
174.02437
427.58172
213.97877
268.52929
267.79975
317.96763
597.04699
110.35495
211.64328
326.73613
517.61551
144.4351
0.75416918
428.01242
121.39723
414.86286
286.094
311.0591
391.85293
137.02676
176.2492
-51.368774
169.0144
428.17592
256.33886
295.75046
514.22466
334.22061
239.09739
495.27663
556.60817
369.82963
473.20102
646.63549
414.21466
183.9208
357.60229
363.26229
432.17748
400.2739
445.92385
542.04104
344.19044
141.67826
274.04641
529.3964
519.81509
347.14116
389.19426
282.45455
309.99227
303.93532
352.16336
400.76871
268.21928
415.26002
349.36454
458.51813
151.57857
326.01778
412.96189
485.83104
447.39574
264.77107
384.52668
121.84387
90.475353
-7.564475
230.13863
209.76303
208.86215
474.81398
523.05017
464.0981
339.39688
483.89874
214.45457
125.64615
302.73307
251.98652
178.45718
310.63094
287.37212
450.38001
507.03357
197.88991
427.84764
529.7161
289.17564
593.98174
153.25565
230.6958
246.00788
416.64648
258.71038
151.79161
526.88189
614.51451
332.83811
71.517906
454.65497
558.598
403.3397
314.61155
85.040389
488.0279
523.48636
411.69456
269.96115
200.03761
353.22777
263.42542
520.9436
526.19814
302.97279
135.00503
195.20264
246.56874
365.95254
151.80991
429.1687
581.92463
625.92896
631.41065
446.65659
289.46765
292.27449
351.37098
555.94997
618.48681
486.41031
116.86373
258.42231
165.17175
362.94379
354.52354
520.77282
479.55596
490.75234
0.19065501
452.33514
293.10987
445.3666
453.86333
389.40929
168.12657
530.2067
354.98746
405.23949
534.96629
464.15283
288.52816
69.043144
300.22737
208.21066
364.92618
680.07029
267.94627
330.32097
239.46343
378.62696
347.96147
170.65766
404.12972
285.85695
345.88419
396.76083
347.37225
385.12668
411.53885
624.38938
389.70223
197.25921
407.71602
346.71299
504.41789
707.73693
162.63364
477.64433
291.35642
433.70781
370.79467
439.74045
252.29051
185.91138
568.75116
378.82991
475.2447
290.86413
179.94358
227.21526
205.16819
451.0633
238.35349
325.08613
256.12539
274.19783
408.0972
621.65634
384.02493
139.04043
357.67708
304.78537
328.77929
351.35896
324.82771
143.13508
434.03643
331.27605
291.3121
323.28857
172.50796
457.89285
318.178
159.35665
244.41091
290.64112
441.24329
378.41532
535.92431
107.22651
283.04509
76.817975
265.65352
288.51427
344.78073
364.24321
329.0752
237.41872
285.53532
494.33405
327.76321
137.21594
197.30363
450.43361
339.2857
226.17125
557.35188
576.69504
354.32169
75.375033
261.25082
490.49658
191.42039
460.6578
533.59392
218.47638
420.2092
306.51892
407.70876
470.27167
437.44579
120.34816
261.08265
232.41353
412.78637
369.15477
492.31381
523.99793
503.24357
136.22604
351.65288
322.10384
413.35344
606.86678
150.67607
255.67488
378.32902
279.24751
573.16564
226.35629
571.81703
29.239426
271.4826
375.66592
-41.273271
181.01623
316.61511
254.47135
441.71463
109.1578
321.68548
137.09954
124.39809
424.04881
424.38988
396.50223
343.52731
352.16377
307.42699
315.01077
286.03686
416.91283
100.98683
350.69783
520.81283
353.45412
508.46061
546.65067
573.07806
355.24743
137.57256
219.58981
518.11738
714.14596
417.37982
394.05368
184.50122
319.57987
236.23235
363.59111
165.53761
28.06436
206.61709
413.60034
293.71806
132.9805
9.8830472
157.05914
334.55536
351.58029
327.08929
263.07085
419.89898
366.92325
289.89544
225.10384
328.56141
509.33655
187.9195
181.5758
226.30951
474.93287
393.2469
307.48208
234.3496
401.57322
157.29493
391.98409
255.68789
346.23315
264.33654
321.63907
343.35645
298.26241
116.27931
380.89083
359.58402
214.67038
614.54061
266.99126
489.27497
324.42453
97.078831
381.09544
406.11588
376.76695
557.69603
610.40028
397.41486
282.8779
200.74696
215.71219
132.77168
87.371012
114.07861
399.37589
93.977908
243.05789
368.51884
414.62488
610.1289
285.12393
498.03307
-63.306378
230.8005
136.07348
380.5823
355.98294
374.39678
57.692113
281.61544
146.57543
188.19077
562.63871
497.93825
536.76914
647.86972
298.00972
225.62248
225.74363
343.27494
423.68899
287.30738
646.46604
637.50855
584.06907
126.00005
403.91863
418.04562
301.97972
630.16695
386.72082
452.54323
600.70394
512.93201
377.21868
230.76181
481.22728
149.151
125.93609
149.85446
444.77969
541.51511
426.90078
343.52303
490.50421
689.02022
476.69239
260.6313
372.5306
313.16301
503.21749
671.96151
276.73378
474.64962
535.3807
597.49645
504.15958
246.7093
458.72862
267.49181
682.95348
414.32159
396.07175
181.93568
146.01826
179.88057
379.05331
389.44352
540.0869
388.94394
254.05487
117.77694
217.78601
272.34992
494.75725
343.36875
469.01455
397.03759
328.23003
463.06955
326.07414
478.66334
248.95597
468.25743
419.64309
629.08447
430.01331
214.67814
266.58066
323.78094
537.55566
150.78072
401.56936
167.94791
167.08932
412.49742
404.82878
316.00347
419.77243
239.97378
146.06265
333.56962
280.02695
195.30475
267.85524
406.19274
228.2581
299.9129
418.28055
485.75302
268.61946
97.091508
618.93646
272.32209
363.84787
119.22076
350.85273
270.46072
436.74508
341.54789
394.82496
560.82333
406.87199
488.21587
-51.812549
89.312198
389.09326
273.49172
488.77061
154.32467
158.60122
-8.7417504
274.9792
323.80019
367.30783
211.61417
244.22988
444.43745
441.11218
576.83919
318.88734
282.9204
370.22867
392.93642
382.54701
527.15442
283.36751
258.29248
111.38509
366.77047
382.15217
244.36232
490.96391
320.2894
344.68863
323.90726
180.53941
260.3686
260.06137
344.58935
177.8049
320.48897
348.55452
-94.829524
430.56232
298.8979
57.303449
175.21058
490.02044
318.64198
445.01906
484.74537
160.64875
444.89404
391.63082
311.08843
200.48993
141.52891
447.9086
390.89836
442.65885
229.17992
302.96957
180.39613
483.56799
432.23439
284.72397
232.07852
317.19104
185.30258
226.19517
383.34965
353.4774
399.29505
270.03641
399.60462
114.35806
377.33392
365.86789
536.25957
564.54908
595.31127
487.99674
437.87942
248.40502
64.137146
233.62586
124.41667
128.85537
298.30423
360.22185
651.5713
627.99571
644.04949
212.12433
311.22625
352.77598
393.07291
431.06818
235.89818
443.39292
475.4632
405.00769
327.73041
475.0911
447.51058
539.72421
318.5839
451.75991
471.55247
400.26023
250.55695
233.41716
196.28287
170.30157
170.53063
345.91202
242.47973
201.11373
212.1586
316.10606
142.28166
269.21114
407.69126
482.20856
493.31877
546.58506
264.72815
385.28856
319.55406
234.46541
141.67436
479.63932
359.69677
531.99995
441.68228
697.66827
557.25852
315.05639
424.13372
536.39579
286.01817
173.21778
238.7534
282.30424
297.89313
262.19568
377.85265
222.05518
260.24107
173.98627
68.04532
248.39161
438.60814
344.47828
291.30359
301.19449
-200.06764
-18.846134
62.271496
294.97668
511.41004
395.01494
258.42107
250.10606
524.37379
326.25122
229.82041
420.16354
98.454014
79.665955
103.4079
198.31417
316.94636
226.9411
517.37248
221.99543
337.08779
233.35901
291.77765
446.92092
291.55324
310.84865
85.139817
233.8649
472.50276
401.34898
210.3766
384.18748
544.59786
133.66864
49.878672
300.14815
300.07162
452.90474
333.90053
287.28385
76.422265
48.255553
172.16317
125.79945
94.300651
141.05657
302.90834
442.96243
289.19748
185.58602
471.38272
70.849109
376.53705
398.68834
260.41677
29.626098
429.18934
637.0017
410.15095
186.50376
159.07533
139.5724
482.92657
451.34869
244.82284
113.893
37.164109
141.71047
392.55969
471.12887
334.06236
476.42612
558.16086
53.267195
446.17621
197.42196
383.38968
431.04181
327.33769
205.63878
191.89388
325.20533
217.27408
229.90942
478.08813
464.01394
520.76416
496.59503
214.5574
300.21831
358.64917
503.58086
575.20252
550.08978
518.35843
283.9215
511.02907
249.75208
251.71585
619.13071
463.59968
474.53829
395.03689
227.0858
169.21248
466.01147
258.65343
712.05073
455.66609
214.77748
319.14812
274.27341
398.37531
220.7609
270.30552
313.64867
344.75875
261.2451
282.77111
577.93875
293.21629
688.3804
171.33164
196.36954
160.60486
198.26779
285.86825
247.16744
244.0399
138.67023
353.80781
198.54302
52.228974
440.20221
519.42573
312.96461
406.61245
471.6413
365.51652
490.59467
234.67203
397.59981
418.58292
237.0439
558.73017
293.40101
145.99621
490.65907
234.86029
173.02397
490.70444
309.78478
278.84883
134.64537
143.90378
245.44138
503.84093
434.0123
478.10562
206.6056
367.30046
54.67189
284.67227
396.36432
565.37884
387.01649
430.0739
348.1455
138.3665
322.66699
112.35584
117.08827
86.903724
28.100844
153.02582
519.66994
593.37538
599.57689
389.7477
219.26076
497.8487
379.99636
300.16034
362.21565
410.38105
391.19684
108.55996
202.16424
507.32012
323.78247
136.34954
103.24424
225.9239
460.87415
290.50909
331.43889
483.19673
158.80413
108.69333
340.20547
355.1831
287.46129
509.40401
32.654387
338.15876
254.53052
252.06707
310.4308
236.48081
261.9583
318.66711
399.2147
641.0067
441.26533
401.70913
435.11951
293.48002
239.61487
438.58499
288.90437
428.00492
400.33243
596.5841
499.6433
407.23662
480.13941
72.297365
162.67395
685.39476
608.46313
333.84394
401.68942
242.33252
148.4189
149.17883
438.19117
332.24335
442.26895
610.07522
380.24975
444.76425
327.72775
431.52192
478.41972
562.07204
501.90615
305.77686
517.50915
469.37157
242.80944
33.618195
146.98278
201.13008
282.97971
484.83647
397.76096
233.27073
273.60414
481.40747
132.97421
322.64702
275.26366
229.63623
584.23039
185.64204
277.85284
36.674054
206.61947
229.13078
251.2413
490.94482
293.46594
390.94539
681.40064
547.28622
349.8545
652.92771
140.65945
241.28114
611.29298
178.46286
229.24426
165.78688
632.44731
400.83073
292.88225
442.37804
479.44604
476.36521
415.18244
317.31179
266.59114
123.95204
318.98578
394.5858
384.85892
264.19124
336.99003
163.32408
457.25835
356.80412
452.16903
205.93042
273.0016
437.07587
465.47115
543.27795
542.97135
395.86549
237.687
317.4007
453.93956
432.57482
-39.753132
243.72565
495.30386
608.40718
527.07647
547.42308
219.88061
453.09901
378.54642
37.83023
438.6886
402.22732
455.09103
408.98734
414.09412
397.40345
319.14832
154.07467
308.44858
360.46847
415.33499
241.46327
369.78194
352.60728
194.8933
291.23791
475.81763
483.49778
491.6525
288.39485
218.19096
294.68863
296.88966
319.10117
452.67463
585.22046
280.66138
466.49054
596.50408
353.65593
250.29711
348.70884
497.94529
492.03706
447.48506
568.54574
640.13253
576.96841
428.27521
121.4685
492.8367
410.02251
376.51725
366.53182
166.1908
472.10871
242.59321
328.49185
291.34116
293.18546
506.88143
437.84103
393.27918
598.01966
456.14713
552.54321
527.39095
358.46786
494.1352
217.06784
315.42829
269.63951
302.88305
202.63695
492.20255
435.01637
374.00118
464.01463
388.36525
356.05869
539.68144
475.66611
349.67632
101.08969
163.4918
261.32284
297.10342
561.29863
244.19264
326.38444
410.58034
389.03363
339.27875
217.45825
121.01388
133.67894
484.25254
474.1757
157.46172
287.19722
372.12412
533.59558
584.79379
411.82818
398.7907
521.4438
602.92772
346.37454
360.93469
235.52178
292.6873
420.75286
281.47215
588.43116
379.73337
683.24654
410.95696
509.67642
289.41723
310.50192
309.94908
194.29162
362.84172
473.71752
353.85131
377.69855
575.20753
343.6579
521.72874
312.28326
275.09829
341.62622
144.5745
329.00005
444.26354
342.18359
421.39642
373.3431
553.92025
420.10888
449.42264
240.19079
536.65991
425.24129
405.3325
392.80884
80.551659
-59.046553
371.68221
518.20615
445.79504
492.26118
394.49599
348.98259
338.40509
324.64238
481.53386
403.11084
277.30161
329.53691
296.94198
190.63354
394.52649
355.59531
490.8109
406.31603
463.23285
444.53694
506.65294
369.09644
424.12893
353.0514
608.22706
485.60907
428.9431
166.71832
247.3122
166.38512
327.6528
212.96238
241.22298
399.83459
391.65074
400.12588
153.30641
212.08047
410.07738
226.48565
280.33634
450.1311
331.72055
239.14612
294.49084
253.07784
306.34589
258.03442
174.65946
335.31098
229.41994
322.15832
52.938687
322.68639
444.58998
472.86558
378.70808
259.18888
288.82137
143.42047
385.80864
94.742906
569.72758
175.27106
259.19201
172.46266
513.16843
643.63828
339.54518
320.81869
314.64035
317.93316
489.99585
-74.874209
172.54269
182.57878
323.18697
301.96421
678.62501
387.29252
237.99903
317.11637
256.03265
415.59921
408.00821
40.833637
126.63549
321.34435
436.25156
290.76063
349.12923
268.83044
531.60238
303.76271
388.56024
511.84658
286.55778
625.10252
326.47993
547.53139
205.98724
426.72572
262.33835
360.25481
268.21546
479.60212
430.5994
277.58699
297.04865
187.14412
112.43068
228.65813
493.91516
334.53331
141.33157
13.770609
282.32112
174.44646
445.70777
353.74767
396.25163
236.7271
145.28287
19.111684
156.56349
507.7295
227.14467
392.92478
386.61695
431.61305
178.62179
398.68918
84.067308
311.7267
444.38598
401.64034
424.00166
413.0147
289.66783
227.63551
524.10616
348.36936
404.81772
316.11437
517.63431
471.46405
302.88411
248.96068
299.10747
389.32751
367.24614
485.20291
296.68823
377.34791
396.71976
468.41337
610.17851
498.16224
120.11127
212.70646
484.89785
87.499392
206.63602
85.130077
324.3795
596.70374
160.29113
305.3821
194.46696
325.40202
92.345709
278.53215
364.98482
149.80317
189.9795
94.009589
314.85882
330.3674
251.74263
625.03046
155.1925
288.80486
502.2756
393.69113
248.99371
274.77047
401.67246
316.71316
534.38387
252.44802
335.83656
529.23023
416.93269
585.74039
670.22903
349.28652
584.47375
284.8584
646.37203
495.72598
136.20395
305.24028
420.73051
451.88512
203.33963
311.25395
268.1036
212.44436
411.64838
546.44384
477.87124
456.97411
42.481947
258.36382
316.44375
564.32341
204.34425
331.36129
173.99613
382.20958
379.96894
334.68948
531.81564
285.21846
425.16038
399.99035
322.09688
341.6569
207.85328
285.05256
366.90448
286.83934
438.24769
374.39852
116.48624
208.71537
193.41565
490.50829
108.2565
347.31466
360.27921
369.59641
249.39591
389.20976
446.97516
199.30121
65.832888
75.37869
92.650071
339.51197
712.12749
222.00408
453.34676
168.01766
392.18358
375.5196
360.63994
527.96902
501.25732
336.67646
159.63683
207.99401
338.81668
387.36564
522.90079
312.33248
485.50886
324.56078
423.42775
316.35509
229.72945
559.46888
324.21086
142.45621
342.75235
619.08502
475.9947
595.4801
569.85376
268.25038
310.66093
175.73637
514.07011
587.45923
609.28359
440.11463
332.55331
357.3483
183.45759
402.92691
-3.567081
528.03289
340.27708
664.78582
480.54562
130.38772
141.91218
212.17127
217.18462
352.74086
240.27191
198.53723
310.50932
400.12575
245.64529
369.22725
351.7434
141.29135
188.63501
218.90113
127.63954
228.40351
396.9662
396.55442
549.83135
369.24218
390.93906
488.42761
225.48324
503.44507
37.36641
237.59042
558.33872
494.66133
536.28506
339.44682
123.90329
290.62322
531.58347
368.27425
434.4007
439.77694
554.98511
409.32242
298.43514
286.61403
382.34196
334.05105
500.32809
165.68431
462.7636
292.9622
516.61705
455.12713
552.70169
375.00292
211.91181
211.54131
339.73418
279.61467
301.36959
302.23641
175.67138
170.47941
272.04289
355.43496
289.71255
433.73167
450.75081
387.42886
25.317864
-28.552264
200.71759
-140.32965
76.444371
362.38452
399.09541
481.39563
149.73052
163.76606
-45.604051
251.13632
384.10571
479.91029
405.20642
414.07378
292.82028
173.38984
216.76073
257.87775
137.83612
277.34927
412.63603
321.34785
255.06087
319.2253
221.53216
148.29192
600.18397
313.58398
180.78439
205.64378
199.78419
222.53356
280.96154
382.4716
322.17274
357.71181
489.06095
443.71299
348.29611
138.06534
578.90358
144.50389
290.20982
285.87863
332.52282
241.37436
269.10111
69.969579
376.78867
328.20044
436.90254
306.1856
115.45278
300.07926
391.07779
397.62754
483.57257
228.90771
156.37852
453.5892
525.67516
323.85349
441.04317
754.06428
173.54155
420.12915
256.4652
668.30404
495.38381
96.764851
257.82947
-59.372403
472.21882
357.41331
337.14768
116.84261
120.20199
303.37504
316.37802
405.58347
-18.370487
193.15244
256.77714
91.770019
459.1831
214.53638
203.04564
350.03412
225.00968
335.80427
438.59785
348.68915
235.56489
242.30455
384.75805
433.3766
387.73368
481.05431
383.84927
403.12575
435.80526
285.30825
483.70024
446.92458
327.42751
698.5295
399.20784
365.23919
540.12766
404.34148
425.93902
519.17643
560.97917
414.79814
624.94832
372.37946
522.02063
279.32771
405.11316
388.1255
209.35009
578.0131
719.02302
179.23712
122.7518
-7.126699
301.87628
476.89799
458.48173
491.25654
652.65466
392.63861
587.70668
421.15999
497.45659
148.6538
413.55417
424.73141
293.45057
382.48281
266.66038
267.95909
384.34631
328.07834
414.22562
338.01955
602.74848
502.59022
525.3857
415.74536
479.2338
361.93554
447.99306
427.41464
111.31404
550.2227
537.73999
165.47949
193.90959
538.47688
202.80451
547.84819
273.60555
396.01151
452.35383
436.96264
421.63655
412.08344
647.11291
376.36735
393.77781
360.74557
639.52816
436.15795
448.05185
596.21397
557.01103
414.60399
361.34724
317.30236
303.40208
190.80311
496.18385
200.57242
541.0404
421.395
444.15595
498.13477
513.63412
545.75663
180.4596
194.90505
250.59234
442.65067
459.94553
449.01263
216.32723
209.80101
489.33044
568.38561
498.3463
204.79095
389.5874
391.97087
591.31779
268.89879
526.88986
377.71556
-24.096272
263.35756
19.079098
183.30999
255.69902
471.88045
363.91054
462.72635
237.91579
299.07456
184.57943
337.6337
448.01577
353.10095
238.25359
409.99555
58.121469
90.174964
609.02715
388.52313
407.85034
165.99947
300.69765
271.91046
473.26972
315.3305
513.41259
338.41266
481.30125
204.54463
246.84193
287.74643
379.26695
414.19181
467.23359
722.29277
410.6621
120.24947
480.89644
650.98798
543.68126
689.55848
357.16882
232.75812
305.83332
448.15157
400.48266
230.11171
3.7172081
400.76797
547.59997
507.9517
267.8652
328.59234
177.96001
86.995843
199.32498
311.60631
356.24742
276.19831
150.74947
363.88307
268.66805
436.86319
447.35667
92.585683
-127.89832
216.21533
399.50878
250.92943
301.08566
440.47636
307.01948
231.25412
289.01376
521.95231
508.89019
265.16323
231.50294
360.66384
4.3487867
501.00225
359.96129
432.53618
464.05936
480.76246
399.95975
572.13967
442.09538
231.08569
311.25371
285.91436
464.45376
568.09581
317.78977
149.18764
464.5977
522.44666
530.09633
336.67485
237.83156
233.57771
196.8882
86.847986
413.22722
437.3227
319.69977
370.36888
274.84066
166.84874
285.33797
498.08795
505.07248
517.80534
165.84866
302.11551
-45.600883
182.24221
401.83474
220.29917
344.05631
51.623727
170.85071
-4.846229
326.71105
290.84936
253.52422
371.55334
212.51859
298.36836
225.71892
410.07162
368.12588
244.60224
187.07095
168.18627
499.2993
481.3123
597.61318
582.30195
222.09821
188.28629
336.66936
236.53328
334.23624
505.92656
209.50302
212.03984
552.18523
381.04422
386.00801
517.31385
428.70794
437.9306
366.64421
320.7035
478.90191
268.20845
404.13932
608.5577
456.44849
285.12502
450.52715
268.80621
685.71683
562.29025
366.74415
524.33249
396.49799
288.95947
430.49462
322.98549
144.96097
285.81906
479.67355
550.36452
241.65728
281.27989
224.26312
150.0257
307.4496
370.48939
172.97831
370.49676
446.20589
448.04769
276.82066
306.51181
510.69966
521.86212
616.51806
397.43485
443.61337
500.47612
326.53131
398.85403
348.86976
423.38271
512.25938
565.82721
331.8634
437.86029
618.1214
295.01158
322.05406
258.03489
280.03694
312.06738
221.53892
158.60846
367.94772
158.47638
42.396039
357.07509
519.77824
422.17186
290.40045
281.66302
358.4327
488.80334
126.19173
236.36609
307.05916
92.103443
438.7199
47.429891
385.1849
218.65106
107.02832
326.63235
342.52277
462.87963
215.92345
406.29474
144.49372
231.76239
262.69426
182.08948
289.14654
487.15998
504.28269
269.22082
338.64848
294.13961
365.27402
428.5337
368.32059
301.16148
226.67536
559.37657
399.68416
355.35344
167.10407
71.231883
300.99464
255.3279
453.71944
322.11723
308.20569
616.65419
477.74961
268.34633
400.4854
522.87441
330.06919
438.13024
195.78231
182.57288
251.96576
341.17735
247.78837
175.17381
399.74712
155.8792
512.18978
476.10635
243.32569
565.16028
314.96694
294.2696
138.1971
105.29297
36.380511
231.26478
118.82041
324.31574
11.962679
316.91514
70.976163
206.10355
269.96072
213.26862
414.14061
127.52486
139.49594
-63.986494
353.67301
220.37226
252.89777
453.8041
351.33511
242.3295
386.51641
288.68221
219.05403
368.81128
350.55726
385.20598
530.57854
549.63984
275.87935
450.07574
395.61056
594.29309
505.39003
583.96763
695.67656
661.17938
353.77635
573.29446
405.14849
255.2981
158.29473
363.66413
433.8354
497.51954
276.47667
396.51089
368.24686
308.75572
241.24779
407.78058
358.71124
534.12291
526.83004
577.72665
375.84593
539.41481
438.25694
322.78469
440.0668
523.20805
436.46639
182.60315
289.50872
435.17116
272.68313
385.28384
296.62859
331.2575
394.77046
413.21028
119.87949
166.39286
621.46507
468.03092
639.71165
407.34756
538.63076
258.97822
256.46573
299.43677
256.56924
354.70698
578.07298
391.67676
495.8082
467.19132
368.13329
230.20767
538.5675
413.53748
525.9379
381.57194
320.18011
250.14194
451.87495
299.81525
471.05415
365.16287
386.57403
454.86054
223.43543
575.29087
385.89263
562.1867
516.03058
274.80037
316.74238
345.02882
503.68625
237.79613
464.04657
373.6649
301.97861
462.2164
536.12472
444.7359
622.40266
489.45351
634.5652
395.32969
353.00242
130.39461
528.41914
130.63196
356.60251
273.68331
350.48731
485.29461
284.79291
273.17129
429.57286
254.89005
185.55386
308.91515
352.29448
486.04204
389.45182
540.73949
605.79221
602.60522
168.80727
297.99916
558.96026
324.69914
364.9524
3.460485
133.38985
530.79275
398.29005
334.99635
332.84138
227.04123
431.69025
389.00321
456.05744
299.93478
282.10673
115.43037
230.17992
218.67182
147.21826
192.68777
96.787267
177.80688
441.6715
327.18629
356.98751
308.08105
228.49701
73.38211
151.9633
358.11874
466.42857
321.67998
129.28411
447.94096
85.384793
321.51667
437.61069
505.35723
775.85463
467.24465
517.33906
560.42678
369.93651
651.13348
383.77226
344.33421
186.20123
309.01407
141.89842
333.30953
282.66115
269.50708
195.6474
424.69844
506.44804
487.19426
431.72595
356.36404
49.30253
83.567845
210.35923
247.40474
286.56243
536.63464
301.07334
501.26467
-10.303487
410.6312
444.02795
528.1308
666.1481
674.65353
394.19485
312.99405
469.56167
198.25353
438.76691
482.85851
359.73955
576.44511
514.40583
404.99032
350.84521
-51.733679
528.36297
202.86197
636.93625
382.36144
315.26039
377.65768
365.56
259.87643
179.65053
170.77849
135.84444
-81.864674
61.994237
115.41352
241.63889
299.55628
416.20354
314.36581
614.39796
314.85306
292.51728
329.07745
278.93687
410.81955
287.35984
398.54646
328.75434
58.536928
314.22875
525.48144
371.17684
459.9875
330.7841
509.09233
415.48654
282.68396
414.32235
128.95875
340.79314
325.37705
312.03047
414.03573
528.40842
676.97086
297.91744
518.99534
569.89736
377.09478
268.97635
415.76637
519.73506
667.96002
505.177
459.71556
266.76675
532.75933
487.68974
228.74482
367.32845
341.4552
522.82658
168.20752
281.52334
588.17117
316.32247
413.43697
282.12192
360.13759
347.81881
428.50864
353.98227
475.83779
303.74406
258.33196
280.2706
390.65162
363.32943
26.026134
378.64165
433.62767
401.4285
292.48364
307.15539
311.82995
161.68508
423.63662
384.42599
366.11712
524.41543
307.78828
649.30094
302.2662
331.45582
490.10051
569.69749
328.83374
366.07031
513.09287
646.0002
306.68201
336.66197
344.88919
148.96518
371.93342
443.87931
431.69607
310.24585
366.50083
285.60707
203.2592
257.55361
586.48421
426.52108
597.40744
262.44588
297.44151
281.40873
561.79462
758.61628
450.49241
392.567
292.25148
392.49869
576.62111
414.03884
358.7681
501.13161
293.9797
760.24577
423.4134
418.80508
231.06786
298.91175
597.8563
314.35729
197.58761
260.04531
434.07947
215.51668
301.26993
180.2554
186.78238
330.30633
481.29076
383.83834
482.56727
96.649125
610.75644
536.9849
394.87583
364.24982
414.4012
141.27585
346.48419
290.12541
266.8881
610.91619
409.41
412.39974
336.82182
564.39923
234.99426
176.84774
275.07375
515.6763
533.4597
466.28578
479.65738
737.78438
524.89564
488.34232
475.448
327.68255
221.90244
423.90504
475.50641
406.20324
748.51143
401.91835
401.9648
217.75861
501.42979
433.29522
417.67568
566.62981
82.411834
189.19563
318.53925
287.91025
673.12899
641.26477
521.89099
95.48587
51.798977
298.39884
372.73018
477.28421
391.87454
467.3198
167.08048
188.30244
169.38141
411.34356
503.5604
213.4079
367.61497
240.99388
275.85581
265.45747
102.82233
306.31526
434.29027
755.61467
394.53588
346.21416
513.51669
416.32195
293.0175
237.08959
364.12502
365.03958
366.84872
591.29571
487.42919
342.16306
359.78779
504.44829
282.53411
543.86843
426.13062
325.99776
327.26301
259.33279
325.95708
236.77673
178.36155
350.98355
232.5452
422.98475
409.19352
539.40548
553.60815
328.41709
460.2411
618.25687
340.14293
341.51735
337.75213
373.37636
379.63945
534.75593
429.95233
538.048
423.05541
321.33963
377.72743
195.52079
372.71265
582.22224
238.57308
328.88271
314.10177
170.14304
410.72472
395.15877
467.2197
335.84093
324.82764
115.85808
245.36262
271.72974
447.03605
607.0713
649.96674
325.34027
267.11707
197.1693
264.13903
357.93942
505.08752
569.60279
146.47114
338.9564
226.21207
285.71252
220.85239
381.14669
452.1044
469.37727
558.98863
565.03394
478.37528
359.23843
439.47316
440.70063
219.2131
444.46419
538.3877
504.04933
314.91755
273.96723
461.17404
376.36309
581.73965
545.04874
421.59825
375.44431
488.7755
479.013
406.96851
446.84973
270.17605
603.03148
737.90082
651.73525
424.68659
538.88871
701.7673
262.58852
259.97241
325.57425
666.31902
686.0301
409.43222
467.70691
440.26309
222.91002
492.44105
415.24634
216.95872
254.04178
424.62399
236.46677
416.77036
390.62175
561.46969
393.01071
325.47356
345.98588
17.783858
281.93184
513.48885
418.97021
281.27432
54.900728
4.5118953
344.95257
292.62987
191.61253
123.77068
338.14701
52.074534
84.139942
163.30217
303.74884
200.41004
299.62736
35.842149
289.81157
285.11725
466.33353
375.80578
404.58444
291.74733
365.78742
233.41573
314.5735
166.0324
345.26541
403.52017
535.61557
377.83589
718.05935
344.71935
17.029644
425.26157
214.82539
210.29313
308.25907
433.9694
275.14995
386.13807
484.30033
477.96337
473.65409
392.74516
207.17373
165.57157
314.29877
473.53032
245.03009
210.14056
391.6228
471.7362
484.64504
557.87941
296.55901
303.85971
60.972846
316.04358
733.63464
529.9089
52.974205
149.72637
142.71955
40.592244
243.23017
399.64794
253.62347
271.50214
213.76263
410.6145
458.47217
158.85956
35.816112
412.68367
420.64393
278.64055
362.87621
209.57629
189.91605
136.78273
596.2403
498.34519
457.68449
438.34074
408.76679
56.195711
465.74411
546.44186
344.01162
348.47675
434.93594
288.43244
316.95382
389.07983
483.00186
387.29564
454.59719
366.40434
360.46946
542.34231
605.99551
464.38686
307.75097
241.09339
616.48549
365.8533
401.4583
350.76593
295.94223
334.06647
378.60122
360.3336
267.59303
310.88798
398.15547
405.85282
353.71838
352.923
390.90306
474.35913
320.17994
303.52795
102.31501
279.0657
358.71368
462.79539
198.11679
298.06698
392.92607
264.98083
380.10917
344.82508
271.92774
321.98441
201.74498
155.69251
189.33634
237.06162
269.94293
293.81619
326.39805
537.32403
298.15546
122.43295
144.24903
210.46259
471.18427
261.8086
81.820681
193.49611
591.93534
472.94014
257.24556
345.67892
284.04594
111.70357
175.20665
259.36749
475.06881
501.09605
253.4793
169.32239
197.73645
151.62383
248.23991
437.83066
428.63216
407.51661
511.98627
279.6663
139.30445
362.23642
222.22173
215.85463
338.95193
643.41234
378.49817
316.42921
562.51956
351.90211
447.06216
256.86388
485.19921
513.07899
133.04117
521.08315
420.33292
298.15563
514.33609
503.72002
356.99779
435.55474
508.97921
328.91361
567.98887
67.511449
184.20974
302.13474
224.01505
55.406101
496.82656
482.53246
525.47245
297.93897
-214.99024
306.52237
454.55714
424.97379
374.25222
367.22132
324.04868
360.69489
293.82451
383.36577
440.16171
245.25239
50.705311
347.8452
457.83162
595.0836
444.72383
159.75464
272.90829
522.40962
462.51285
321.76062
370.47145
174.26188
276.55594
244.02279
446.75395
217.64979
232.04056
322.22186
298.68448
619.97444
506.92494
422.55272
349.54959
299.25635
428.13132
284.42381
410.06261
433.21358
374.57929
351.21998
339.55229
405.40431
443.16935
320.82123
402.66969
299.8365
657.10192
552.73386
285.04557
443.20987
228.89416
384.88915
421.15545
304.93046
315.39734
433.35876
357.14206
401.72259
459.14939
235.86249
142.03601
422.72508
653.69808
517.55945
160.1745
291.7077
473.26958
468.74331
507.06882
170.67259
242.3929
313.55588
216.74343
420.22892
299.34641
472.80772
365.2604
355.02001
223.64825
296.66513
98.086649
124.41405
349.46041
138.84335
195.71434
216.77502
324.88648
161.78459
85.494574
164.03424
279.60742
449.5013
408.44916
438.45958
376.38815
367.28952
578.05253
636.90855
371.32109
324.93797
309.61679
169.47971
259.89321
13.476657
346.8477
481.33094
481.00355
430.98868
204.64147
260.62996
150.3665
368.8859
329.11623
305.79685
189.39366
495.6606
394.0203
368.234
379.97876
-119.43326
306.11677
576.35388
507.81592
394.64212
448.84803
307.74256
286.9031
425.58924
671.97022
609.29959
613.31715
463.25796
181.92527
214.82725
455.68125
489.25691
408.33943
190.37964
316.1674
405.77924
430.77596
235.24609
563.60497
491.14212
547.42929
633.53008
287.06716
347.56344
306.47403
126.62095
105.8251
329.64483
407.87214
137.0293
295.17555
419.91689
353.34959
305.09929
383.13774
470.96584
444.78217
481.46805
110.00171
339.16599
419.48215
462.03271
219.71046
500.97028
572.67148
418.7251
529.56605
377.26268
261.98776
283.99706
553.02739
524.96439
486.00823
175.5218
235.85765
276.87747
508.10111
357.80766
283.47705
316.61093
159.00175
297.6926
192.14976
179.44458
476.16545
307.17189
189.51841
275.4033
534.49942
469.19805
228.3763
256.89678
324.90349
587.20958
389.68672
270.88693
90.620936
237.67979
177.57525
403.53848
515.26537
704.09103
695.20242
298.93348
142.12013
335.35113
496.16329
385.3153
482.75939
548.68554
221.79441
463.67892
329.78267
398.5439
365.15366
520.42231
139.89124
216.2054
449.43486
215.20319
472.9521
350.35605
521.11148
467.58003
396.08243
366.05296
263.33244
315.43347
188.53847
362.17813
305.97752
245.65971
210.94914
366.31502
398.70244
515.14971
246.98193
336.17427
441.89868
372.90241
268.80958
350.60469
389.90875
491.62425
556.05277
196.01159
107.7437
414.89811
330.92968
226.46901
439.89972
287.78752
13.390508
230.00669
550.40475
406.16306
710.31605
198.19312
127.09691
441.04251
265.56209
396.21933
386.64758
462.37529
445.63987
240.71462
499.73146
412.7682
565.26978
646.70498
540.27648
494.78214
331.17996
391.14599
401.49309
327.39906
434.66553
310.41169
214.04093
423.42724
497.3498
152.6507
101.05009
356.54965
371.769
331.95049
212.99376
147.53671
333.92777
177.83916
372.15014
599.07828
199.96809
271.41794
188.19495
178.17866
444.82751
436.63448
500.86687
155.0527
274.40881
194.85998
555.05198
433.92978
188.65385
320.81146
368.87243
395.86645
472.00749
364.52256
451.77372
202.17507
610.45363
460.52604
468.81225
480.66612
524.3727
422.13858
271.80928
139.52222
317.03156
375.4736
85.510972
201.75179
249.97509
-17.190824
4.4050368
98.205529
283.66691
456.84126
276.26636
177.31461
247.71749
292.02553
303.06531
295.79567
375.73988
246.81444
154.74069
111.21696
184.22525
480.20249
465.08275
300.68193
514.56707
416.09221
327.82887
331.39295
735.1777
429.01564
279.67396
155.29983
326.86947
382.53024
173.81212
527.92334
442.62688
516.95658
188.0387
207.54033
404.10775
460.25669
219.12373
385.74153
417.90951
242.60158
171.45327
11.301915
310.308
260.23162
200.72919
233.67545
285.23633
821.95662
199.97521
582.9597
304.61762
252.14883
486.7686
217.64364
497.48741
609.99506
340.2256
283.08228
366.63784
120.58666
333.93915
357.2838
476.08852
283.16697
334.5568
246.46903
460.24789
320.59946
581.88839
445.35449
216.61593
554.33034
529.16921
493.5509
272.67945
355.63419
164.73877
398.66171
139.19213
121.69541
233.70461
620.53755
290.00167
449.83619
190.63263
419.66748
519.25553
696.15965
549.30153
692.22235
642.15704
621.43867
476.04834
150.53555
287.97517
319.97597
463.63496
530.60745
387.00063
432.53433
396.18437
377.01297
146.39108
507.2716
229.03068
236.1343
227.53273
373.89828
474.79123
394.91378
389.51546
756.64921
248.26466
331.61686
298.35368
740.32859
395.8877
299.77378
350.80654
436.00999
103.35042
367.61214
274.11961
322.42128
23.535712
312.80608
274.96243
255.79769
378.7844
264.79115
333.87692
428.12639
339.93675
138.87016
426.59103
179.08714
417.66629
398.49123
152.16023
219.94756
481.95318
163.91369
412.46128
175.15464
226.21448
468.76375
544.62991
687.16176
287.14847
398.5908
295.58334
547.17926
558.18165
470.68413
505.391
251.78028
280.02928
464.6912
410.33073
539.83728
400.71418
293.55654
423.31049
151.55821
300.17794
342.75385
407.69617
431.98577
469.83592
315.71526
209.07527
263.05906
338.28838
511.31958
576.08089
361.87116
473.43671
256.51435
367.35073
159.79689
175.82981
327.95955
340.63432
361.57357
584.59792
315.52137
210.01529
616.26851
390.01252
535.00587
361.31278
148.24783
302.70842
127.65867
485.67457
730.32896
444.20097
208.42442
203.20918
141.6103
173.45685
480.23321
351.19508
449.36396
393.56734
449.92112
395.66601
332.44543
485.05521
343.5208
334.53845
434.4312
441.72209
656.04598
522.87048
240.95154
256.71314
196.22623
374.43047
481.4091
262.52642
127.14309
282.36798
124.37109
392.70372
452.24645
316.5357
472.40385
460.16921
411.67543
139.19796
464.81384
427.16544
392.84292
249.23298
469.28516
206.1264
495.34535
302.27944
477.84778
447.88366
573.33336
97.489332
280.65253
346.30659
393.75023
432.9122
765.96797
253.76342
244.1426
269.58863
364.50352
647.60592
178.89188
483.09572
411.90897
544.58008
286.12809
503.2722
448.77907
358.06675
109.35522
139.53831
193.14612
386.27393
657.94049
377.05963
278.23654
371.58629
240.43206
436.26082
375.56723
475.46635
341.69155
180.08998
149.50892
217.65673
235.93998
471.34756
81.294769
338.80144
166.28137
357.65091
562.15481
336.97541
466.78206
119.86697
399.95494
268.73637
211.53132
73.646333
205.2985
394.3402
375.44978
270.89949
367.614
366.71414
309.34636
238.63167
657.07348
248.74003
216.51791
564.43066
465.19588
565.2536
180.19598
376.53075
158.9008
260.62088
36.999835
349.45136
17.88809
222.12254
388.56091
395.1386
333.90218
235.73243
348.60807
434.74049
305.01485
417.64431
261.04187
287.96631
58.586058
71.652603
273.40517
396.87201
375.75636
300.04188
474.28807
433.56049
263.99405
548.74532
192.44367
255.47513
212.10427
424.13645
263.78876
429.73512
167.15835
272.89693
578.09519
528.57624
410.97768
568.60193
256.28626
318.9195
374.43101
559.45013
507.37096
365.73813
353.70447
347.93757
239.30883
519.19656
125.59328
52.077059
182.74374
493.10985
374.37885
161.95593
144.01736
111.86881
208.75146
296.34141
359.86012
502.48651
343.47667
210.90242
313.02526
600.11236
355.14465
269.72789
208.23917
349.58086
328.62329
398.58519
548.87927
595.19345
489.79445
73.267179
265.92723
397.6132
374.45193
376.48693
446.91411
592.3543
307.95988
234.26082
283.55894
379.02779
521.38792
326.04173
342.67596
442.9576
218.1175
333.79011
18.374573
461.83089
535.14401
583.60632
587.32441
385.11164
292.02589
245.50154
225.12287
424.46171
635.31648
419.20654
405.91699
179.11997
500.59351
281.47403
452.29126
159.45928
251.70641
123.84322
141.16258
234.18351
247.24097
338.28453
371.34858
603.33435
407.9438
216.29527
182.40209
409.20444
357.84464
327.20608
453.55225
442.51644
506.15017
729.47403
142.93659
298.50014
216.49405
222.12676
254.49864
151.76473
448.81872
530.58891
659.6304
332.515
443.66075
645.6092
738.12479
359.33213
390.64415
227.99102
201.68742
188.71403
329.26182
260.3598
348.559
326.38307
305.03802
174.309
286.43076
493.91307
424.78764
338.29898
479.74904
221.9116
271.40891
468.76712
555.37754
648.61583
481.45715
383.15957
594.43751
360.96787
504.67116
252.17222
479.11663
438.03498
561.21353
452.91965
523.98188
296.00679
280.50514
278.87115
297.25332
249.1307
266.45919
234.8155
154.76027
356.43746
245.74102
555.30981
439.35718
250.44137
338.23787
308.73959
341.55424
379.8637
233.11034
259.35512
411.2416
359.58515
303.84878
333.98547
588.20019
287.79927
440.33079
354.33384
497.85032
399.72687
471.93071
393.49142
273.29229
438.26665
329.09648
414.46239
142.3563
432.24745
408.67457
373.69153
131.46976
482.6245
257.61636
504.70683
414.19384
354.06157
466.40512
295.99972
309.95172
395.2074
456.29163
477.22171
441.66643
453.79369
367.06792
143.27182
271.46895
483.76599
261.5105
282.72743
190.69517
501.75087
261.72729
347.258
422.3377
283.72094
434.12807
528.55857
568.79808
607.82922
381.50217
484.44481
538.17351
219.23362
401.299
332.78059
439.21465
539.48904
203.09776
426.12225
612.85586
512.96938
453.72636
323.64025
206.39759
313.07558
272.81609
567.86542
611.09503
527.64491
489.9057
444.22731
241.76039
429.86961
229.02362
502.29073
520.23865
414.0984
325.63178
501.14399
590.8189
297.53146
308.30481
545.48642
266.87732
513.08525
515.49787
313.64763
193.4653
335.55318
516.59775
511.34707
302.52167
286.10916
340.37148
196.99468
149.43393
415.76949
448.52367
283.70984
312.29133
31.770359
214.40204
345.05926
576.16347
313.28178
425.16484
366.13731
258.24546
258.89796
333.9292
167.74841
317.34653
205.87647
45.156608
419.06412
740.65511
453.92826
430.36837
174.42336
513.28385
321.66782
197.62839
365.18513
22.759345
409.95513
211.35496
300.75227
446.14177
102.48348
344.8017
19.285793
260.5411
278.85774
319.67508
239.69553
404.93579
517.98057
308.83579
327.32262
115.58133
489.00972
441.22904
482.50531
112.70075
344.47369
388.74987
300.47224
505.47991
227.64805
448.36108
363.61146
467.86608
580.02375
573.45667
498.94608
607.72371
483.69225
501.49832
89.919001
395.24064
352.9535
443.25376
580.36961
262.97459
251.81389
430.37856
327.20304
494.23852
438.56898
390.38618
293.48705
-32.500812
97.712124
303.38115
292.16387
308.47348
383.41457
275.26759
193.97415
288.66245
159.52582
351.64035
192.82398
229.82529
125.26444
282.56153
225.70055
303.79589
44.246234
245.62993
454.61477
558.38517
592.74299
235.78622
44.900093
288.32702
334.78045
600.2905
524.00619
607.44683
508.12812
449.8127
371.32568
308.68628
479.95288
598.3321
748.53939
609.34168
244.14397
475.18988
289.79003
442.29902
572.60943
555.06207
475.03211
595.4198
412.78883
313.8135
457.44834
246.81837
409.05154
654.79128
339.27999
472.61644
326.95084
320.60072
205.15125
198.53085
362.86516
498.62238
394.1341
530.34472
350.90301
351.15545
83.898061
334.68722
200.50578
466.23515
464.41393
314.60268
301.98266
219.32987
308.60956
433.65808
507.54398
369.685
696.33812
415.8786
278.7793
303.66917
402.5914
504.06861
458.22583
292.15586
399.7095
102.7311
335.76809
393.88123
337.44091
613.52096
384.6816
543.66485
565.618
459.23732
484.65418
580.36678
220.41515
508.65394
478.7985
305.02711
324.33019
465.10434
526.57144
257.08714
227.4839
491.98076
252.84358
337.91548
359.07272
356.26062
402.44976
449.11949
391.82588
307.91978
44.124566
209.02998
459.73722
580.72816
516.55873
414.47749
285.15889
271.89503
113.39587
313.44583
245.86811
487.00326
340.84552
260.60446
374.15763
274.52976
420.79224
213.92041
465.7797
263.27988
234.17973
379.41349
314.88324
402.96728
319.72178
430.38458
319.74016
532.51991
171.74281
-39.837537
-138.73095
196.77667
402.91819
145.39125
169.55294
335.00714
218.04352
202.34212
228.83319
247.38581
432.84634
335.67429
303.03606
213.86164
360.94368
-13.615047
-24.245118
71.831614
90.973851
403.07278
353.58123
487.51744
490.60376
210.85234
354.81828
405.41517
398.53023
155.08415
329.02158
191.89876
441.5902
538.00491
323.30165
569.53048
443.78111
6.2452228
209.74858
30.283475
517.61873
584.88575
427.03395
378.95654
175.43665
247.15681
343.95183
544.04084
263.9657
249.41109
312.35916
451.79481
418.93936
141.89477
638.7391
442.09649
344.77399
531.20175
315.62513
548.5446
290.06977
520.1734
183.13505
70.562428
357.499
216.92148
387.53183
467.95753
387.98739
173.47864
59.898963
77.668903
-104.88798
306.75377
468.5681
213.86582
320.39889
-54.034969
279.04592
358.68221
-20.542112
264.18194
131.01084
396.14978
520.48143
267.1355
129.58938
447.46935
446.8161
280.6195
504.67814
196.37161
366.66109
311.02167
395.37984
376.24762
199.73163
448.66645
370.15793
391.07485
352.7408
346.88605
272.15418
375.60792
307.12435
389.38054
143.13716
360.22768
177.75933
406.67198
367.39756
176.42177
327.86223
273.43211
352.94486
321.49163
461.87483
235.84825
182.56084
313.50131
144.12043
443.09869
293.39946
589.92042
378.0915
350.00214
156.24989
167.20287
459.01973
485.56569
110.87174
299.25032
374.15333
423.57978
523.42834
594.27792
124.50047
369.23403
492.66591
456.76373
408.52722
409.97691
509.4894
753.91527
569.85527
567.90404
399.23759
217.99086
472.12866
325.48867
520.25939
654.24397
470.81374
574.1071
343.22007
246.73337
387.66504
249.78133
311.8732
345.4881
271.52851
343.65563
596.47544
155.42757
298.58303
-16.91533
409.7501
483.68909
252.83166
70.670992
494.70542
253.47004
315.85997
359.79243
255.36648
386.47886
437.25872
223.59921
475.53828
456.3916
450.44088
693.86277
222.82306
619.49545
544.93796
255.64062
321.78504
358.28693
255.72917
474.21191
430.23297
228.69182
307.31889
299.01141
315.03478
397.59194
427.16564
348.58096
78.679507
422.59229
325.39827
182.42454
152.58542
439.26045
631.3388
572.96324
229.41773
633.95501
153.4964
649.56889
318.21734
184.00339
506.86912
349.12264
269.06015
347.53574
381.85729
597.44064
327.79894
319.7264
367.44736
388.02141
525.15905
603.42063
232.89577
516.72838
174.09771
49.310813
437.0862
366.73933
362.78781
471.82343
437.59279
296.88904
168.32667
158.6833
430.35625
216.44474
571.02895
382.38983
442.42805
440.69483
346.50498
351.5205
457.73238
700.9668
597.33163
586.4909
604.70492
248.28582
101.42897
204.83825
174.08976
374.2686
440.10018
549.90422
339.46055
152.44114
513.40973
203.41429
363.05971
186.57523
511.21005
350.17602
350.29527
503.02482
486.59912
332.82186
370.0395
316.57195
428.68999
344.41972
402.44156
453.99869
536.01125
442.44475
425.19127
338.73932
380.1121
319.70162
201.14706
531.1772
403.22473
313.34432
509.76162
465.23873
397.62472
485.43102
297.70187
342.84416
434.60086
429.70018
299.84354
285.14237
339.25327
194.94694
368.07019
427.95257
207.34356
511.83412
562.28554
498.32692
261.32156
381.57738
377.41509
321.73957
339.14171
440.02666
252.72297
261.55302
335.23837
6.0922845
343.1341
312.2475
362.93462
189.05198
526.56131
398.18655
228.33469
347.8929
624.52973
599.12839
490.67783
531.33688
466.24711
355.09029
316.66423
447.27821
571.72786
696.69387
656.44936
496.12017
223.75281
240.18936
398.70243
415.94083
563.99659
573.52187
503.09935
652.62544
244.22782
408.8184
53.735648
143.84991
523.00164
306.00497
232.27066
154.75117
253.30403
426.67271
433.96016
716.22877
477.28261
400.79516
398.35142
538.71063
517.7378
426.31243
102.53686
377.20976
348.93033
240.69436
621.20385
367.24388
369.69327
451.17694
208.00668
301.65732
482.72268
635.87772
584.5861
557.63695
346.34411
374.45915
217.96886
389.57462
667.97784
738.39973
713.18379
475.34268
228.21745
229.94544
291.66207
357.1415
579.73378
688.98865
424.35536
308.57185
386.68311
501.37148
310.72012
214.47621
306.07222
446.8707
296.63672
148.72535
27.815315
276.86977
196.21071
100.31752
134.39266
271.07233
438.41954
400.18885
365.26837
497.20551
203.96033
.098988478
52.617483
194.24889
458.10509
299.71937
402.38457
294.95989
561.23811
218.1353
349.11168
279.22466
190.95726
318.4197
322.50097
191.42453
234.68333
495.92826
338.8644
415.80542
218.07175
388.3134
476.99109
441.13902
289.07492
355.78764
471.56581
182.71042
-53.013164
218.18351
429.52424
527.07295
361.14504
206.24778
527.33056
268.82704
375.46305
444.40401
92.196153
310.44234
233.39293
269.64597
485.84732
601.07798
440.49873
358.32492
351.58045
-20.054256
130.26824
392.08145
204.33628
395.66685
538.96492
407.78479
408.06493
402.49862
343.16243
434.27327
541.68763
492.79835
412.47557
319.05921
335.79084
156.71419
513.43499
367.1215
457.93727
479.35648
487.2713
417.18603
516.15093
175.84051
412.27162
413.20086
236.50762
67.587902
87.564027
394.83611
224.55588
507.76451
601.87545
352.18883
274.26224
327.62771
496.99388
342.86621
503.25059
429.2931
386.62249
248.25463
263.92632
51.038948
52.15767
106.11339
316.49348
333.90271
275.42375
374.60243
231.78776
212.67021
228.43714
372.50559
602.85594
434.27564
412.83994
383.53454
44.927911
514.2235
370.04375
473.90255
78.3218
391.296
363.3662
373.46285
449.79345
592.90482
221.50011
252.37796
351.04933
227.69202
593.32706
384.51559
110.34935
-1.6253589
231.27615
199.31379
100.69096
287.18421
293.60878
239.87734
62.616391
369.33897
313.44365
318.78032
406.05691
515.21811
354.0719
170.26136
237.95767
381.89535
382.13824
454.80958
212.14639
335.02276
387.13266
512.12282
462.51429
361.4767
570.50152
705.41805
363.74029
275.03877
308.86469
388.21026
221.44611
312.05912
567.68122
614.52583
490.21212
405.1167
493.50232
380.17152
325.84448
506.22554
401.81629
230.73346
458.50198
185.27748
233.75372
242.99
402.83263
517.93388
390.00046
274.45469
311.68449
501.75037
35.115001
301.37829
428.24298
286.36043
102.09144
278.36721
495.49591
349.76077
366.1584
284.37604
493.26045
251.79854
188.13667
348.71566
391.56668
397.77921
468.78796
631.35693
344.1872
463.57709
259.05807
194.22779
175.48609
217.55352
346.14993
568.52117
491.98496
323.34129
599.34506
596.39238
345.66119
292.3626
577.31607
315.82847
294.4294
427.43763
300.10896
341.62583
501.48679
431.00573
350.98106
358.9564
685.72893
645.66115
591.71992
482.00324
254.77345
429.04993
380.38245
652.12271
383.45098
358.42275
357.71581
468.36394
277.94251
690.8456
423.65175
595.84785
378.24028
341.1156
302.35018
506.8829
339.84018
354.90579
260.10063
164.81965
599.16102
408.47841
550.18109
402.70271
468.37483
205.50401
171.67183
211.19185
226.61434
466.29781
191.06137
475.40964
324.15965
-16.303209
258.20905
409.44579
331.22141
485.05977
646.20719
427.1031
390.60964
437.80365
732.4882
484.06563
316.41724
419.14614
582.20939
347.90409
393.28662
199.44137
146.49904
239.30359
71.111102
187.34108
375.85059
398.47373
326.13573
316.10715
570.20444
232.82915
493.216
106.18134
263.93234
-16.012931
265.53016
168.98182
94.808664
476.40138
359.49864
335.37125
-7.4178602
230.44787
242.62103
243.45587
156.78773
498.27992
468.01371
336.83863
434.76908
363.34239
255.1607
271.3438
451.90651
354.47989
494.43284
72.957434
340.88179
188.65517
260.53746
297.0945
426.58285
159.0692
248.58063
192.46288
156.02231
318.49198
313.37474
285.38748
264.16671
272.63859
331.9009
212.69666
512.87458
321.18967
323.05094
636.32396
191.37544
559.56236
416.61255
548.47488
327.32494
147.43954
409.58883
340.43024
360.3985
518.33942
336.37695
350.8712
308.9456
264.64308
244.9646
481.41117
330.87345
509.4559
498.88584
471.79208
368.31212
130.47748
213.80551
56.302457
116.40535
319.07662
402.46698
295.27593
291.85298
372.61194
89.748896
231.60802
493.42379
310.03743
441.5421
298.49887
189.15229
223.88749
417.33625
356.81768
276.31515
190.16552
468.81477
318.05373
852.22704
553.20678
537.98454
559.52719
382.06984
321.25973
331.34061
385.12363
383.72811
228.48021
629.74409
247.70016
524.05978
342.76976
387.34344
472.33712
419.45374
122.56102
352.52008
250.86577
366.70302
241.43607
382.01808
474.06584
286.85445
142.34419
377.52595
450.32473
326.11979
348.01949
348.28386
434.03648
352.23582
555.27759
419.76575
394.5543
156.59738
262.39604
277.85901
474.59459
264.87619
229.40573
482.25226
459.6494
448.05352
577.17613
392.54327
193.22093
406.29907
154.42563
335.54398
395.99572
279.96879
339.78354
303.18304
250.73717
314.77807
376.80025
400.82424
272.46495
221.24669
149.97931
235.70747
369.4144
364.3423
377.28123
471.888
223.69908
66.573539
204.71126
299.10743
501.39722
392.5636
131.22257
197.4086
207.44393
141.01726
193.85606
410.69211
546.6033
498.24093
611.78698
551.42527
584.3632
507.07345
418.35728
359.60383
228.31293
253.20896
368.59563
481.98979
298.83968
396.07891
222.8235
439.79026
520.61566
607.33465
554.54854
324.27774
452.4255
362.62415
484.27786
477.84019
398.06687
471.98914
489.83814
516.18133
696.52257
576.2069
343.86113
445.42554
497.78057
263.38065
562.96873
274.52166
340.2906
520.81085
527.98267
690.76659
542.25639
454.8855
292.51309
53.616587
163.59894
286.24707
310.28559
283.64156
415.78475
346.25737
243.7041
447.01812
477.89554
337.34212
835.84632
324.41986
357.41965
442.42013
352.05179
185.07377
413.58757
252.38564
84.935182
315.46064
647.90353
456.90975
516.86022
423.29416
244.53151
361.03006
185.81461
380.84315
582.87975
419.84923
433.0672
391.07133
311.85856
507.0149
697.31657
344.21747
576.65498
385.22436
213.62804
290.9956
213.53444
161.5916
478.67592
234.77057
529.11831
367.85307
436.42755
325.47488
128.85533
473.96988
431.26981
362.28057
384.22546
341.36871
176.28056
418.34214
344.37844
316.59334
499.25228
358.63807
214.88333
241.38216
63.669439
420.52921
218.55448
598.09158
286.19858
562.96064
393.01365
366.21208
261.19982
156.20402
304.17909
437.70809
527.58267
592.77021
568.48443
438.67072
448.67831
268.24849
427.29464
367.95058
651.12759
491.46265
387.19555
444.41586
277.63646
556.94526
479.2718
460.93091
130.41643
261.70735
355.48055
342.16054
342.87794
374.93863
485.99675
403.03016
404.53785
428.0148
246.47272
488.44978
448.67315
536.98236
526.36754
-38.095414
22.050251
312.54923
682.58188
412.58905
304.03211
427.07209
296.47625
457.33343
460.69862
236.00071
214.75728
221.67844
584.30893
449.3678
468.93964
507.58096
354.77074
475.8827
269.85268
300.33385
511.08782
394.88073
444.08033
432.59947
157.00595
112.42033
528.77099
470.34224
352.544
412.743
612.1298
435.03878
437.10951
461.5313
486.30166
523.96284
526.19119
416.91989
267.03807
7.8304082
-5.8097241
389.1026
296.73047
157.92714
283.58879
56.017564
541.54927
190.50159
335.97932
317.4868
203.05384
337.14647
250.17372
311.14376
165.15324
500.58356
299.06611
394.3918
322.07318
487.36568
447.74086
498.84911
437.45738
411.91524
363.84035
417.25234
611.70231
261.09404
443.22003
497.00549
508.48899
427.424
318.72916
431.37932
272.94033
170.51894
703.9564
358.56362
443.3706
381.06008
297.43962
283.01673
351.26559
166.2986
238.2883
108.54199
200.84398
258.78657
493.57449
438.825
621.72541
265.29296
246.70591
120.20523
386.83578
359.27996
198.45821
195.77971
231.7987
306.67247
448.61178
362.53431
477.76929
539.66711
266.48781
-15.287452
289.42713
184.3133
220.76673
282.87126
572.15349
333.19714
312.78002
377.63422
176.10107
311.93992
526.63059
239.95821
298.03559
155.25307
335.19177
552.38952
288.48376
214.36422
356.30287
351.11582
246.20495
363.00972
341.86077
560.7914
506.55812
140.94135
227.1646
380.95758
23.236753
-127.63932
268.13697
185.99832
386.48375
27.23664
401.97264
77.510462
590.28319
395.91356
413.65203
428.45934
302.23252
386.8581
297.9469
633.69096
361.31926
462.70774
127.82775
351.18852
366.88791
458.72737
510.21713
548.47367
310.44352
280.9527
619.30301
688.65449
445.87825
527.58142
462.45866
563.94098
461.59464
324.37657
486.22716
416.66347
220.29848
349.22531
683.51259
444.35824
439.20205
425.44641
438.00265
468.29462
372.65498
271.59774
360.58971
438.98088
324.70992
202.42106
225.86132
483.05244
456.58615
651.215
450.15031
540.64006
465.32456
244.79072
362.77544
447.20685
398.75587
265.22731
237.34685
406.45908
369.83909
228.80896
261.67457
371.00588
320.25985
237.28986
365.83235
426.19696
600.82955
536.57589
332.38467
424.2395
7.2727446
247.50593
510.5106
214.22876
372.58797
249.35109
360.07941
409.67869
322.51974
397.90351
408.85765
73.782792
203.6367
135.92989
406.88281
307.0745
483.37585
224.99411
469.48889
597.74496
275.33254
186.95323
241.55198
227.87954
284.71831
478.08343
383.8113
76.346161
305.883
282.40983
626.30943
119.37612
401.31711
-101.08898
231.75236
389.49243
72.75152
225.73602
147.27483
213.99132
237.48438
249.64459
283.69093
520.2233
493.63266
703.23259
409.6903
309.45762
419.14152
258.91828
335.35944
577.53456
615.71117
695.7376
770.8879
806.51361
374.85168
563.28225
529.04734
276.78684
343.66025
594.20211
602.42912
580.77141
431.08439
513.79852
549.55366
345.70058
483.87025
173.74072
467.12961
368.18656
173.70319
369.40658
399.35815
227.36737
398.84525
339.22731
304.50898
316.1
495.18955
285.66063
272.15237
330.47122
309.7635
615.83953
432.51146
332.66235
360.95512
-39.010527
211.35502
124.84729
325.04442
374.71398
476.39259
619.04935
266.9586
105.30945
213.26225
283.26561
-28.585108
404.90335
432.19393
389.62238
613.71943
610.46394
279.01869
618.21296
103.47295
92.993838
58.644012
272.74975
441.32387
470.22185
469.46025
328.06708
526.96264
340.76142
698.67736
381.944
468.33459
294.2113
705.07725
432.10292
406.52744
289.83957
367.60122
175.16169
243.08986
534.62722
573.59754
600.97095
527.21573
544.12881
427.57936
409.75405
192.39586
338.14887
259.90713
390.92959
473.1848
511.01638
395.87417
314.17702
213.73335
515.8396
536.63322
559.65561
289.75171
135.25686
-170.0918
225.25144
147.02255
474.6911
292.93263
262.5209
224.21644
347.36135
167.02005
334.47248
299.94742
526.80107
212.49119
180.41196
251.79259
368.53959
606.57875
627.17148
296.83125
412.50281
187.24779
402.69315
152.34117
280.46389
241.48905
220.05812
197.44856
408.90352
466.04951
409.21073
336.55662
263.26956
383.66507
495.44297
159.11899
145.40354
344.55792
339.26437
206.28158
376.06684
441.33744
771.61576
538.94089
540.92945
404.88468
221.53134
391.97395
564.75627
326.7919
554.32391
358.60674
354.75845
422.24338
416.56091
248.09854
213.19412
368.93039
409.73198
507.10204
463.77937
382.86727
139.9394
223.36709
383.99293
316.36262
418.8409
53.394673
316.60378
199.25164
468.75666
540.17196
461.39936
341.6467
193.69932
434.23774
211.22254
241.74184
303.31856
300.83282
436.36728
544.0166
473.9757
315.43194
365.19488
326.85335
552.68784
462.12927
458.06232
551.79369
410.18821
314.75089
472.00063
501.31379
408.24331
501.6019
354.60256
91.066466
180.105
283.7257
480.73123
580.4073
658.27028
748.91996
532.18315
298.29587
240.77195
411.15694
451.25515
738.75263
532.54681
336.98785
205.27294
509.57528
295.28949
502.47895
647.826
703.92125
662.5174
235.92826
416.71783
614.40356
414.66134
469.64109
370.11517
294.84625
529.041
611.02797
581.78243
667.00616
427.41151
346.31779
583.72152
494.57632
576.42898
649.72406
421.82257
291.94251
318.82861
357.82159
518.73444
424.45635
472.18451
455.20852
238.47242
336.81547
540.09072
487.75903
541.05154
374.97344
457.68856
470.4278
496.03597
345.2037
309.01374
424.31764
299.25612
623.55573
436.09569
165.62342
-2.5887647
295.90131
500.93772
370.09928
398.12964
439.78985
89.57518
324.64805
258.75597
-32.617547
476.85785
613.38889
141.95796
414.10822
145.29256
149.3294
482.26817
381.46032
429.27733
407.5378
186.56678
321.88054
343.29269
498.91137
382.83927
478.61245
417.90775
303.66406
52.55059
417.67703
102.43538
316.68497
361.2708
346.37751
306.08054
526.27633
620.15678
611.28238
324.51214
602.40003
339.61124
507.23822
414.87356
200.25734
464.13175
734.04886
275.45036
379.4881
296.06583
305.55683
653.00305
536.82146
327.76336
424.91392
363.20269
93.390269
294.21298
392.21805
391.31043
355.12956
406.73714
306.11492
351.76849
583.15465
634.38925
305.12898
437.32527
627.12304
527.43023
451.83703
469.40557
559.16096
308.39553
479.18187
392.12157
334.07514
506.74599
444.16002
278.27575
412.4571
175.92754
86.169088
384.16262
314.94229
162.64903
296.05226
6.7238559
310.69797
426.50904
322.1401
375.51098
373.2723
293.53265
197.06664
253.43232
249.95841
66.503981
478.47221
189.82244
253.40076
237.32769
229.05569
522.15353
314.29105
148.12207
542.61996
464.35305
373.97573
396.10783
396.47575
458.75208
136.30431
362.14703
74.087003
510.65978
408.0992
352.68863
324.75665
294.70878
503.40652
463.84703
215.50844
287.52902
204.45012
156.20906
382.52357
322.453
384.02801
666.7528
388.68966
432.4898
496.38593
258.1013
310.17341
597.24273
386.00098
385.8621
314.88257
410.51542
511.65417
465.28723
440.9192
280.98152
391.45235
414.28032
617.93729
446.10618
481.70004
251.66047
551.73261
775.07721
333.71823
243.49477
310.85818
462.80038
511.45557
268.98672
266.31229
274.81551
292.5313
349.6608
532.96604
684.57719
133.97978
382.33559
520.42507
152.13256
197.20638
177.96102
428.63718
315.40988
307.42247
511.01771
403.90853
162.80386
311.50144
224.05191
182.40287
238.09771
137.49851
523.30144
356.39861
293.75367
446.38078
546.8284
453.19514
166.27413
370.19278
420.42595
463.08325
647.11
455.04704
405.59567
371.00682
287.24375
343.7811
283.1735
278.85332
111.22962
308.89499
81.09343
313.8345
454.77697
195.26859
408.40549
394.98081
269.1261
242.57172
127.98742
240.07105
349.93363
219.9548
303.65742
252.54381
-160.98894
202.12815
99.287955
365.00016
242.68183
517.98739
276.72431
242.24392
401.65387
372.77824
331.18579
304.8057
336.45074
236.07406
342.6626
337.69684
254.52631
388.57358
581.46451
12.14093
181.14225
400.50706
116.64497
257.893
463.38077
36.051312
181.78388
353.22574
69.274545
190.99198
205.53196
593.4518
385.77588
401.90839
477.54555
290.05894
352.44223
442.6862
501.97906
471.75395
199.77682
291.0505
251.86648
39.599802
183.92314
352.78897
483.54645
324.18849
253.83188
128.07739
208.36819
569.66919
258.2888
425.21316
501.61131
420.26677
410.16419
402.68133
221.47414
429.91886
179.63396
319.75826
474.13065
615.44213
391.78564
311.96084
170.89008
5.254944
211.23181
102.20765
421.95618
290.52673
362.5248
317.06409
481.74453
86.248756
420.87177
135.53834
527.21907
477.48626
308.66743
249.65291
363.22086
398.55267
482.94151
176.84491
279.09625
510.65491
324.66605
595.31968
651.66124
467.02503
510.45393
548.3029
247.48551
533.77257
313.38951
415.05369
436.682
438.75339
249.28925
416.13054
277.89708
411.90102
590.12852
683.58066
751.5834
214.29726
468.1265
227.74926
368.32447
243.686
551.9928
418.58159
423.39786
372.96564
420.3657
319.71322
541.84049
522.09071
344.14845
320.69854
229.82741
331.39538
542.92106
134.37097
306.50044
570.19196
318.03849
340.48944
268.65886
301.32056
467.83848
470.35888
504.7196
53.863691
589.14178
246.86072
215.56728
346.73855
519.42903
296.12693
81.865168
230.86654
194.56929
342.02689
629.89704
359.42189
209.84144
289.76966
377.54457
390.28195
344.2277
296.04795
360.34667
211.81124
183.26215
174.13701
30.947553
247.57737
427.58826
696.55174
369.29741
329.18181
472.77821
508.92435
76.005388
389.40537
367.57208
360.08355
152.7038
590.60323
465.0846
32.304842
303.88433
363.38771
279.83852
285.15665
308.86298
349.67777
368.35669
299.38947
342.65667
257.97474
287.09653
173.75143
207.23373
280.71723
289.31342
438.75806
371.63615
419.02991
138.16581
144.85324
53.038073
503.4824
275.28485
252.94648
269.41292
166.71284
143.12103
424.93329
524.17296
357.99078
239.84963
376.88588
298.22933
457.25041
278.51965
599.98803
286.42332
216.79306
459.93992
301.90923
244.22632
528.93072
301.41285
445.09238
454.64616
612.29695
295.92565
316.26546
392.02703
323.92151
-75.504822
192.09309
401.30379
348.01206
528.64183
398.67023
352.97968
495.21174
75.141394
308.09812
609.43221
318.75662
397.23559
65.865007
483.38715
414.67543
356.76675
365.94876
192.95264
304.91532
186.31191
77.281813
250.73134
454.93784
398.68991
101.91951
373.94471
379.13906
567.17252
301.68948
370.41252
284.05476
-47.575522
-7.9248809
303.39218
411.54468
331.05375
448.79672
264.1241
124.25528
192.09527
332.5378
327.73478
264.41322
569.95931
321.83329
243.31083
539.24217
311.47243
112.4419
74.2138
146.3468
492.69044
552.64696
400.00723
452.59208
174.21822
305.25244
141.02399
674.65255
478.42869
281.48886
552.45787
282.50186
262.71954
118.06982
322.42359
544.36043
698.98727
297.61007
251.2022
486.56371
285.23561
301.05492
110.82765
277.46015
384.77216
317.25318
214.61828
501.76704
244.04271
606.85346
420.47526
263.00963
58.786729
588.16653
234.01497
301.25072
351.20235
246.36067
403.56581
402.93186
272.99098
364.38745
709.85272
262.55782
275.13871
436.86079
371.80885
522.27854
486.61223
535.26968
263.50373
397.00743
317.62563
278.14026
158.43269
483.25843
395.438
579.39605
417.22242
376.48972
420.02813
444.81412
295.25206
780.26084
311.8726
410.30116
401.65539
220.90195
332.0458
459.81464
319.44883
486.3537
447.94221
414.85892
430.9013
307.54857
60.096617
69.431375
372.70655
361.10728
448.50843
264.73387
91.65334
228.927
82.080588
179.88025
286.80072
464.46008
198.65338
369.80113
439.99848
381.62508
247.18063
280.21247
113.68485
463.39262
165.86646
264.93291
203.83349
448.93914
290.92855
567.98545
546.40344
300.62753
411.08146
336.38369
504.03007
557.96427
546.92566
229.0224
361.90529
235.59658
243.77471
470.69212
280.52815
240.06376
502.35
291.66489
600.77559
620.04782
208.46593
372.10835
264.49822
464.9043
608.52801
261.64167
309.17308
347.86708
200.88793
595.12827
784.80163
244.52561
425.17848
92.3027
518.32614
610.52496
424.95684
335.28726
351.41686
357.36214
303.52207
266.4058
342.25499
441.30217
573.26713
301.62619
275.49229
111.08697
455.19649
199.82181
120.72661
264.32581
422.30548
329.67065
310.41886
585.07958
815.19282
485.62414
663.82161
759.32894
443.09847
246.32734
349.14519
290.14936
546.93866
250.80728
493.54212
302.38439
270.3566
151.4886
522.68457
406.61526
638.02274
442.97754
438.37936
379.45096
429.05269
386.60288
224.96019
297.13137
313.54968
206.45523
466.52217
382.04942
476.96597
368.20995
436.92386
105.16386
394.34876
393.91733
275.11633
370.95984
575.87792
498.7671
56.681341
14.837202
334.53729
472.53293
483.15504
296.52611
443.59591
136.59047
73.321283
291.87333
533.62221
281.97733
496.6813
555.02562
451.1911
242.20699
284.33961
61.724717
116.49432
306.26891
251.89122
381.11243
139.55915
143.49236
247.53788
261.02882
370.36031
367.92899
255.4567
165.87783
293.93582
282.03797
317.6325
304.61639
186.32177
141.88951
119.49646
518.58685
247.23155
393.28884
722.42578
280.47847
243.11605
327.62402
293.54084
361.05326
452.04691
211.94678
379.57239
63.143834
360.03584
390.91338
264.32537
111.31754
290.73661
349.71752
320.68353
380.66591
233.27902
674.78141
687.77784
442.30411
208.61012
523.10049
477.85704
563.83759
460.25955
144.50953
129.63182
266.90725
375.28363
64.120184
376.91295
245.04344
246.74614
333.49175
355.86106
491.61239
313.61252
344.47549
304.59441
373.97487
474.57356
321.87777
573.80146
480.39375
489.6291
642.56906
518.30358
495.52255
286.76887
328.8254
414.49529
669.67821
580.3571
413.70506
456.81553
432.55817
463.32045
347.71302
637.73878
584.41661
608.30021
596.26191
147.55318
542.86356
337.49722
95.218946
267.77788
282.27166
249.97371
355.9987
44.546052
426.60616
405.24945
454.67937
380.26038
182.69488
468.65819
676.02982
593.04471
279.56607
507.51699
97.641361
270.48088
441.73332
161.99782
369.64592
451.36961
512.0634
358.43202
304.01162
234.39465
238.36902
481.06935
586.75844
558.65066
530.61582
683.00642
448.31505
539.28566
523.24421
342.13273
435.25863
508.01328
425.07745
576.92918
526.23322
401.39646
212.48908
474.68764
179.65475
342.27693
570.60168
548.59703
608.70602
310.47265
357.13819
539.89383
260.28425
412.20179
466.76859
344.90315
444.47731
135.10575
430.31414
228.47553
602.32136
553.61055
434.82331
667.61858
320.70867
121.29837
434.66278
371.52072
415.16583
609.07867
523.3371
458.62045
521.44958
455.07512
478.45855
601.38137
442.90875
250.01114
446.07544
339.05329
461.40189
471.0947
542.07264
477.45306
589.99519
504.72917
448.53885
453.88061
312.39716
333.66109
494.30274
229.90754
416.98451
460.04718
473.60161
782.76333
540.76185
358.22224
489.88555
250.36603
440.37371
243.26159
631.13878
399.92037
571.44411
174.92915
317.01951
272.39996
426.96517
358.70447
296.79745
624.79883
500.9118
459.20488
385.73948
260.09739
167.03331
537.94876
170.79432
481.59155
575.84756
668.55552
638.41281
428.71415
285.96778
302.87199
382.24935
612.00219
347.84504
432.0475
228.52503
284.21891
487.69402
389.37771
609.94098
360.42419
347.89928
166.83408
462.0217
496.87622
426.65885
548.91084
298.5133
558.17087
387.76873
436.46166
374.01332
499.53588
381.08407
495.30667
524.13715
463.81167
469.98226
124.62396
357.59745
286.71
274.91718
436.83053
354.41158
233.23924
312.00515
195.03859
193.26781
461.86648
482.31971
386.15834
347.35348
384.38629
421.16727
304.54798
317.79848
366.99576
283.57898
179.51137
450.68658
619.56072
302.74677
373.12789
125.21258
298.0815
304.57571
558.61504
668.36335
517.3664
378.31375
173.78103
422.1501
454.36011
110.46927
194.02499
539.51373
376.49646
505.44315
408.32056
279.16692
225.5714
201.51206
361.85158
247.62463
218.47765
416.75957
-8.5055178
342.90966
286.15929
585.04456
337.34838
337.23163
555.73619
505.10022
395.23917
259.30158
457.41505
332.1651
442.49466
397.29087
380.47362
417.75473
377.08516
416.55061
291.7626
172.88292
299.76269
278.40423
87.966187
296.06468
344.24046
329.05015
332.55169
288.1885
398.20263
418.79519
483.86513
305.75884
613.57005
531.28344
439.96915
400.71447
441.09786
505.33139
419.80832
364.17956
481.36896
569.22565
515.24748
546.14543
459.20673
408.36426
422.62695
237.59559
349.18113
222.69402
443.57095
547.99402
489.47736
485.18751
337.71107
202.52198
293.1378
390.81091
343.22842
466.98298
453.35964
138.24936
557.72653
337.89352
351.64564
117.8047
379.55419
313.29605
479.74891
413.39576
461.51065
387.45404
385.30528
547.80262
227.16571
326.60522
592.75417
270.9243
155.29011
310.74625
391.75002
253.21448
374.33572
482.88052
448.73391
513.20102
385.74505
419.3172
438.42149
160.6661
119.24306
347.9279
234.0852
300.23404
171.97498
327.79997
64.988842
388.02336
484.5702
448.54139
614.92375
170.67302
365.21275
350.50057
466.88688
460.67068
290.28161
567.62975
598.32618
544.67866
417.20058
253.14559
135.49096
550.42342
617.37604
304.12317
457.49055
634.28542
303.31082
399.09066
287.54305
391.42431
375.58611
390.99335
456.40763
605.33252
485.33545
316.82669
252.60541
192.10957
561.71497
588.9193
411.2957
336.16205
388.84442
410.35888
298.23829
307.29295
279.98082
285.756
524.50914
325.08902
197.89045
170.95291
417.13564
510.03877
514.93498
399.35136
344.06772
309.74426
240.92989
238.54914
463.78883
206.1421
233.57303
218.21933
220.02094
212.97095
113.59953
249.74204
456.84592
313.03776
293.29266
300.93526
237.3991
477.17397
406.44403
398.20999
342.60819
283.02959
216.55998
218.60008
444.11047
129.44564
403.31773
330.68385
227.74905
191.79493
392.53909
427.191
363.3483
443.89457
182.47464
219.75119
675.45994
595.72697
554.20998
759.41022
393.42095
727.27643
727.20203
252.65492
336.93096
329.24606
405.34933
494.5712
543.42518
488.81641
89.94909
371.41993
270.6758
572.08219
205.42829
469.22558
428.47476
308.544
326.63621
389.54783
482.99052
511.9651
646.18459
348.91861
409.72252
444.88718
472.06393
389.00693
294.04647
266.60713
276.05642
540.24406
508.77413
459.8706
489.58931
286.73061
330.14676
254.2823
308.62642
382.52828
336.92726
302.41037
653.22921
642.94165
467.97618
424.32497
118.22914
378.93439
228.29846
360.63948
321.35925
304.64037
252.94888
226.99992
140.46153
156.98041
125.09766
373.96275
383.03865
455.41364
48.22262
329.27267
503.78772
267.82516
510.79514
24.769655
349.53053
239.74501
377.8933
483.73017
445.47704
403.74607
103.70374
140.88077
349.57151
321.53248
630.23482
206.50405
196.31864
275.72865
413.94834
633.92296
433.13172
179.42911
137.34582
386.84701
258.61149
477.72714
426.55877
529.85874
533.57528
523.886
343.29039
476.04573
382.71823
280.92493
530.32301
317.69486
493.09567
425.59941
416.25553
199.3781
298.75739
433.55997
168.64878
534.00823
402.99029
382.37305
465.10448
313.8954
384.70571
361.24866
284.57021
264.32043
413.46357
457.3773
618.38122
429.39866
238.85007
511.07063
211.54831
251.05527
293.81382
309.56863
294.18717
777.51326
397.77093
448.87559
171.42635
371.81667
228.5158
341.24933
345.51086
428.9739
436.33308
210.23615
246.33297
369.93965
90.727814
255.67779
177.57876
270.64544
460.27986
287.88511
178.97286
94.986014
378.02716
132.49753
107.78441
306.59202
185.94606
257.26055
421.22782
687.6236
242.95783
202.61792
448.16955
532.45459
641.18353
631.78642
240.48631
452.80911
170.5851
463.33471
689.77392
