705.84547
994.41937
1392.5392
1888.5363
2074.8398
1675.314
1530.8004
1409.0625
1332.4777
1145.2407
1552.7292
1332.0416
1256.9626
1445.3607
1752.0936
1468.5784
1536.6221
1535.0008
1446.4069
1353.4487
1565.2244
1165.9812
1062.9972
1240.4284
1114.8875
1288.5942
1038.9526
1322.8859
1328.8856
1361.1275
1360.039
1476.3282
1247.366
1161.3455
1509.0418
1239.7358
1104.5212
1333.0621
960.37686
1201.1063
1140.3338
1278.5932
1370.8971
1251.3731
1374.5564
1061.668
1208.5963
1178.9666
1338.1855
1310.1826
1205.2413
1227.4993
1202.4778
1120.4232
1287.3741
1120.0839
1225.8202
1136.5978
1084.6998
1008.5353
1180.144
1195.9722
1252.5425
1274.2205
1026.0984
1235.7228
1520.6669
1409.4192
1286.6067
1394.3154
945.94653
1310.9981
1264.8561
1684.9985
996.72644
953.05277
1442.3212
1329.6439
1419.9393
1186.554
929.71733
951.21115
1225.4485
959.77281
1324.1372
1075.8043
1154.3075
1241.8938
1089.3705
1078.7869
1401.9569
1147.5057
1253.9973
1024.0068
1151.4903
1320.4073
1363.4863
1297.2232
1369.5129
1127.86
1385.2368
1461.06
1189.362
1392.7417
1561.3664
1532.5795
960.39128
1282.0508
1276.7139
1022.791
1381.6199
1204.6027
956.38368
949.02732
1072.2832
1095.0389
1418.8664
1018.7949
1251.3959
1260.2067
1479.286
1297.3823
1255.222
1146.9653
1134.324
1296.4545
1318.2194
1137.2526
1100.9656
1129.1468
1373.7553
1312.5848
1334.014
1245.5647
1333.4874
1344.1364
1059.7175
1112.6093
1064.3533
1270.3614
1538.3905
1170.6126
1097.7802
1148.9102
812.54403
1142.7131
1156.1847
1254.2319
1258.717
1028.2502
1423.4771
996.6839
1275.5288
1407.1522
941.01994
1115.7069
1184.475
1237.5008
1147.5846
1224.6336
1296.7727
1289.8284
1089.762
1226.7335
1150.2014
1146.8398
1118.0367
1216.5202
1447.0655
1101.482
1077.2073
738.9344
1151.927
902.9696
985.90258
1219.2774
972.68225
1177.5268
1007.5188
930.46069
1122.3854
1413.7456
1215.0386
1062.1986
924.95383
1123.7842
945.91978
1213.0526
1321.4481
1175.0647
1182.0383
1225.8123
1202.7356
1381.7499
1051.3768
1097.0135
927.90904
1323.4065
1403.5955
1413.7044
1137.5488
1336.3221
1341.2808
1037.1459
1259.7148
1076.1072
1007.7114
1194.127
1329.5573
1308.2831
1390.6306
1560.0652
1211.887
1358.5594
1221.54
1588.1704
1299.2545
1372.2956
1136.1566
1139.2315
1225.3359
1283.6314
1163.8995
1144.0755
1130.2507
1162.9247
1194.7372
1212.8255
1236.725
979.64775
915.35534
1102.2137
1255.5987
1249.2941
1065.4144
1152.4055
978.64868
1353.0735
1031.9619
1238.9012
1179.4337
1245.315
1021.1183
766.71101
914.71118
1028.4334
1081.0442
1067.0278
1158.6811
1266.0447
1192.5097
1225.3723
1026.4862
1072.2533
936.73578
1070.0519
1197.5988
1052.0464
1198.0644
1304.195
1213.5755
1062.5917
910.72406
1136.4931
1039.4533
1388.2463
1329.4781
1163.9782
1098.1937
1544.9473
1237.6141
1194.0698
1134.5562
1117.9712
1200.4956
1187.4581
1239.4952
1378.7056
1231.0781
1342.2291
1021.5695
1109.2269
1233.1806
1059.8866
1241.8164
1195.3957
1159.2455
1082.4878
991.59588
1105.9157
1209.2417
1201.5719
1148.1204
1407.0246
1201.7865
1048.7942
1079.5687
1290.4775
1248.2407
1035.6041
988.26615
1391.6344
1221.8213
1088.0109
982.75911
1063.9458
1357.3838
1267.3826
1504.6126
1205.619
991.25729
1063.6884
1030.5192
1219.7027
1009.3902
1081.2248
953.14139
833.57322
1265.6011
1216.271
1248.2219
1487.6356
1243.3983
1308.5553
1309.2357
1431.9141
999.17827
1077.2997
1235.4159
1026.8168
760.20293
1108.0789
1063.5046
1197.0242
1140.1142
1209.8386
1375.4853
1183.3445
1237.7146
1157.8279
953.87098
1158.8213
1301.3552
1088.5149
813.15366
940.35396
1053.6432
1178.2064
1220.5848
1155.7545
1244.0427
1141.7168
1191.2195
959.27302
1228.268
1048.7571
1008.7644
968.15563
1195.3767
1029.7518
1121.1993
1145.9056
795.2561
1182.2319
1046.9795
1097.5771
900.01201
1060.6896
1091.776
1114.6962
1256.0025
1158.6399
1181.5774
1208.1908
1175.4081
1191.8096
1162.5658
1054.8541
1295.8921
1153.9194
1103.2506
1043.9716
1115.189
1182.2574
1372.0311
1271.1194
1489.6191
1238.2418
1185.9376
1332.3443
1085.3163
1460.0675
1428.9903
1380.9377
1272.547
1411.0852
1271.9527
1016.984
1229.3243
1158.2233
1211.0918
1386.0337
1146.0058
1201.6114
1119.5916
1317.5246
1610.201
1222.8799
1176.6981
1149.4835
1067.5663
908.16552
1159.0591
1398.5963
1399.9902
1144.076
1125.2407
1184.6903
1251.7199
1201.8398
815.48444
952.46414
1239.369
1086.0279
1274.7499
977.78953
1370.268
1441.8117
1387.9201
1099.1831
983.25017
1072.7781
1056.4234
996.51357
938.36591
1245.9232
1152.3147
1043.7155
1043.3344
1261.514
780.8247
1143.7182
1172.9811
1040.4314
1207.9799
1431.8823
1371.1673
1387.6167
1296.8237
1041.3266
1082.3901
1045.7794
1094.8367
1380.1995
1172.2159
1392.2472
1146.0551
1439.2782
1018.656
1047.9067
1259.7332
1295.0756
1294.1978
1189.8181
1352.6602
1225.5452
1279.8464
1256.0979
1138.0538
1238.7728
1275.479
1479.4677
1091.4676
1201.9909
1037.9553
1260.1274
987.18011
880.8844
1087.2578
1158.5569
1540.2762
1447.128
1463.9149
855.81359
829.02438
1164.0355
1021.0295
1205.7822
1013.2799
1153.8182
1055.4065
942.88476
1338.5956
1320.9768
1383.3334
1301.0345
1369.8618
1057.0277
1094.7701
1048.4249
1341.0029
1100.2925
1083.0303
1302.6681
1325.179
1408.2956
1251.5302
1245.236
1087.2212
976.53777
936.48263
950.72497
940.02751
1156.5618
1376.3303
794.27837
727.2728
787.68522
1127.6162
792.97436
991.55878
1015.7291
1123.1232
947.0897
965.06433
1118.5283
1001.1756
1111.3446
941.59922
1076.9476
900.93155
1251.3231
1259.1498
1308.7275
983.96184
1073.0861
1206.0297
1272.8524
1282.2883
1122.8026
1207.8744
1178.054
1127.4449
925.87678
1146.9927
1215.5324
864.98085
870.29433
1001.4331
1007.4928
764.96229
842.97824
620.93962
802.04244
921.66398
882.62419
651.08185
993.19595
756.6491
949.90725
773.22659
914.22981
994.29024
870.05893
1115.71
937.49962
942.11582
896.56204
1185.0578
944.97819
1360.948
936.44182
1084.7928
1052.6816
890.78052
1042.9371
1135.9002
937.54011
888.25467
684.42337
745.64498
1061.9351
1135.1173
1093.0584
1040.7474
1092.149
757.88083
935.85118
944.1968
1077.7586
855.28709
1016.6027
1119.6677
1230.0393
1219.7988
1113.214
1257.7312
988.28052
1169.4589
1239.8953
1131.3663
1165.9477
1102.9662
994.15398
872.95848
1078.1386
1109.5662
1102.4601
1295.8446
1246.1311
1119.7473
1113.7237
1009.4199
870.19328
1005.5978
1359.8558
1129.3325
1216.8866
955.24729
1107.6619
913.65929
889.0922
1072.5239
1053.2713
1128.3496
1115.7062
1209.5549
901.08711
1093.6138
947.78659
815.78838
921.34187
931.70943
1041.7033
1116.6261
937.34523
875.99467
1046.2569
1046.5483
1076.5256
1446.9435
1107.4493
1077.8618
955.64612
996.33865
1047.7242
1143.116
1165.7178
1199.2294
990.33196
1075.5393
1131.0092
1191.8368
1106.9285
1138.7289
689.74556
698.4516
817.7605
977.98321
877.77635
1009.4104
988.93672
1147.6994
903.56336
707.30555
1104.6668
1069.3857
969.3493
1141.808
999.84534
973.24498
956.17901
981.20553
965.4941
885.50277
1156.8871
1193.3189
1193.2435
1067.5825
1083.2761
931.37594
1242.0055
1174.4182
1206.2399
958.30845
929.44243
1150.8828
1486.0736
1356.2958
1050.275
1058.04
781.70984
1061.8677
1085.8969
1198.0173
831.61896
1145.2244
916.91985
802.06644
780.96447
1130.3759
1137.3543
1054.9273
1071.3034
1019.4377
1231.4347
1001.4438
937.57644
900.29917
1267.8765
1284.4332
1169.9016
1237.3951
1392.4139
1368.5374
1552.9516
1420.065
1237.5093
1202.0442
1107.9761
1242.8012
1160.0683
1127.158
1051.4993
1182.4287
1027.7604
1045.8759
1000.7319
965.57798
1047.6982
916.93183
916.89735
895.55198
1146.6812
990.67491
1037.0039
1107.1221
1044.9288
970.29238
901.29514
942.77346
1081.4921
1395.0298
1349.2216
1265.5311
800.88332
949.79205
942.65506
961.24765
1115.8319
1180.2912
1201.3054
750.83921
909.74309
897.34919
974.31355
1004.6717
1183.9877
719.73174
1418.2604
1126.5575
977.72643
915.73072
717.40648
1204.7216
940.70687
955.79539
828.4434
1037.9019
1250.4681
923.11879
1480.4572
1279.4378
1174.4007
1175.6782
1262.6026
865.72554
963.42089
1220.894
1133.0632
1106.0884
1124.5667
1199.0091
1001.1024
889.49703
997.29372
1051.9791
1148.0533
1294.7707
919.51753
1152.521
926.93099
1191.5029
999.01131
1160.0663
1170.0708
906.64362
881.49239
799.69179
1059.2806
1027.1816
913.9301
1033.6672
1062.525
1268.2049
1061.7175
895.73083
992.18348
1231.861
993.2098
1036.715
1419.2941
1019.4854
1206.9307
874.88914
963.77899
903.32533
761.11161
964.81147
1369.7804
1016.4813
1020.432
1271.9641
1020.8489
1521.7479
1006.7946
1163.0467
1111.2914
1033.663
1430.6975
878.14898
1277.152
1078.1032
1060.7291
1104.9134
879.74378
1206.4323
1005.909
1076.3834
1111.4307
1080.6725
1224.9009
1169.6586
1117.7184
1063.2587
1174.4153
1100.0132
813.35124
1014.5702
1187.6118
1139.0046
1253.6525
1287.0204
1001.5419
1224.1402
1147.8064
1148.4858
990.19361
812.53632
921.12868
824.0427
1128.1754
1001.4505
947.87725
1132.1665
809.64712
918.79907
895.98724
853.92487
1040.2576
966.18835
730.24693
700.02003
1015.5399
864.84858
1010.5223
1119.3862
1066.5898
910.20209
830.04471
681.58877
911.56046
757.29758
637.42851
949.07388
1351.6712
956.78755
852.34726
730.24678
775.10413
838.90168
832.38107
1006.3681
996.81685
846.26194
993.79508
824.58969
804.93828
827.78448
625.66854
706.98469
793.89204
850.98869
758.59852
980.97827
887.06955
885.21107
839.06944
1105.0381
1066.8921
930.36278
1129.1573
724.91372
777.60998
851.37146
1166.0666
1000.9283
960.54693
1207.7832
1063.9775
772.94586
711.42055
734.50616
803.70946
634.21632
786.989
1056.7716
1077.7846
828.70944
976.84681
1033.3919
1066.0991
1085.4265
835.86439
1006.7354
651.66765
978.96517
903.36372
734.60849
687.56679
905.33361
1089.4257
1095.2942
781.26942
1123.7872
927.26134
917.8801
955.56438
859.27015
968.47218
1113.8296
917.92477
1115.2607
908.62534
967.65347
1103.7906
688.09263
587.4992
718.75875
884.59963
853.81977
835.09647
727.60443
671.23748
963.95378
775.82907
732.09973
940.76039
899.56011
913.50978
891.50526
1004.5349
650.49206
947.43605
771.99397
880.22342
1090.526
781.76186
902.9669
934.64143
788.81292
714.09462
705.06149
578.89833
544.5488
869.32279
982.76577
1048.9575
988.59046
1109.1849
1048.5597
932.59698
867.93078
789.11557
946.17433
1115.9771
1022.6863
831.96843
589.13993
425.36573
781.93256
814.18764
655.89719
741.83858
955.16517
869.90996
913.40372
951.55106
924.80307
767.71208
1131.5265
1240.3154
767.66339
655.95155
800.77569
817.35168
905.50788
573.50342
838.48968
1037.9748
1026.7112
974.6572
1000.3345
829.62132
848.3996
801.13181
655.69765
522.31706
813.83845
809.15484
872.81284
911.02596
834.14516
740.46844
992.8819
1088.2616
649.27827
870.92838
931.57177
721.67591
866.13191
1051.8735
1135.1015
1143.8852
1200.9763
1139.5229
946.98272
761.00833
813.13642
759.67287
1166.5923
1067.5486
906.0014
994.47642
770.72465
762.84056
798.64696
864.71221
798.98165
1073.9091
747.35684
982.79285
890.30714
840.90735
964.79055
836.14874
1094.3351
1128.3505
898.73041
693.35724
1001.9153
679.56385
839.3447
814.69505
949.06838
973.83694
986.47962
1056.9345
936.19187
854.29605
899.98119
876.95982
922.5844
1009.2711
901.92608
850.93538
1072.3698
1060.1833
543.88846
636.80491
683.06049
854.77238
1081.3637
751.52243
699.19056
1011.8843
788.87323
744.00739
991.14012
1066.4593
946.03252
876.73455
877.28348
709.74367
858.19812
842.32803
917.32289
826.22971
757.55515
776.67052
742.60769
1179.5946
880.13369
1237.2723
1017.5597
816.61904
774.04445
730.64616
866.77957
928.95262
926.04482
782.17047
833.90583
748.79177
504.59318
800.64138
838.65618
764.67694
712.52421
587.80599
561.13214
637.4176
791.07571
935.78794
819.67233
980.65807
412.69799
552.71339
769.51024
756.08661
867.41894
718.84883
792.62553
440.74664
644.04604
890.00004
777.49449
891.16773
800.4884
924.31949
793.12418
540.319
725.92485
884.66259
768.74548
759.90292
792.74712
655.25942
928.52291
702.04424
761.096
853.32814
752.10118
787.29815
1082.8925
917.77162
904.03372
1008.4328
929.23029
948.41009
707.23914
729.75977
856.50717
967.23543
1053.6778
1039.2763
861.54632
891.07131
808.45435
862.63273
1065.5579
1185.6663
1063.6691
780.15471
1034.7877
668.59434
1059.3806
1073.5128
990.09423
1280.2484
970.52302
948.44367
847.76741
945.58528
883.37821
713.16222
770.18126
839.2817
902.6306
1074.941
900.55429
951.57217
1148.1838
1180.0229
965.27564
778.62567
736.11363
717.97923
780.09486
658.01514
942.71742
991.59638
906.06017
847.34485
471.51609
977.72688
615.81351
714.8098
703.69889
964.86679
1029.1549
1111.9477
1207.0733
1063.9442
1089.2294
1114.9677
956.41898
781.41683
1044.769
1206.1896
897.23088
1270.9104
910.29653
1018.9548
751.52769
831.47358
844.27748
597.29741
972.91204
1082.8803
1140.6429
1029.1018
993.88379
937.99773
771.66533
1158.3153
837.17695
860.2026
807.96981
875.73498
862.60212
971.78681
1139.5184
987.53139
988.55125
791.17234
784.58413
1199.1435
1018.275
1029.8074
1028.2025
926.50147
876.74651
1033.4956
853.51529
823.12691
1340.957
770.0437
682.18933
930.89956
706.86428
1198.6147
938.01317
810.81871
854.90624
730.48352
922.34646
945.84473
634.86747
567.9143
625.93001
901.81905
803.46573
823.84983
995.19928
952.76962
1048.7963
767.20675
886.81953
490.36305
960.07316
727.05359
915.38648
991.31489
918.98045
954.11923
659.86395
845.95704
722.07353
1057.6902
992.71351
962.10183
1116.093
761.33278
730.66862
554.65691
575.13095
854.65578
972.26415
738.73019
671.24493
622.14632
804.09625
959.23327
977.57883
1012.5921
916.29633
1077.1241
596.82098
648.91077
820.51124
734.21082
837.06946
680.65413
653.10994
630.68268
822.98912
556.60575
643.6559
478.36709
659.45799
616.49778
669.56038
706.81937
723.74034
442.23346
354.77304
559.74879
852.74075
1074.2707
761.11508
589.84391
581.67095
669.9574
658.96979
590.98485
532.39684
666.86863
664.21316
668.27895
851.75737
772.56468
775.37441
659.88235
545.46959
790.11666
716.58705
759.86731
743.30143
1104.1169
749.47613
550.17466
432.14493
704.66448
823.56615
1000.9362
807.11078
528.33981
502.93739
817.44951
947.34931
800.36543
894.3118
675.18823
763.00613
571.23039
562.32838
854.25004
867.33844
802.72299
992.38932
868.50407
749.0695
958.9149
916.92954
846.36815
851.0348
857.35045
665.32217
720.98115
841.58339
760.44741
798.01372
549.22082
551.34658
680.19521
594.49928
523.08206
857.76455
747.85526
484.61824
566.46563
604.754
652.40282
708.60452
678.32063
623.95066
558.57738
583.76467
732.19528
621.27635
774.06666
688.79968
516.73357
525.07271
820.00649
755.73307
787.05054
553.34724
614.16933
645.85558
723.95895
688.97837
816.85294
733.30653
819.92637
604.95512
524.35076
494.43575
607.88633
703.5258
656.2953
663.38314
937.54096
624.87819
846.68489
595.0275
737.68929
773.49555
714.79491
942.73192
922.21754
824.68172
718.29455
637.29053
714.53923
744.92701
774.68763
733.87271
798.95755
729.842
1067.4251
1147.0966
748.55929
700.38307
922.5906
800.85323
772.10816
703.12151
485.43828
694.95773
562.14367
525.34075
782.08941
917.01605
611.15248
773.07073
514.35649
896.22713
696.11156
803.80835
727.27006
686.92151
677.6959
737.82135
637.54051
891.67496
737.40618
519.64089
672.56101
1109.965
740.11528
750.31349
829.8993
612.32227
639.24057
734.3451
652.96026
852.93398
722.58132
768.26513
445.83897
700.37403
702.87202
663.89565
564.87906
696.43124
526.67846
508.57155
706.03141
639.25274
605.86145
772.36799
720.98149
795.52858
710.9668
541.98806
726.94409
760.75512
738.93645
813.84075
693.91651
910.41858
764.03459
753.17873
476.73464
559.88659
421.29495
752.17502
629.47205
688.97035
883.88978
525.11947
963.36581
536.12689
556.75206
644.11444
738.05299
716.1944
511.9664
772.51308
653.9085
715.14462
897.50987
768.82949
449.86253
421.43299
674.96365
762.29865
538.19186
621.2558
564.88632
615.44898
493.79542
614.4524
908.21408
919.82098
624.14008
632.49675
657.9931
573.07456
748.17447
917.29445
870.3164
946.2103
807.98605
645.38292
694.71263
776.14146
932.44691
962.37535
874.33786
800.5558
588.62107
663.38115
601.48994
675.02287
858.44667
780.94125
944.17441
789.11566
836.93125
433.42727
735.49747
773.21241
880.55373
865.54984
514.08741
619.20664
752.78832
568.67432
613.44335
639.11484
687.77851
653.29403
647.2718
1025.8882
945.81626
543.63191
549.6243
970.19278
818.20918
828.48303
668.52907
659.28285
824.3987
819.62069
750.98787
807.71886
798.92048
976.47215
995.36371
762.25908
759.57872
894.13
570.72507
779.34956
757.12946
826.57261
668.3446
628.98472
150.23837
623.08553
670.91776
549.82958
691.13502
472.67402
357.31996
607.32348
475.15067
744.39573
957.14379
624.16983
924.60682
667.33242
747.94784
778.51569
711.28331
693.29017
211.19981
482.11042
613.83971
546.34985
477.24196
474.27446
500.44997
773.80613
508.16053
411.28867
557.2131
468.98379
729.19306
424.85811
741.96945
499.88655
613.94653
271.04961
483.17039
559.85233
296.00343
519.98606
643.56355
661.29323
653.75306
751.66452
489.00473
483.17078
449.59005
450.24163
445.28342
670.48965
485.77162
412.84065
716.52955
521.57107
722.305
675.95774
496.56765
364.29518
524.58409
730.50236
896.75892
356.23622
428.27273
611.48037
518.84133
748.98543
534.66246
656.73936
802.83669
359.31729
476.33939
379.84917
507.123
773.75633
575.3576
625.66463
393.21455
438.29848
581.3438
608.129
804.76071
488.26576
515.92949
353.79262
531.54388
622.53638
720.76527
785.24546
539.70483
663.43581
683.09149
441.19101
468.62542
684.8195
681.84667
856.11255
745.82413
894.22019
421.60669
817.39688
394.11532
539.58213
619.676
534.05342
684.73368
802.21662
656.07844
835.96519
611.14708
426.97797
473.23331
514.6762
397.11834
422.90457
680.34612
581.05844
731.87526
329.08487
459.25618
407.87237
476.17076
526.5836
771.63609
555.27321
778.55495
467.1891
785.35511
295.71574
437.43382
298.58098
518.07777
326.67782
358.45526
546.64685
556.70273
640.58177
493.75173
327.98007
482.17739
391.71431
257.56495
457.05385
393.78491
125.54939
187.73527
136.76274
517.19694
348.97774
346.19801
462.91612
587.85387
661.93687
527.11057
562.00766
479.66201
586.09307
288.65563
357.69412
245.10008
303.80996
273.23408
43.047735
485.41305
751.45956
305.64512
243.9476
487.99069
301.79447
292.75007
407.43001
271.95805
412.17664
460.32312
431.76759
322.08382
372.67033
225.69986
470.98667
645.05623
458.89481
449.16303
432.96894
437.16037
355.88044
617.57382
231.04622
255.42746
477.24315
320.84844
292.42049
637.24251
202.51974
393.75302
471.3134
468.64974
673.14563
606.65734
424.15148
511.36959
544.97998
387.05133
458.73999
383.3823
507.61566
759.87304
610.36713
477.81748
483.01471
464.29136
559.1126
518.92111
237.90281
393.70189
328.37864
635.43124
298.82796
268.112
187.73382
194.22998
293.65341
606.43299
823.95244
385.4378
445.5653
354.13556
383.88629
463.55345
407.01736
329.183
432.10964
382.68989
302.50794
247.18007
277.55788
662.0711
190.41289
286.37692
256.71607
442.12996
591.6438
755.75098
382.4415
655.56104
542.58758
486.61745
688.50034
640.81254
444.32373
523.36031
556.26018
537.30819
584.16303
681.09513
565.90853
619.01552
360.62658
474.54181
541.65772
445.0806
391.36391
240.94901
532.8644
608.24534
289.00498
577.09489
244.07833
440.16176
333.63573
236.53705
367.55079
573.37605
505.95378
240.42249
510.85027
361.45687
623.13901
704.5442
759.48185
540.00093
630.79669
510.91776
366.15799
399.02691
181.93527
299.58384
317.03789
684.22744
525.99853
484.55938
541.63109
481.21267
466.4783
454.43195
340.36447
339.16408
751.60415
646.20208
238.96115
507.06955
330.43346
545.07686
598.99078
538.53305
387.34723
263.67612
220.67428
85.94863
449.5763
385.99543
567.1541
641.49116
204.32805
488.55161
216.39027
240.64864
284.83282
378.73642
410.9869
585.37254
415.49758
-14.845035
435.77065
343.20909
396.70861
285.43573
223.01578
295.60682
372.54434
186.89792
727.34925
426.57561
661.56886
472.15539
397.04595
297.71779
475.04865
412.3386
553.1313
534.08058
547.31572
594.09772
456.4757
372.38616
764.47572
301.72023
597.05495
271.8424
306.8627
446.70488
533.4068
640.14616
644.62509
576.56112
177.24393
425.31864
392.19827
409.01782
376.87048
313.66323
762.19719
494.15353
415.97607
537.44592
698.44964
738.40946
522.83607
402.04714
445.8847
582.87427
574.13223
344.70866
546.49824
252.80215
557.74388
471.57999
552.18561
67.992559
369.03014
419.36264
272.28092
370.01696
608.15379
313.58004
198.48252
286.07575
309.98596
339.84962
724.53897
355.17863
245.63796
417.54297
611.79205
428.80516
402.75436
361.93884
655.23615
733.27275
430.34504
601.18026
322.06067
369.98243
362.47834
311.87304
329.41008
365.75622
256.38983
501.30196
752.89479
481.60971
337.03653
500.55382
542.28231
269.13328
628.61672
521.30394
459.22021
511.06264
461.27347
576.55143
366.08864
383.18524
176.6945
402.75858
822.9712
350.37505
273.66565
356.61378
417.26679
394.38728
-44.515152
481.19598
495.56354
405.45307
673.00847
397.52118
526.19069
525.22571
332.06252
249.66327
525.86571
581.77671
370.14398
572.68419
498.38744
157.51686
490.37226
362.23068
655.33801
436.63355
628.77355
428.63473
330.77905
158.81444
407.39147
353.69981
447.91253
466.91032
758.39953
402.04091
315.51742
477.59255
398.10608
138.76609
404.11695
522.53618
494.38126
204.80314
249.40543
438.00513
478.71496
650.01997
299.96855
195.77946
425.49006
418.07664
278.00041
452.26939
377.03095
297.25568
674.02154
606.40267
244.80944
158.76828
395.47491
428.95355
363.28869
262.01077
353.01032
422.74594
543.34045
282.55979
470.92464
563.07684
273.31901
360.72248
469.42072
483.13388
223.90944
365.65924
489.81007
351.47555
582.69599
419.7366
377.99633
608.05619
524.02731
157.56609
364.85373
515.59056
321.92452
572.36369
291.65367
542.03918
530.65089
314.60457
297.96717
334.54484
424.13734
275.00248
490.07164
568.34074
494.8985
481.07309
388.75981
632.58223
810.55554
556.89583
351.15085
704.01769
229.24516
567.91266
406.83964
473.48491
465.15373
569.65788
381.30376
576.10417
477.81434
441.29978
337.4221
531.22259
328.76228
499.84815
456.34666
523.17147
802.3797
565.98029
336.10713
307.96883
386.74185
380.22993
300.25577
660.97206
491.81344
703.6197
409.38319
458.01856
355.80501
307.67799
220.46739
383.92388
585.89876
337.40388
509.06449
482.19845
392.33348
367.53412
377.51435
657.31969
599.6327
428.29013
321.75507
439.91929
649.30267
501.61348
493.8914
560.95605
546.43182
641.50607
410.80342
393.85407
208.78902
405.95965
491.87738
224.73077
607.73296
489.07722
573.22865
500.0729
383.85643
54.334136
588.27847
413.33958
520.27836
840.39686
426.86083
688.11115
379.2837
338.22871
333.1135
188.17024
260.44294
434.07319
144.94268
262.98465
376.68951
415.85547
459.85095
381.31722
494.41687
408.45288
455.90824
461.4283
447.19458
512.5428
321.45044
530.54736
482.66247
252.57674
251.06992
277.03709
434.07962
510.98553
403.09219
453.33486
741.50162
304.54315
463.45623
462.24901
723.55794
352.15482
395.91966
654.01396
712.54184
800.19248
673.52581
511.26464
692.9766
433.49254
525.86159
642.23333
601.15234
422.10665
419.73269
509.16934
284.90818
433.19908
492.07833
393.20734
373.41369
302.33956
315.27091
440.38812
254.00839
500.82745
447.36337
691.91849
469.89437
468.36974
336.57345
399.1778
333.66071
325.0811
155.65111
194.13852
508.44822
445.46949
448.02875
738.89082
527.84078
566.56034
522.11249
443.10899
431.1824
777.29064
764.58757
456.88131
569.35304
606.6239
715.16331
360.96164
327.16327
520.50602
320.9531
812.9096
565.49408
519.56964
525.8789
379.15483
591.79726
644.28604
517.89156
573.52382
618.59919
533.57182
494.50196
234.83333
541.34561
254.06634
899.4072
823.46665
387.30851
497.17445
851.34104
574.57602
546.24264
831.70518
730.52094
433.67983
393.63779
465.24226
552.18041
552.95536
512.12272
469.59619
721.48362
367.77791
601.63193
380.49606
512.96982
416.71126
372.26285
396.286
557.80765
526.99258
387.44722
424.61394
356.85192
498.75784
407.5372
215.46797
268.02164
300.00249
808.2704
485.26557
523.33911
363.48057
450.16919
430.37826
302.84985
202.07574
359.99065
303.62375
702.60406
576.31594
488.70593
392.38775
432.14719
297.08718
345.41254
103.02933
445.82058
509.19683
560.86263
320.95128
862.24412
422.2035
430.69341
205.82396
306.37338
563.56397
315.96503
183.51355
252.93225
304.72235
461.85511
433.68597
278.58388
493.01088
491.42436
715.25107
463.01488
416.57837
393.83107
260.96399
508.20761
357.71764
307.35637
413.56791
480.29468
568.78102
252.21862
351.30372
561.85592
465.37373
307.87815
247.07894
404.18114
512.97322
506.36826
520.15816
405.75458
555.64818
654.15191
360.73715
590.21141
197.86479
297.52987
340.53232
460.32761
465.78977
531.42308
559.21442
231.31612
565.77569
545.69863
432.77703
137.46197
349.9049
242.17921
248.30461
323.12484
297.61998
274.50141
265.73441
572.99953
346.40909
306.35473
300.46924
478.94055
627.28026
445.87921
618.68572
311.76721
282.94209
352.78647
451.81048
460.43976
303.77126
536.51879
448.04044
616.09616
641.60911
453.45863
714.31667
708.99569
490.85578
325.285
329.80262
448.89554
654.79638
598.37209
490.21656
348.74501
284.85346
331.70699
366.94758
366.21967
546.93195
600.069
558.68718
453.6123
619.00955
232.34495
270.59024
480.3242
486.84219
591.50841
762.38859
869.17819
621.34287
597.82468
701.87998
574.60555
389.79121
441.70311
334.83456
591.6764
491.65773
430.47851
494.71293
330.96614
501.14659
499.68208
491.97194
713.3532
472.12627
702.0313
452.88149
532.66197
552.57184
677.46513
285.54484
445.18048
490.8825
579.66057
417.94773
373.72362
145.89197
435.39164
798.50209
510.55185
455.33591
315.63962
355.91229
367.53903
591.95521
441.39423
486.44383
430.60109
408.82689
453.34457
671.40882
676.19244
474.71332
375.82914
559.68785
529.14868
501.65283
269.69063
307.47915
462.99629
480.39842
523.97203
484.97418
223.07702
473.45661
538.89508
600.77137
469.89076
473.15603
610.90225
665.49221
607.16961
593.94236
436.64199
479.25509
645.07853
257.72078
571.97993
403.00631
577.25278
391.60389
431.45673
344.06599
674.18717
400.86117
652.73388
435.50291
624.71843
577.28656
293.32777
114.69066
332.59983
462.31854
297.95383
703.51631
418.3732
442.30838
299.28754
174.1884
328.18967
464.49327
218.82298
384.39343
457.08322
391.99816
317.71826
416.97656
433.90026
442.45531
510.12636
634.86503
632.39888
488.3188
232.85017
234.37795
502.87753
557.1801
627.39832
545.63667
300.5506
624.26218
263.81122
429.74382
391.21953
182.77477
261.73718
232.3602
327.16699
392.88774
379.68955
82.7735
172.48312
342.68355
246.26084
166.60878
402.20594
300.07855
226.00624
489.45846
286.2578
271.43171
294.21011
389.51402
420.52037
412.60257
439.13881
658.36329
325.4338
424.10848
356.37893
300.23436
339.58768
841.0867
482.37607
510.03365
715.24211
537.54229
331.17876
515.93607
321.94917
794.87387
242.84019
424.98705
306.60772
394.36618
562.06807
672.03259
436.73709
642.72481
686.79063
361.93666
335.11588
89.061215
452.42066
121.49231
171.55527
146.05299
141.11741
620.60844
756.44479
728.89539
563.0193
488.33585
289.60303
692.45729
343.5102
321.67885
290.84767
324.18634
511.11343
707.15341
402.36184
331.60988
246.79979
758.74696
394.34372
706.8048
498.60659
356.06633
458.19111
552.51157
419.63259
648.61584
339.85326
329.25329
235.83112
333.13008
486.98519
514.00319
407.32893
643.57651
708.13648
574.89806
278.19249
627.83259
374.77872
368.61956
363.04373
617.23923
758.71563
788.88322
725.37894
556.57229
264.38104
588.62069
619.82648
426.86771
647.35169
540.13376
629.65625
789.84313
525.11879
456.37941
495.09429
456.32629
603.00728
517.3049
543.14174
172.11192
497.40907
339.63991
482.8141
418.19487
314.90999
506.19528
506.54801
381.33992
268.82797
199.15339
249.26228
227.1219
154.88209
672.97393
485.92278
429.32898
677.47344
595.48242
405.05432
270.10914
222.07917
445.97128
383.50419
206.25445
418.53068
603.79806
449.27852
504.14596
290.88167
335.07548
353.48055
475.16475
508.43501
324.39785
56.962357
534.83566
159.66461
529.96623
349.97347
161.2863
497.2672
616.91942
127.72499
436.29864
52.373285
396.22865
341.99394
121.97206
311.80066
436.96517
170.15488
257.87983
528.23496
314.14259
440.10938
237.36846
433.37521
399.91707
223.791
192.73334
573.56604
113.21215
312.21938
407.64145
338.49991
696.14075
526.52395
516.82866
173.50794
453.33316
286.42983
454.47546
338.14178
185.711
203.91791
227.99309
66.953596
467.37258
542.94933
267.15398
268.3048
545.42979
392.47969
409.95334
147.6906
648.13421
489.09147
608.53878
301.15441
209.68811
455.21152
252.7306
514.68854
599.99405
170.67275
248.69392
632.12955
371.13698
552.20638
595.15972
389.00999
454.70613
182.58434
170.5458
394.97084
385.23081
507.09901
284.68982
649.1474
549.24904
350.04506
360.48243
499.48497
557.81682
546.92639
283.34316
465.21827
192.66927
482.41703
577.07489
346.77912
469.76046
320.85711
304.58962
531.5341
668.48297
467.7005
510.15289
380.69231
294.75277
559.37881
676.33755
543.1565
331.03758
449.30607
221.23303
83.784524
236.41235
431.99278
537.34482
619.65067
491.78046
478.75283
398.68098
354.84557
378.18795
645.60691
571.95349
395.55489
384.02966
267.32713
502.69048
740.97149
803.14854
552.20731
404.03347
480.57426
356.2736
457.06018
325.70409
572.08351
611.10158
307.97117
121.80315
105.66712
529.8159
298.7998
391.18859
287.80636
504.85996
546.66457
417.03178
781.77684
199.55538
342.05017
495.02607
413.29235
262.25118
704.14983
79.297612
250.85849
521.61256
423.43504
149.17927
383.16361
293.65989
334.81379
465.18324
455.71285
335.40429
401.65341
288.66779
319.00355
492.62683
309.17628
295.11422
481.05159
193.64294
230.89
352.92979
559.77755
488.69752
620.99352
382.3894
351.9825
355.09796
371.94478
553.50102
313.57473
471.00098
526.30792
549.92402
566.97432
282.51869
285.08561
363.53877
255.39442
235.10066
52.014937
105.97179
210.79941
369.10167
441.73762
425.86342
603.24963
645.58867
391.02806
231.77228
682.31715
794.89301
614.23951
348.57966
247.04485
404.10015
530.13543
634.62996
515.11044
562.57964
302.38921
469.79062
328.73842
243.4427
358.97034
369.8652
568.55655
565.47082
104.28962
452.79658
185.30192
282.29927
217.72731
603.68548
503.14085
249.67722
122.85846
564.91223
408.26
564.11495
269.05513
203.07827
376.31222
356.32237
706.38338
692.58988
602.04888
452.5587
236.90022
179.6887
337.5939
351.76817
367.79917
587.40531
-65.64927
637.0316
160.01155
463.60626
277.30374
382.84048
373.49459
199.38653
489.94372
273.23665
270.47932
580.86167
621.76406
211.08336
270.84893
104.4744
377.74295
388.08469
353.51977
122.67526
374.25362
109.93391
433.07494
577.11878
571.04995
224.86075
283.77182
262.58173
309.66085
387.82182
665.49585
323.6437
129.09118
525.94274
372.4993
363.38321
108.78391
377.22372
457.20185
388.72459
100.12575
395.67594
439.66021
468.12778
435.49559
135.66147
203.09846
381.78272
277.37418
331.79634
435.73884
193.12236
497.14953
85.035694
249.38586
413.8698
425.93081
351.86869
98.601918
81.081993
301.50432
407.99882
387.02938
559.79796
436.93746
546.48344
398.81118
154.23555
169.16463
277.05212
355.58755
406.34625
185.20234
531.35847
583.49789
447.17703
421.97906
165.9825
137.15276
547.87723
497.87867
567.81962
410.20128
256.88421
449.51139
290.72641
271.87943
523.86388
379.32958
212.92235
448.44453
160.63267
278.36561
456.77878
370.42998
386.25501
211.33704
120.12717
524.36448
302.62694
388.48967
272.89217
588.19745
298.65823
136.88738
292.8199
231.63266
438.64482
181.62921
439.27011
467.93951
568.72222
506.60181
583.11859
596.91534
497.93696
329.22997
400.56743
359.63956
420.23443
554.63216
250.73609
418.39716
391.04737
521.66966
351.0964
542.33771
535.45311
323.32087
252.96433
429.14772
565.5445
441.91456
144.32482
366.65138
636.27982
564.93912
768.45666
387.8601
470.12838
587.80823
497.1666
291.61316
334.42541
464.78981
588.33747
575.35408
418.42814
297.1656
305.55768
209.96027
189.65063
737.16465
370.32971
685.43189
432.54047
298.61382
128.48758
443.63206
446.01521
548.43552
543.4463
443.44334
275.77274
395.57262
513.5014
539.8374
524.02161
291.46947
396.82339
41.671574
395.43153
231.11776
219.45836
340.90094
318.79278
318.8584
245.04658
533.66988
243.56202
345.49366
232.89818
233.99591
272.25897
143.4123
234.0857
269.73861
225.15001
580.41603
152.12312
465.84357
407.62317
385.96279
296.179
498.28528
275.64699
339.81406
470.43788
541.53037
206.43212
448.21979
786.26431
520.09525
415.97622
325.02648
336.87913
399.75529
393.66455
577.50003
493.8376
401.37208
312.0093
535.41027
425.00131
465.0324
501.45203
409.41158
212.69675
364.99928
446.65776
547.6366
293.87736
483.36365
321.16078
455.67251
433.89895
513.0564
516.03632
653.34881
297.09956
225.20853
397.20768
340.69055
420.87024
230.58639
120.1921
287.38722
259.05615
103.64687
228.54868
409.25958
256.63444
308.36549
419.45738
169.683
417.57477
659.22004
274.20331
457.9879
474.00075
297.46757
298.24417
439.55883
510.09161
256.5515
349.79189
681.80531
297.15641
465.11752
312.302
569.4651
382.38897
503.32274
532.14058
171.23624
410.52202
297.21272
479.25415
367.10088
578.12526
338.69826
370.35959
607.50918
644.04009
425.69505
118.54018
462.22392
489.95588
584.78172
242.29104
155.6625
688.69211
683.22884
684.88115
552.26687
517.70447
700.56549
296.92139
263.8171
319.58197
335.5496
588.22513
629.75968
322.93403
203.85195
436.47075
405.7236
598.28001
266.87825
298.19871
210.06946
509.61725
465.51869
377.17974
70.137233
248.53502
212.18245
275.97254
379.12556
369.19345
430.04079
473.20102
646.63549
414.21466
183.9208
357.60229
409.18356
281.79482
116.48885
245.07752
709.24927
370.93157
141.67826
274.04641
529.3964
519.81509
347.14116
389.19426
389.06072
242.96736
318.60422
459.60259
400.76871
268.21928
415.26002
349.36454
293.92187
151.57857
392.61269
411.327
485.83104
447.39574
318.44354
210.00015
499.36998
359.75177
450.84929
347.3201
178.10332
406.23043
438.78729
250.41666
474.4982
8.8184702
632.40524
656.80895
395.6613
438.78558
431.09724
345.41452
195.56676
287.37212
450.38001
368.32977
415.51918
386.44333
103.73816
584.74105
695.19972
470.02673
539.75806
498.15081
249.67962
307.90398
437.59566
258.89448
321.92226
540.72519
232.32998
231.60212
580.52441
167.30266
567.87899
424.56358
494.54718
567.70529
413.16058
432.96558
408.79738
419.451
628.22784
478.8456
526.19814
447.73989
542.2908
195.20264
246.28821
592.82717
302.69227
389.73027
521.23538
401.96103
313.58992
233.8489
323.09748
322.49684
351.37098
555.94997
618.48681
486.41031
116.86373
258.42231
314.66901
362.94379
335.48087
520.77282
479.55596
490.75234
404.10842
253.10017
266.4343
84.603946
144.43327
158.86714
414.20569
530.2067
354.98746
426.29025
432.08799
464.15283
288.52816
69.043144
300.22737
208.21066
364.92618
680.07029
267.94627
330.32097
239.46343
211.66652
322.20891
449.45725
395.17459
657.08125
361.82442
305.31183
321.05249
492.74059
686.68754
739.13993
507.68222
442.58978
680.49134
672.50863
425.43175
422.88121
373.61993
150.09497
108.80996
464.84312
594.57968
268.81102
495.12486
581.94659
651.99714
505.5445
643.60881
399.67017
469.09153
541.20873
193.80485
199.68802
593.52877
272.96559
256.12539
274.19783
331.6288
191.46035
265.24189
139.04043
709.44456
675.74554
486.49331
431.15629
73.917127
150.22148
529.52053
425.35717
228.11061
619.23513
151.84261
248.44646
314.96833
383.10508
310.27992
264.82641
466.54574
396.36801
466.54426
620.93871
575.6102
881.59725
335.24251
356.66948
281.8842
209.29715
649.84409
230.84313
453.82416
430.0083
222.32681
262.98207
258.6231
331.70238
364.05278
277.21853
557.35188
576.69504
354.32169
428.08698
377.06267
211.57687
570.56209
390.71504
307.70172
419.67
420.2092
306.51892
523.86291
46.597892
274.22354
120.34816
261.08265
379.16724
351.06976
713.51055
475.71951
523.99793
544.89997
136.22604
278.32176
83.660407
413.35344
606.86678
423.31104
156.43387
403.81613
252.36335
-4.5475297
291.42519
218.41485
402.82411
386.18533
813.43573
334.56317
594.46339
316.61511
277.82805
255.30541
411.20899
395.73382
339.59314
341.07529
230.80622
279.42762
238.26835
110.33248
352.16377
307.42699
315.01077
286.03686
416.91283
100.98683
407.62521
479.94017
353.45412
508.46061
546.65067
573.07806
355.24743
317.01829
480.8188
244.00026
314.07548
90.246726
349.33262
452.52969
319.57987
237.36883
167.35132
603.70449
28.06436
424.24391
413.60034
720.31928
402.89184
370.46109
184.37448
422.486
494.77859
350.01884
481.37862
484.95739
309.10793
267.49017
164.74506
344.65239
199.74012
401.50798
85.860875
405.31802
691.18595
561.18134
166.61604
451.38244
533.15638
545.76143
666.8065
549.94801
166.90465
421.49291
432.43227
533.72274
321.29374
611.04073
376.6246
466.7558
92.814284
350.65473
403.83085
563.05069
369.75063
734.60048
397.63852
420.25185
224.52289
293.04905
569.96757
308.6682
87.522494
200.74696
215.71219
132.77168
107.95579
127.58356
320.25767
396.38705
399.67738
174.36534
358.05544
571.99799
408.78056
181.61795
562.57923
296.29574
209.95722
154.9439
477.55361
374.39678
57.692113
139.61253
146.57543
188.19077
562.63871
497.93825
536.76914
500.94369
414.5949
347.4739
225.74363
359.2687
431.98515
287.30738
646.46604
637.50855
584.06907
126.00005
403.91863
418.04562
301.97972
630.16695
386.72082
359.98037
429.88953
142.91973
422.47906
230.76181
481.22728
149.151
125.93609
149.85446
444.77969
539.40483
426.90078
343.52303
490.50421
689.02022
476.69239
260.6313
372.5306
574.10772
479.42387
275.86799
360.51535
353.00037
535.3807
597.49645
504.15958
382.47636
373.81968
267.49181
682.95348
589.92998
83.475666
401.19907
283.09086
179.88057
379.05331
389.44352
540.0869
388.94394
254.05487
117.77694
333.13718
272.34992
382.1424
343.36875
361.54037
149.39476
296.85968
468.56222
559.43978
667.32151
504.168
299.19269
510.96406
272.85563
348.60209
438.64304
311.92123
322.77326
579.07874
373.49176
361.61052
495.60366
167.08932
412.49742
404.82878
316.00347
419.77243
239.97378
489.95805
492.25979
435.07731
647.5251
550.27981
219.45758
463.7922
498.2907
418.28055
485.75302
268.61946
97.091508
618.93646
272.32209
363.84787
119.22076
350.85273
270.46072
436.74508
573.63575
666.76746
424.93737
406.87199
488.21587
299.58165
364.9374
481.71567
377.7211
484.31242
227.08564
184.43227
269.0102
652.34279
699.42216
301.81994
372.92342
259.15637
330.65297
493.8937
549.73953
343.42673
506.04468
313.83903
335.47817
434.03139
351.08403
708.84194
258.29248
111.38509
366.77047
382.15217
297.38545
541.18021
206.19571
382.07031
660.51461
415.42084
697.8841
670.58766
481.08225
299.03284
259.37734
348.55452
-94.829524
437.61207
368.10015
388.76445
355.70008
356.05708
203.74207
401.95995
152.40232
193.81133
444.89404
391.63082
337.78241
238.33795
215.8687
359.06337
390.89836
442.65885
229.17992
302.96957
499.79713
483.56799
472.0945
335.76268
258.12256
46.515891
188.98651
505.18874
266.25068
270.66407
124.10562
479.70934
313.93551
346.31591
333.27569
578.31622
642.92653
564.54908
595.31127
487.99674
437.87942
248.40502
64.137146
233.62586
324.71042
128.85537
298.30423
360.22185
651.5713
627.99571
644.04949
212.12433
311.22625
352.77598
393.07291
431.06818
235.89818
420.88641
475.4632
405.00769
327.73041
475.0911
549.14859
221.59756
318.5839
451.75991
471.55247
400.26023
250.55695
233.41716
411.21301
396.98321
308.07011
314.81659
337.41789
748.12731
574.44495
-16.569312
142.28166
269.21114
533.69644
331.19098
465.12552
432.24586
415.42895
435.50026
370.41141
281.58535
439.40418
225.3516
383.22134
490.06448
236.29073
549.99463
564.10226
343.44335
201.05395
489.11885
499.35251
629.85144
419.08419
399.60397
487.12806
546.26867
564.43608
156.87074
515.91457
176.57811
286.01255
440.83685
248.41519
642.79147
90.717095
367.78815
190.98835
346.46207
394.46299
658.82142
311.43825
351.5115
294.25167
565.08053
358.81085
353.79585
34.366146
106.1446
170.02783
162.55206
339.80337
486.25764
391.26433
404.72151
483.01794
342.28553
533.95778
316.80084
601.19811
81.095192
680.07694
406.13209
280.13832
506.34744
525.47888
607.94568
38.133598
490.04499
453.45984
359.21551
322.97973
415.66509
449.68979
279.51739
482.1199
182.91339
270.65367
533.58173
-17.302013
86.394687
193.24223
250.55967
316.84943
455.50295
339.50438
466.44227
296.82353
498.01808
612.31153
348.20043
396.41594
224.34678
314.14188
278.53131
279.61796
247.72641
332.57815
139.5724
482.92657
451.34869
464.96548
647.19371
37.164109
600.70793
395.27511
386.04242
580.7812
612.49168
422.17136
510.62812
601.47549
320.98672
153.55753
328.47195
125.50572
303.31467
259.81242
325.8682
533.58331
183.81748
335.25795
546.02283
435.10871
332.94344
600.48761
554.73892
446.02542
473.50354
815.46052
458.70726
441.92827
283.9215
511.02907
278.04621
251.71585
619.13071
463.59968
474.53829
395.03689
227.0858
169.21248
509.07817
690.28077
444.60349
380.92653
135.24476
247.21697
252.0136
364.10662
212.76042
300.78763
498.06187
347.72177
446.40665
191.22073
259.09272
229.37068
340.42199
171.33164
572.08867
352.14733
493.43831
318.93314
522.47791
277.33246
446.54485
494.0398
466.45722
223.90259
694.58923
530.54824
428.30275
443.20383
372.17696
317.93783
490.59467
234.67203
409.65089
398.38869
349.14902
342.04186
360.1146
302.46362
311.85861
453.03113
773.29262
348.37233
425.13561
352.08135
354.99341
631.95928
485.57162
373.27313
417.47662
478.10562
206.6056
386.40458
494.09991
280.70394
616.64536
499.60993
367.76747
168.91997
333.68092
240.19367
306.83024
338.97347
272.78965
424.84182
290.25851
340.03443
379.04916
266.69303
599.57689
401.44218
30.589985
256.86159
351.06306
562.86085
615.18491
388.37141
456.86927
450.00301
445.84373
393.44447
451.42155
436.26255
213.70446
480.83848
688.40434
310.26968
157.49289
499.00133
211.30747
80.759318
347.98832
219.27964
268.45346
400.06384
306.7335
45.675514
139.21816
390.05122
245.24395
573.41378
512.98826
332.09389
263.52471
501.87224
529.29832
461.20858
435.11951
96.302933
239.61487
438.58499
288.90437
428.00492
400.33243
596.5841
499.6433
407.23662
480.13941
402.50883
162.67395
203.92928
554.28522
608.87416
567.68216
443.31138
241.86563
197.82397
512.31191
185.04103
234.50759
610.07522
380.24975
209.24956
292.08509
393.61177
478.41972
562.07204
432.9436
305.77686
517.50915
510.81035
398.71754
471.45121
473.39758
209.05134
259.54295
292.86347
397.76096
233.27073
273.60414
592.0014
441.81585
322.64702
184.26264
326.00099
450.93824
382.21062
329.10425
460.62002
81.944254
229.13078
251.2413
350.26916
493.75956
525.83341
308.92918
212.52659
231.06604
652.92771
140.65945
241.28114
432.23966
187.79783
229.24426
305.3571
432.44207
317.89721
292.88225
442.37804
121.94213
471.60402
415.18244
386.49984
266.59114
123.95204
318.98578
394.5858
384.85892
264.19124
336.99003
464.03623
617.36814
356.80412
452.16903
205.93042
273.0016
437.07587
465.47115
543.27795
542.97135
395.86549
12.914659
317.4007
453.93956
432.57482
-39.753132
243.72565
495.30386
608.40718
527.07647
547.42308
219.88061
517.17183
378.54642
37.83023
438.6886
402.22732
455.09103
396.16103
479.2845
397.40345
355.17719
538.74688
211.64672
411.96827
415.33499
241.46327
353.33296
398.64352
413.46922
508.31011
122.35678
733.68354
241.22114
131.37539
390.70457
407.20868
421.45278
462.72748
337.16626
585.22046
280.66138
394.45262
420.78735
353.65593
250.29711
348.70884
497.94529
133.54936
447.48506
568.54574
269.23354
576.96841
428.27521
121.4685
638.06655
410.02251
376.51725
366.53182
166.1908
578.96535
242.59321
427.95073
380.15348
293.18546
381.16506
437.84103
393.27918
598.01966
120.10826
552.54321
527.39095
358.46786
494.1352
217.06784
190.60234
541.71769
518.17633
504.73794
473.58847
463.13028
438.18846
-16.533054
388.36525
424.34566
358.14687
540.51077
192.38616
248.87803
148.87697
627.07365
297.10342
561.29863
244.19264
326.38444
270.83227
303.3925
43.86942
217.45825
250.51668
272.89261
501.49028
138.69895
157.46172
287.19722
372.12412
533.59558
584.79379
503.70258
369.79977
521.4438
602.92772
346.37454
360.93469
235.52178
30.494007
420.75286
428.52751
588.43116
379.73337
683.24654
410.95696
509.67642
289.41723
310.50192
309.94908
168.79637
234.13442
300.31318
353.85131
377.69855
575.20753
343.6579
521.72874
312.28326
275.09829
341.62622
-36.966229
300.79633
444.26354
175.32335
302.23476
102.21121
553.92025
420.10888
449.42264
456.96867
536.65991
212.0019
405.3325
518.03412
363.539
317.70664
570.72485
511.57836
384.72253
197.07428
467.64953
410.57509
380.85415
95.63229
335.46083
486.37994
255.49103
416.36536
376.19421
190.63354
394.52649
355.59531
490.8109
399.53612
463.42577
444.53694
506.65294
369.09644
424.12893
269.08064
608.22706
485.60907
428.36079
115.73827
241.84785
433.57203
456.30921
98.586046
79.715782
523.61025
315.87025
565.08603
667.7062
547.50208
157.58127
253.40649
508.6215
263.66731
453.9161
527.37156
389.49395
153.32165
365.27371
511.16663
680.95803
-58.988398
30.25725
401.4768
332.06913
128.50339
523.03739
490.04781
481.69742
438.87894
538.20156
420.79292
470.70556
423.0804
686.41769
600.00953
259.19201
315.77137
291.71672
363.93358
483.35205
546.15294
527.66834
191.6753
546.00972
604.70512
494.79262
602.00552
312.46079
524.27317
646.19852
393.7867
237.99903
317.11637
394.7742
115.60902
448.05494
183.00799
431.43371
279.09802
137.10485
561.93938
376.43685
358.4847
361.96987
570.36969
452.8322
511.84658
375.34794
625.10252
326.47993
246.97575
245.00079
547.70872
444.8183
544.60059
234.05196
602.91679
387.90484
321.66635
297.04865
187.14412
112.43068
228.65813
281.82007
241.16127
387.14004
237.3516
340.13213
344.61265
345.44863
327.90819
258.70851
447.99251
214.58046
454.80861
273.7384
507.7295
227.14467
392.92478
386.61695
431.61305
178.62179
398.68918
84.067308
311.7267
444.38598
401.64034
502.52059
388.92426
329.42856
87.146787
524.10616
348.36936
502.84775
174.71962
175.34548
527.91787
416.3527
365.60456
190.17534
90.208631
411.46319
385.95911
616.79567
305.45882
396.71976
468.41337
610.17851
498.16224
120.11127
212.70646
484.89785
299.71256
206.63602
170.6831
480.85999
337.60801
324.30776
305.3821
194.46696
325.40202
92.345709
297.92804
311.84757
447.23126
546.46011
200.44333
362.75405
289.50506
179.55564
442.61246
503.16258
520.21411
234.24861
409.5544
348.90123
454.30097
438.71457
520.60964
534.38387
252.44802
335.83656
529.23023
416.93269
585.74039
670.22903
349.28652
587.59659
284.8584
646.37203
495.72598
401.6301
867.52596
508.81369
608.65913
347.30625
223.96765
355.15792
301.75481
430.58825
392.45629
456.78024
63.985081
286.61775
212.7011
354.69996
817.29244
471.1679
426.77033
449.76367
219.91123
595.08916
365.91531
635.96796
317.56369
456.84006
403.08602
420.65486
206.85435
184.55345
256.70065
390.38389
566.2079
381.51054
327.51061
407.75869
-26.591106
380.29934
355.65782
456.6668
365.64705
360.27921
369.59641
422.75154
425.93645
446.97516
199.30121
368.20385
590.40938
272.94226
283.09734
260.8709
96.429028
248.56334
408.24705
235.84472
389.31374
344.68283
386.53551
158.31959
336.67646
159.63683
207.99401
338.81668
387.36564
363.79909
239.4671
463.14072
399.44353
573.07316
435.97161
164.88617
845.457
657.19079
502.13291
352.38436
381.76106
203.10514
445.95598
58.401304
381.99678
237.69679
261.4806
506.10749
506.55066
609.28359
440.11463
332.55331
296.10252
265.25028
351.52413
-3.567081
528.03289
340.27708
416.80378
697
130.38772
208.25674
348.72858
456.96965
512.10667
523.01226
406.46604
572.37527
426.65932
245.64529
369.22725
351.7434
524.80551
534.56597
369.65258
383.73649
205.32072
379.97438
396.55442
526.67686
369.24218
390.93906
488.42761
225.48324
503.44507
544.79441
370.65695
208.48062
354.40078
270.05965
475.42021
444.9915
233.88894
272.5059
358.11683
486.41837
439.77694
554.98511
409.32242
298.43514
326.68703
542.13062
535.19782
545.34249
281.68592
384.47744
179.88283
516.61705
701.84471
410.68797
468.61726
211.91181
393.96732
245.79963
279.61467
301.36959
536.30652
444.1063
80.196051
339.87068
280.52114
252.16825
103.90069
353.62984
445.905
345.15003
353.97084
220.49774
541.47881
657.17569
218.56681
503.85876
275.16415
464.75689
299.58515
405.49598
343.1923
542.69823
479.91029
466.19636
640.91168
416.31406
595.21223
360.3101
319.67173
439.49319
277.34927
139.12856
399.49557
338.20345
405.25986
550.87958
277.26902
327.76758
345.16782
463.58561
184.04314
554.40331
340.68049
684.78057
343.27332
322.17274
357.71181
538.51886
446.87532
175.45719
614.70612
514.33465
254.65004
608.60144
180.60905
529.84994
399.48356
302.33698
674.17359
678.24242
588.14796
532.1311
459.20967
308.10533
650.35122
451.75184
322.17962
293.13975
350.59003
327.00456
291.98724
175.03367
278.04167
464.51189
494.16311
307.78572
212.87559
191.31973
431.6794
808.04149
357.70102
348.90632
331.2533
624.45092
547.3747
428.63582
560.84961
444.50172
130.04289
373.98611
318.71913
542.55249
459.29925
643.62695
547.36601
364.95951
-39.173398
518.78374
348.94362
296.55033
324.02847
413.05307
443.6261
567.34798
471.47308
384.75805
566.62432
404.63959
510.59543
332.54993
238.01305
928.43731
285.30825
483.70024
273.01721
327.42751
698.5295
430.27526
365.23919
540.12766
404.34148
558.37177
628.58538
560.97917
414.79814
624.94832
372.37946
522.02063
550.81783
405.11316
388.1255
229.16025
233.30862
509.20311
423.47984
119.56254
234.42276
255.74058
476.89799
458.48173
491.25654
652.65466
392.63861
587.70668
350.13768
497.45659
387.89131
363.51248
424.73141
313.0262
348.54133
266.66038
268.37905
576.10125
431.59648
414.22562
338.01955
602.74848
596.34985
415.4968
415.74536
479.2338
99.385538
447.99306
665.7624
644.56064
585.06051
537.73999
165.47949
206.92567
538.47688
202.80451
547.84819
379.10447
396.01151
452.35383
436.96264
421.63655
412.08344
647.11291
376.36735
164.34442
360.74557
639.52816
436.15795
448.05185
596.21397
557.01103
414.60399
361.34724
317.30236
524.33056
594.73165
496.18385
200.57242
539.52759
421.395
294.24104
275.064
622.86491
371.81085
141.04022
377.08592
502.80795
421.7687
619.12387
360.65467
638.17396
585.17164
435.28956
579.49618
579.55449
412.8594
720.25312
411.23215
323.91013
249.6657
431.84145
428.34555
502.58922
599.2009
103.31135
195.32618
381.17465
288.80663
327.85278
406.59062
400.1183
449.6725
658.56548
337.6337
448.01577
353.10095
483.87101
73.301138
301.80031
90.174964
609.02715
388.52313
407.85034
392.26131
561.25322
271.91046
473.26972
315.3305
342.76384
338.41266
481.30125
220.6748
303.49345
155.86933
379.26695
414.19181
467.23359
722.29277
410.6621
374.73171
480.89644
650.98798
543.68126
689.55848
357.16882
207.19899
561.04998
432.56674
406.38203
-11.834193
3.7172081
400.76797
547.59997
507.9517
244.4479
194.42769
631.66047
86.995843
199.32498
293.14994
197.70829
282.16778
237.72318
365.71848
477.31837
738.88524
447.35667
92.585683
-127.89832
216.21533
399.50878
250.92943
301.08566
440.47636
303.4782
231.25412
289.01376
521.95231
508.89019
265.16323
590.63238
272.84235
201.0129
501.00225
359.96129
432.53618
332.17725
582.30661
573.88447
625.47816
525.04585
489.75725
231.64173
288.14191
778.39537
376.04669
337.96975
392.19381
600.90971
354.20417
268.72633
263.04033
278.10198
371.82315
353.42638
327.03211
645.62202
419.78152
269.77694
310.97122
383.43082
305.98945
617.14713
711.62424
462.20088
589.77191
392.03357
216.87741
12.569934
109.52215
396.03942
261.84362
425.86528
425.88664
390.40273
362.64891
498.49332
468.58007
228.78962
262.11903
402.4211
341.84402
225.71892
410.07162
368.12588
244.60224
187.07095
168.18627
499.2993
334.65428
597.61318
582.30195
331.38095
188.28629
336.66936
236.53328
334.23624
505.92656
209.50302
212.03984
552.18523
718.70468
435.40518
386.52159
428.70794
437.9306
366.64421
320.7035
478.90191
268.20845
404.13932
338.9179
178.54387
414.16288
481.7721
329.71729
436.07605
376.42608
319.2714
50.143121
396.49799
288.95947
430.49462
322.98549
503.05413
346.62472
582.81857
396.23951
436.45187
287.77402
547.7601
403.44008
313.19474
241.88399
401.71454
370.49676
446.20589
232.21504
384.75578
306.51181
510.69966
521.86212
616.51806
397.43485
637.08581
235.526
321.55136
424.09059
250.19878
292.44656
319.9333
565.82721
331.8634
437.86029
618.1214
189.81947
322.05406
258.03489
528.51378
433.8821
330.14934
227.51761
154.91522
330.44397
203.68705
489.65269
459.7973
608.49971
530.09189
498.97643
454.8885
375.61896
556.83311
589.80252
367.70033
360.61422
405.56922
275.60482
359.44061
599.18084
536.18146
385.05371
466.39553
214.56097
536.74308
321.97513
266.72929
204.4137
262.84833
470.28679
288.54497
346.26889
355.36977
269.22082
219.6958
482.9658
393.17091
574.72001
610.23919
262.27915
544.59947
438.7406
490.90619
346.48091
391.33318
474.24144
300.99464
522.37919
472.72329
301.49583
308.20569
616.65419
477.74961
382.08868
400.4854
522.87441
556.1314
473.29553
297.94837
520.72059
504.69141
253.89786
546.23046
488.44991
443.88226
490.42877
440.88976
476.10635
243.32569
565.16028
314.96694
379.75643
286.16439
453.64722
717.40053
671.44342
629.22968
382.41645
535.94795
307.42969
319.81358
194.35326
486.5112
409.26198
358.75603
413.83717
268.69234
310.89538
293.9793
334.21528
141.59001
468.99689
293.82695
280.84166
365.13944
379.08871
244.5877
236.84896
350.55726
385.20598
530.57854
268.69276
310.77942
450.07574
564.57659
674.77416
505.39003
583.96763
695.67656
661.17938
353.77635
573.29446
405.14849
255.2981
158.29473
363.66413
433.8354
497.51954
95.914069
396.51089
368.24686
163.39285
64.088524
122.74926
358.71124
447.02141
526.83004
577.72665
375.84593
539.41481
438.25694
434.1064
461.97776
523.20805
436.46639
182.60315
69.297928
435.17116
272.68313
385.28384
589.32338
598.11689
411.11374
170.3071
411.07532
166.39286
621.46507
468.03092
639.71165
407.34756
538.63076
258.97822
256.46573
299.43677
102.62959
91.613654
578.07298
391.67676
495.8082
467.19132
368.13329
230.20767
538.5675
413.53748
525.9379
182.02412
353.96808
200.8078
234.49418
299.81525
378.5198
365.16287
386.57403
454.86054
223.43543
538.48138
326.16342
474.21708
516.03058
274.80037
76.527927
345.02882
503.68625
63.210647
118.35454
418.26976
671.66384
453.83611
536.12472
444.7359
189.01981
489.45351
634.5652
395.32969
353.00242
130.39461
528.41914
130.63196
356.60251
273.68331
350.48731
485.29461
284.79291
273.17129
429.57286
254.89005
185.55386
308.91515
352.29448
486.04204
389.45182
352.87371
544.8594
365.79168
326.48785
387.89662
558.96026
324.69914
279.38246
3.460485
205.20838
530.79275
398.29005
509.6952
332.84138
216.6612
197.42137
197.03989
219.30593
500.72995
261.23717
115.43037
567.58662
291.63099
147.21826
192.68777
96.787267
220.80924
304.73541
364.48493
503.59992
229.24712
231.2623
281.00295
288.34199
326.99363
403.74885
331.26888
129.28411
254.18817
359.28405
525.83123
437.61069
505.35723
775.85463
467.24465
517.33906
331.39095
369.93651
651.13348
394.43091
344.33421
327.85662
309.01407
422.13193
394.80928
282.66115
269.50708
195.6474
424.69844
506.44804
677.57291
306.46038
615.77476
462.33666
185.93771
436.76363
465.22888
196.34421
489.44332
502.09908
426.33034
323.91883
410.6312
444.02795
528.1308
666.1481
92.422377
404.29854
267.64688
267.77902
418.42289
606.22185
432.22631
527.65851
352.11699
514.40583
243.74651
307.84024
252.74817
389.66037
273.88292
636.93625
382.36144
439.4192
377.65768
365.56
259.87643
179.65053
170.77849
343.10332
439.6695
485.02957
672.78282
589.78518
330.83369
416.20354
314.36581
487.88173
357.82594
332.09789
240.22287
348.37785
497.47292
426.46092
269.34673
328.75434
240.13003
314.22875
525.48144
508.79606
459.9875
330.7841
367.8116
339.15083
397.81723
414.32235
325.62708
340.79314
325.37705
506.42823
227.31669
663.44571
676.97086
297.91744
518.99534
617.14017
572.27451
268.97635
319.41361
314.01996
253.98508
505.177
459.71556
345.62131
532.75933
445.44179
228.74482
149.33897
341.4552
578.13597
391.67583
454.49231
571.20937
305.56184
413.43697
282.12192
360.13759
338.5853
428.50864
353.98227
475.83779
303.74406
602.32258
633.02526
414.15429
522.03085
365.71403
405.89933
93.301862
612.76812
344.86118
445.05087
174.08161
377.06271
306.36745
471.66933
582.08434
455.44207
417.47948
461.83428
302.2662
311.1209
490.10051
569.69749
477.84216
470.53423
367.95484
646.0002
323.53824
336.66197
207.57496
286.00387
371.93342
443.87931
431.69607
310.24585
366.50083
285.60707
203.2592
257.55361
179.0424
243.89982
184.07415
259.52688
254.93269
489.37343
561.79462
361.50856
364.57798
392.567
292.25148
392.49869
472.14344
414.03884
358.7681
501.13161
293.9797
760.24577
286.20189
418.80508
231.06786
298.91175
293.28172
447.99204
326.824
312.32629
432.55322
449.39833
507.68409
541.08326
186.78238
330.30633
481.29076
383.83834
482.56727
64.234647
610.75644
536.9849
394.87583
390.69148
550.64947
220.35093
346.48419
290.12541
266.8881
610.91619
409.41
412.39974
223.29053
276.66689
234.99426
176.84774
275.07375
515.6763
533.4597
466.28578
119.19082
167.06916
524.89564
450.71189
475.448
327.68255
221.90244
423.90504
475.50641
406.20324
748.51143
401.91835
401.9648
217.75861
501.42979
433.29522
417.67568
566.62981
600.06721
189.19563
229.57493
267.56999
673.12899
641.26477
324.37939
95.48587
443.2475
298.39884
279.0007
337.06975
225.27111
96.714429
390.39914
188.30244
169.38141
264.50576
237.75479
459.66757
291.31829
248.61702
275.85581
190.61484
404.54103
170.88833
340.50879
755.61467
394.53588
346.21416
513.51669
416.32195
293.0175
237.08959
364.12502
365.03958
366.84872
103.92568
520.70789
355.03909
634.89368
504.44829
282.53411
543.86843
426.13062
554.97895
544.90133
290.81902
327.06033
396.0162
331.57951
257.6432
398.09262
332.83839
409.36066
325.58216
553.60815
328.41709
460.2411
618.25687
467.63089
491.89697
224.42425
245.39249
379.63945
534.75593
374.49258
484.65866
423.05541
340.66871
383.68227
468.6786
498.41775
445.28693
548.90886
289.6427
406.41126
470.47938
280.14281
603.27682
555.78835
424.56156
376.15032
328.30384
325.3952
600.35606
575.18793
454.27463
549.32059
315.44818
446.63137
386.66479
408.50954
502.00814
505.08752
569.60279
395.23898
338.9564
226.21207
359.494
593.70629
715.78341
452.1044
199.51841
370.9403
424.93211
478.37528
359.23843
439.47316
326.84491
219.2131
444.46419
538.3877
504.04933
314.91755
273.96723
461.17404
376.36309
581.73965
545.04874
421.59825
409.53598
488.7755
262.98371
406.96851
446.84973
270.17605
603.03148
737.90082
651.73525
424.68659
538.88871
701.7673
262.58852
259.97241
325.57425
666.31902
686.0301
409.43222
495.87389
486.62466
469.85738
615.1184
526.2611
416.62455
358.43827
424.62399
236.46677
416.77036
308.87367
297.01188
393.01071
325.47356
345.98588
17.783858
281.93184
513.48885
418.97021
281.27432
329.54188
619.87455
205.93458
292.62987
475.18865
123.77068
338.14701
497.78588
431.9802
209.8422
480.19103
608.61625
346.70715
536.77969
601.17924
446.59655
216.65206
184.91251
515.2426
346.99967
337.89176
412.81028
404.13193
451.71787
292.74703
613.10443
464.14156
423.14841
473.00305
488.29531
562.25368
130.86603
159.22622
268.48057
285.42136
288.8108
265.10405
323.34358
252.56381
473.67265
264.10491
375.49518
392.90018
400.02551
471.44526
261.00332
509.69053
97.747215
111.31554
722.78658
615.41192
689.75511
692.16709
457.4939
388.93099
285.23775
429.3599
529.9089
52.974205
149.72637
142.71955
608.89951
366.94563
513.01874
402.56471
480.44682
219.90977
310.26553
344.53706
606.23817
669.29862
305.91305
332.93102
426.37221
482.75342
217.2221
408.91465
176.12254
272.23208
89.279704
299.56285
265.2963
168.53172
41.754504
514.22315
219.4108
551.71391
276.09255
227.35976
186.90119
349.57979
446.1417
132.32807
219.74004
493.98648
464.25725
425.01071
624.39529
528.79503
464.38686
307.75097
375.39
616.48549
365.8533
401.4583
350.76593
295.94223
334.06647
378.60122
360.3336
267.59303
310.88798
409.05116
291.03241
542.47326
224.05048
390.90306
420.9028
320.17994
460.29484
407.71542
422.92248
576.54569
214.28569
198.11679
498.0588
718.90253
413.71583
522.91255
577.63017
457.20547
321.98441
201.74498
395.48057
480.79884
285.73332
269.94293
293.81619
173.08153
425.04972
420.43043
122.43295
247.69799
275.75301
312.05724
436.07614
356.98074
435.58596
260.48698
472.94014
326.52475
366.5964
418.93012
327.40714
315.78609
548.59725
642.25678
497.50242
202.16026
207.26077
319.58647
426.68707
378.88205
458.70895
345.91128
308.58081
559.66982
321.69371
142.97411
177.6984
300.55892
410.61891
486.55344
272.2793
341.6961
186.66452
627.54823
483.53406
147.48389
314.92512
513.74308
513.07899
133.04117
521.08315
420.33292
298.15563
434.31249
497.93514
631.10572
581.88828
213.94635
251.77871
205.77685
387.9954
240.90923
199.27074
456.96074
705.52696
682.77517
359.44549
402.13944
432.83672
623.69643
589.37467
509.97704
378.50334
299.83759
443.93275
659.77216
520.05502
502.74948
327.02426
407.0922
324.35752
376.99627
348.44227
168.15389
279.49114
683.68722
553.38575
510.17185
713.23052
518.27695
814.30429
580.2788
453.63364
466.50146
355.5587
371.53095
651.99264
546.58118
781.83218
298.68448
619.97444
251.27601
285.61713
291.74355
649.0991
424.56449
474.80713
482.37195
433.21358
358.96335
521.04948
339.55229
405.40431
430.05799
288.78723
353.9942
296.92906
154.43151
552.73386
285.04557
443.20987
228.89416
84.104377
421.15545
148.90313
194.25294
295.93617
366.48931
401.72259
459.14939
235.86249
142.03601
422.72508
653.69808
421.5052
160.1745
359.62364
698.24588
257.20155
448.0594
332.77312
694.78502
460.33197
233.99749
316.41662
302.51413
436.04673
608.88866
815.14716
521.77444
280.69695
322.99676
62.428488
320.74382
501.99756
286.94949
300.16983
164.92146
532.03034
548.50989
950.97708
683.85349
774.51545
370.33323
572.54095
523.26527
290.47365
475.80081
294.89667
457.33504
653.04739
309.61679
488.37197
363.94236
327.02189
372.94896
656.4967
756.74042
462.6059
514.6836
228.18164
308.37098
368.8859
351.1441
450.11991
327.90652
758.5591
366.27791
121.01
347.65988
368.9274
385.50029
576.35388
507.81592
394.64212
448.84803
307.74256
286.9031
425.58924
291.17982
205.29667
129.83032
133.36446
96.615333
173.23362
455.68125
489.25691
408.33943
190.37964
568.16506
283.25774
430.77596
540.51819
563.60497
553.66196
547.42929
633.53008
287.06716
724.63194
306.47403
85.132022
234.68699
530.19556
344.88572
631.70857
273.75933
389.03248
189.45413
578.43258
558.36656
523.99378
281.66638
252.253
207.59189
347.92072
162.31641
331.56635
394.82655
189.14897
764.25136
474.15787
313.16066
364.47963
227.57983
122.14531
556.95521
347.79846
608.78145
638.27626
488.27541
365.6133
588.57799
526.31375
287.16732
139.53225
159.00175
240.41828
309.4902
705.67419
510.52867
94.775225
505.91942
367.92622
261.45761
382.19046
551.20954
678.38775
256.80414
574.85637
526.37099
399.54619
428.07183
448.07801
192.74963
868.41425
588.91104
704.09103
243.34956
154.66629
142.12013
471.77571
597.30623
385.3153
482.75939
548.68554
534.68606
293.37149
230.44589
382.60744
365.15366
352.50952
441.57575
239.91187
449.43486
215.20319
472.9521
350.35605
521.11148
467.58003
721.32502
366.05296
263.33244
315.43347
273.34992
362.17813
305.97752
501.07278
563.1881
621.4668
445.2785
308.94478
246.98193
356.32062
478.59312
448.11164
268.80958
284.59996
346.49735
491.62425
496.1412
496.03683
107.7437
337.70465
625.80238
703.43579
553.98148
437.95231
578.97808
429.97404
212.83147
406.16306
339.05219
198.19312
599.81633
454.32591
265.56209
346.99378
285.38715
258.59305
445.63987
252.78611
499.73146
457.66351
565.26978
397.57132
304.89181
598.31886
197.70217
444.97579
401.49309
559.8533
427.34329
517.44609
546.13077
423.42724
195.91857
152.6507
101.05009
160.27997
371.769
337.87228
226.55967
147.53671
527.12762
259.93023
525.9814
795.97347
568.14224
271.41794
581.01547
439.70762
426.13088
475.44485
558.40654
243.99956
200.30886
491.16179
462.50948
37.263823
609.99753
291.27551
191.18306
214.66577
329.83858
481.67843
467.674
398.12707
303.81155
392.79128
524.04547
301.36184
514.09136
368.51865
100.47387
568.92677
510.37355
449.1395
504.38901
304.65688
165.55358
275.10386
435.28319
481.26406
283.66691
462.49615
193.93566
193.10829
285.03343
292.02553
339.13501
504.1778
440.37348
544.57172
375.24665
111.21696
563.43299
480.20249
556.28056
300.68193
307.70711
416.09221
238.57066
331.39295
513.4295
263.0309
279.67396
315.7751
336.00009
414.69475
173.81212
527.92334
569.91687
325.88508
188.0387
469.43428
404.00387
460.25669
219.12373
249.25406
636.52489
350.79408
235.30376
11.301915
310.308
267.62153
258.55909
500.72279
313.26964
312.43442
199.97521
504.1649
647.47244
459.10312
486.7686
395.10903
407.74961
148.38569
340.2256
144.88896
349.64756
509.50358
333.93915
215.18469
344.25264
417.0768
334.5568
568.50956
454.78126
570.15891
643.22424
564.88992
238.03048
402.19194
444.13629
493.5509
272.67945
355.63419
239.61811
398.66171
448.95858
644.11462
357.89054
256.62784
290.00167
367.03618
190.63263
419.66748
333.37589
696.15965
345.3229
335.41038
475.02914
492.16298
429.62089
594.13445
438.09686
539.88553
318.305
530.60745
291.67389
190.42269
387.19903
212.15114
320.02557
129.33325
288.64137
454.02922
150.26918
569.99979
445.78775
434.59217
562.9309
430.53563
538.35727
460.89398
284.55557
247.01905
212.97541
406.64964
232.56288
299.5967
254.89997
268.98917
77.646087
440.35493
164.60299
573.53088
388.233
351.98176
436.93516
526.74125
284.02029
424.61835
284.72072
138.87016
426.59103
381.54267
523.46225
349.54027
377.68408
219.94756
317.09781
163.91369
448.06415
441.18908
570.64069
563.45355
204.24892
687.16176
472.02058
390.55644
295.58334
547.17926
347.25923
470.68413
308.10184
251.78028
553.37899
347.67514
171.41097
539.83728
400.71418
326.96394
338.43071
151.55821
-13.505493
294.23262
407.69617
426.91541
239.38464
315.71526
209.07527
362.22234
365.87474
511.31958
549.97733
413.85321
388.98143
137.09123
198.65316
579.85637
558.12528
425.62336
289.04029
582.44351
225.71513
204.6233
210.01529
421.17782
390.01252
292.84553
463.54851
506.33311
66.30449
393.65201
513.41809
318.35601
444.20097
945.30769
203.20918
141.6103
501.83927
480.23321
403.56787
479.50851
296.53373
486.14685
396.61457
385.44594
485.05521
343.5208
652.52399
434.4312
266.27086
656.04598
462.56583
379.15548
256.71314
196.58559
232.72678
481.4091
262.52642
318.24426
351.68514
430.82637
391.36143
452.24645
316.5357
114.72149
460.16921
411.67543
139.19796
464.81384
316.52804
392.84292
613.67504
623.74933
522.72974
265.98911
431.2453
302.91002
335.56292
129.52809
455.47301
498.20532
88.097638
244.87968
283.34298
283.08851
470.46584
318.73727
571.66131
614.74577
313.40746
254.70561
300.92093
362.27183
265.66469
581.26656
449.71928
563.63128
284.40105
557.48235
275.32761
396.5702
477.59265
513.22969
345.38371
189.52737
456.35669
134.47078
517.00833
590.7526
466.93314
492.64933
318.47976
625.97202
405.90432
417.05532
461.3846
302.0336
508.0275
574.35084
197.05825
343.28301
407.84132
252.39594
308.65087
413.32163
268.73637
211.53132
372.15592
205.2985
394.3402
439.54642
497.36076
562.15912
366.71414
382.59421
-4.9174053
326.19424
446.86803
410.90838
360.05191
391.06317
420.51282
180.19598
272.09631
158.9008
788.15571
529.15979
349.45136
527.24674
228.86846
166.04062
411.94541
368.63718
298.1928
769.79916
434.74049
738.34317
392.44094
518.36929
525.18392
242.87963
505.36535
625.31181
407.12869
620.26321
546.12761
113.52597
255.07694
259.65862
362.49071
399.334
307.8791
446.01863
449.75057
566.60908
581.71489
419.82024
262.44752
163.68543
287.12517
386.86629
425.00089
430.06091
357.00254
176.88736
386.67754
436.6207
443.81799
215.44072
680.05399
684.84
316.25755
157.93995
536.28888
655.51566
348.53002
603.39404
274.7696
351.27117
368.70966
495.65612
418.47834
481.85335
128.45265
454.47522
424.33254
331.71117
304.8954
484.16267
455.19262
401.86325
349.58086
429.33084
531.15639
398.41797
387.60261
5.0471706
175.84514
265.92723
397.6132
575.7799
503.76106
446.91411
30.937345
104.36453
343.99326
283.55894
258.47333
340.89363
122.89025
215.47556
304.42982
325.60817
468.96114
18.374573
396.26308
394.6492
583.60632
97.31881
240.47136
277.08577
448.15233
462.50131
424.46171
197.65284
253.51665
384.20047
232.10659
383.91923
229.64279
354.9044
398.41157
334.03235
393.06655
336.87976
358.70255
247.24097
448.00279
739.47083
408.2117
-56.109036
212.92659
491.88211
344.89714
516.11375
327.20608
539.30969
342.5045
506.15017
248.26864
600.28242
218.54674
62.779494
258.81602
367.1421
408.83908
386.29582
51.945284
659.6304
196.69927
349.1376
440.55585
469.22729
79.38317
207.82564
425.38291
517.43528
250.79542
296.58046
260.3598
348.559
290.76965
381.67246
334.01919
596.96919
244.2
331.65751
482.97285
435.69785
495.28339
435.94196
468.76712
472.19987
648.61583
481.45715
502.15779
634.90952
653.69358
470.93724
674.33799
472.10585
431.4613
316.48486
306.92554
662.42538
486.71911
459.90273
383.3664
299.79001
205.35265
388.7282
606.8365
597.25507
128.20128
245.74102
555.30981
270.8911
498.00219
338.23787
272.64983
224.33786
578.92495
365.95307
259.35512
323.61234
292.13591
303.84878
428.97147
588.20019
510.05366
398.76151
587.52563
798.43211
399.72687
240.34212
393.49142
515.35502
438.26665
323.62308
289.47678
142.3563
294.19178
346.12174
373.69153
131.46976
393.27496
257.61636
205.1111
414.19384
304.54832
296.20584
295.99972
309.95172
486.99823
456.29163
467.61572
441.66643
528.27299
367.06792
376.16106
271.46895
483.76599
261.5105
103.97862
190.69517
501.75087
747.3174
340.34199
479.42913
283.72094
434.12807
561.62452
508.6558
607.82922
342.6159
322.41694
367.6931
219.12614
220.69881
262.2925
425.27363
535.17873
203.09776
362.2446
612.85586
524.03239
258.19649
323.64025
53.297785
313.07558
209.90998
110.14399
611.09503
187.57261
556.49955
444.22731
480.57676
368.47736
430.17041
439.79526
0.33524612
251.90595
576.69693
461.85081
590.8189
297.53146
308.30481
545.48642
-32.429699
129.08184
339.86627
326.67352
529.89346
544.71422
208.37897
203.03477
226.49071
286.10916
111.45706
196.99468
613.69911
415.76949
433.38091
283.70984
147.72144
583.72156
214.40204
518.60705
566.4571
204.55019
730.14375
179.22589
191.32788
655.59665
291.55725
254.27591
659.60576
208.34203
750.5429
348.54327
413.4209
353.25537
430.36837
174.42336
344.32825
321.66782
477.96488
365.18513
22.759345
410.44857
348.76528
500.41937
328.16658
102.48348
736.03755
622.68364
220.05137
566.81254
281.97576
239.69553
476.02056
306.82423
214.443
192.40205
115.58133
606.61918
294.06442
482.50531
420.62572
258.16074
295.64628
300.47224
505.47991
274.22629
448.36108
334.04484
467.86608
580.02375
573.45667
505.97296
607.72371
483.69225
335.29574
230.78496
483.66713
262.72905
393.83543
368.9387
413.66314
506.22503
430.37856
385.55023
494.23852
313.82121
390.38618
446.13097
-32.500812
350.78297
303.38115
394.57375
180.46071
383.41457
275.26759
287.41076
321.66659
159.52582
207.36794
437.39146
354.81846
655.63471
378.52026
225.70055
366.80001
375.95135
70.286264
237.25723
447.7576
622.20179
429.52542
619.39922
288.32702
587.28395
445.19583
524.00619
599.48935
682.99763
449.8127
581.85812
308.68628
479.95288
383.53081
200.69299
609.34168
167.85283
304.58243
289.79003
539.34311
572.60943
321.17047
309.57859
202.846
450.17346
256.02142
474.07283
261.92531
358.76194
323.168
131.18985
230.88211
288.34791
532.96203
319.98167
198.53085
362.86516
498.62238
92.360197
530.34472
278.92219
308.33829
237.98766
212.56647
414.26326
731.93187
563.35228
504.12967
301.98266
458.31775
308.60956
433.65808
507.54398
369.685
416.68615
415.8786
278.7793
303.66917
255.69774
374.09904
458.22583
292.15586
166.16035
370.36219
406.27804
166.34986
337.44091
261.8923
431.11103
543.66485
324.35244
317.03511
484.65418
276.63831
220.41515
508.65394
451.1332
511.7235
299.61288
465.10434
405.78315
257.08714
103.20554
491.98076
457.52125
370.74294
503.82412
485.29242
496.11166
200.05292
123.85653
428.88582
554.9855
327.96202
401.83203
219.74119
485.95141
414.47749
512.60166
581.7612
113.39587
418.60283
303.10426
472.09951
340.84552
435.16248
374.15763
472.23317
420.79224
213.92041
465.7797
263.27988
504.45942
543.49911
419.97285
385.27187
380.00743
505.76198
221.21754
108.7297
441.33886
201.2362
430.45136
574.5489
391.76556
546.59544
169.55294
383.05105
435.95691
245.03042
224.75885
400.93855
432.84634
227.87882
430.85027
213.86164
470.08163
-13.615047
-24.245118
403.56609
90.973851
403.07278
353.58123
90.975711
490.60376
286.7131
535.27109
417.27419
206.8476
458.68518
198.12003
191.89876
441.5902
438.13
323.30165
380.28996
312.66597
450.92579
492.87182
575.63398
517.61873
617.24359
427.03395
378.95654
262.10329
247.15681
426.94268
377.19169
114.72276
157.925
291.30069
614.64902
516.14099
141.89477
384.03421
234.93942
371.55419
531.20175
210.23003
548.5446
326.83833
101.89674
421.16926
238.39538
498.00933
670.64278
635.18898
561.40186
456.34199
457.50477
240.68513
316.03636
315.16749
417.25223
606.21691
404.84198
346.52779
267.48785
321.1149
484.08647
412.45482
493.2936
341.12365
246.3161
468.05657
267.1355
328.43891
453.21326
441.41968
255.64116
311.3857
197.65079
367.77978
311.02167
392.77083
325.82089
513.83031
448.66645
193.79135
142.77232
43.72859
319.71069
504.06798
328.15741
489.6817
389.38054
355.57809
259.4151
334.24027
435.52156
287.76045
272.68382
657.9329
556.6255
283.8734
321.49163
267.43381
135.04442
162.842
31.955663
144.12043
332.05756
128.56594
405.26059
359.57997
269.87326
236.96909
644.51293
459.01973
485.56569
110.87174
520.01086
474.27746
423.57978
523.42834
236.63637
277.60397
369.23403
191.15973
239.05866
285.52722
590.09002
418.68124
634.75703
353.87181
456.41313
570.1234
217.99086
472.12866
503.17174
529.16426
340.36551
94.975726
390.65719
456.41211
361.59611
476.11635
580.78681
311.8732
479.51967
271.52851
416.53448
596.47544
440.47776
298.58303
418.31504
409.7501
514.67949
252.83166
391.16999
259.16549
314.24475
170.14191
478.58437
369.07668
314.35345
68.519155
-73.137639
475.53828
456.3916
473.18009
693.86277
222.82306
281.67874
544.93796
255.64062
150.64649
358.28693
389.61935
474.21191
301.42627
194.47841
293.06936
445.8384
250.4611
366.8543
422.71077
348.58096
78.679507
422.59229
311.47067
158.9095
152.58542
388.33753
352.13577
247.71642
334.21841
490.35714
422.92206
182.33996
157.43832
263.08259
506.86912
471.44123
333.6919
701.43035
381.85729
381.29886
532.35079
319.7264
98.859115
369.551
387.84704
603.42063
232.89577
369.05618
174.09771
216.42525
247.58166
366.73933
223.28396
471.82343
437.59279
186.42367
168.32667
158.6833
-33.639505
366.3256
440.5494
443.91515
374.50135
380.55093
346.50498
208.40996
294.32979
700.9668
166.11556
586.4909
483.91271
663.64546
101.42897
239.36658
174.08976
258.82663
313.81539
549.90422
339.46055
402.3198
287.37338
380.15634
382.00333
359.28732
414.2352
499.00791
266.47129
503.02482
486.59912
307.64895
410.04999
530.00335
402.93365
368.36912
402.44156
371.48363
462.98732
166.37037
520.43635
388.1957
218.26599
425.43747
201.14706
228.62224
403.22473
480.56416
140.98955
169.48484
397.62472
373.91565
297.70187
265.82805
140.8048
423.3175
278.35664
510.95637
513.58465
337.54342
263.96436
496.78642
207.34356
353.16411
92.951995
498.32692
261.32156
503.28979
372.67693
321.73957
344.78981
265.58303
489.77881
455.19131
278.16977
375.3039
457.29426
462.03015
415.94134
189.05198
261.13758
254.66577
228.33469
414.02004
274.36316
599.12839
490.67783
531.33688
497.65034
355.09029
316.66423
218.85586
571.72786
696.69387
656.44936
171.32218
223.75281
425.17511
398.70243
209.89326
462.85239
311.99634
303.04561
220.65927
213.23117
493.16348
470.51823
465.58867
467.52754
335.18239
299.92937
357.05377
365.80524
145.07853
128.39116
716.22877
477.28261
400.79516
398.35142
422.1306
517.7378
485.68414
210.25699
377.20976
420.58864
452.4759
269.96743
170.22751
605.89666
311.81956
212.93075
301.65732
457.58211
149.92211
584.5861
436.21833
271.91754
374.45915
345.88484
389.57462
667.97784
631.09762
452.56997
280.04618
78.727101
229.94544
291.66207
360.2504
667.02121
392.36106
424.35536
367.42473
474.89552
337.76535
340.77948
430.24956
251.03176
490.76078
323.38326
253.88492
436.67265
381.79313
361.78544
444.11718
216.25719
437.30794
572.35945
500.33737
365.26837
497.20551
203.96033
.098988478
322.69326
421.41058
458.10509
283.99089
402.38457
421.58071
475.81382
422.0568
257.14497
264.87329
190.95726
253.68134
322.50097
417.45935
418.66658
293.72329
548.52501
494.98586
277.64641
772.84826
558.57194
403.323
398.82483
451.95191
81.714148
182.71042
374.45702
429.43875
516.70798
431.41216
421.8651
536.50143
447.24585
268.82704
375.46305
198.11276
358.07859
399.94115
454.99683
454.2127
466.45242
394.5713
433.82688
69.552993
351.58045
378.4699
130.26824
272.90046
204.33628
395.66685
182.35135
379.20654
336.34655
430.57206
152.72357
432.21488
541.68763
492.79835
291.29372
368.10237
506.72171
446.31849
344.69993
374.77049
352.52416
345.50916
463.36708
309.71896
353.64917
175.84051
86.131796
337.54323
593.67275
67.587902
87.564027
517.00272
366.85565
458.77861
478.6355
274.5923
290.37317
217.71673
496.99388
278.54097
242.74894
283.90889
383.80623
248.07119
263.92632
227.60319
52.15767
345.21952
316.49348
334.12301
275.42375
460.22532
65.334725
407.62745
317.95197
656.52712
377.52561
242.654
72.714824
574.88565
431.53358
547.19491
370.04375
65.799237
78.3218
253.38786
363.3662
378.20645
449.79345
592.90482
350.79547
220.1043
532.68099
289.84862
593.32706
253.81422
110.34935
211.66285
231.27615
199.31379
549.1784
287.18421
293.60878
602.38644
62.616391
374.36645
313.44365
318.78032
365.98354
515.21811
354.0719
616.56317
545.01361
381.89535
479.56285
454.80958
39.058659
335.02276
93.1517
271.62342
462.51429
454.1959
570.50152
243.93963
186.14725
275.03877
30.404208
388.21026
221.44611
648.76251
567.68122
614.52583
415.60356
405.1167
306.21131
185.33763
197.53932
506.22554
234.65521
453.22525
251.40846
185.27748
278.97622
242.99
271.52916
626.67473
443.46112
274.45469
328.85204
181.88017
313.00176
439.63374
324.39052
465.27044
266.59748
411.68678
609.69635
412.89332
330.06456
444.51035
330.9922
307.06196
640.56548
518.77874
551.8191
565.77464
250.75905
631.35693
352.16059
449.41497
259.05807
306.10119
521.69369
486.06081
346.14993
454.5188
491.98496
323.34129
713.67419
419.11725
345.66119
292.3626
577.31607
315.82847
210.80868
304.7495
512.14315
352.71667
501.48679
543.27263
508.59123
358.9564
249.91452
645.66115
551.38744
482.00324
267.36698
429.04993
276.37235
637.60787
554.32481
358.42275
186.92231
468.36394
277.94251
690.8456
423.65175
613.48787
435.06816
549.41593
263.35376
506.8829
184.36101
76.023537
260.10063
164.81965
299.85894
424.97261
500.23452
402.70271
321.85667
336.22024
411.54733
458.05738
226.61434
466.29781
191.06137
285.80669
569.32649
-16.303209
130.32405
579.64189
559.40769
485.05977
388.97394
412.05101
267.25269
319.53062
341.39426
484.06563
326.47312
549.28438
291.30153
432.84329
378.60004
419.15019
176.52099
410.68049
474.00198
224.03929
475.02001
311.3066
534.56489
366.61233
410.36568
606.0733
395.35288
340.39747
514.35897
343.53525
304.47608
479.77474
94.808664
397.96991
633.10768
518.38395
243.03324
736.8166
242.62103
357.66662
294.64109
498.27992
295.43727
163.10035
434.76908
544.73771
225.64135
359.79279
246.2181
420.94481
319.3957
72.957434
468.31717
429.42709
297.21362
461.0994
300.96113
390.71318
164.21415
213.64536
172.95299
246.57683
149.55757
329.41504
683.93761
330.75655
331.9009
424.44706
230.54458
321.18967
245.66223
31.939703
191.37544
204.90553
384.01919
298.86026
333.43631
289.17146
335.84804
62.241588
326.83413
518.33942
245.30664
233.17084
324.45453
302.19653
525.46237
304.93941
632.7848
114.08214
403.07989
485.02026
237.60649
130.47748
213.80551
321.56021
116.40535
319.07662
423.69472
237.05143
291.85298
483.16314
385.03123
428.76838
201.52916
226.84855
404.47144
455.75396
508.51188
468.74331
582.34055
447.54971
276.31515
503.82769
513.76042
318.05373
330.49903
322.74546
414.86616
559.52719
324.12936
301.3146
294.7428
385.12363
420.68898
201.89707
298.643
480.81967
524.05978
122.37088
387.34344
472.33712
184.00213
514.72031
352.52008
356.91132
348.57583
382.02364
416.55829
327.22925
285.87921
301.72046
174.60481
410.24617
358.88522
160.54245
348.28386
434.03648
406.35842
551.00012
493.52686
528.58992
156.59738
420.84028
277.85901
353.04485
683.37342
620.55227
330.80653
279.55553
291.92933
288.58107
554.83334
297.13216
428.89778
501.14019
258.6076
256.00239
194.7821
326.39984
421.36458
360.65213
415.41875
61.178217
297.06039
474.42369
166.77371
198.16967
562.38295
504.07739
371.36729
303.0343
552.75231
354.40983
443.08677
254.16526
554.51348
502.70131
542.99831
390.06435
740.04204
244.54127
141.01726
193.85606
453.06851
357.41849
498.24093
603.67208
528.55079
584.3632
276.96356
187.05114
359.60383
-26.267381
253.20896
368.59563
481.98979
230.61712
456.936
222.8235
406.79246
312.01527
141.49001
320.02848
241.57075
406.07028
470.68303
390.52824
501.33829
271.58621
100.0758
636.46112
536.11122
696.52257
270.86232
331.30193
445.42554
242.61389
348.50629
562.96873
575.30764
451.94434
227.35543
562.38609
309.89315
466.15317
454.8855
379.34002
215.87766
139.21019
212.54524
70.152786
185.64662
162.3473
346.25737
311.28953
447.01812
357.41453
459.33057
835.84632
324.41986
357.41965
442.42013
327.54775
178.47311
348.46547
420.7344
492.84303
263.35386
647.90353
518.23912
350.81418
413.50633
277.62508
176.43207
185.81461
409.63663
471.82412
419.84923
174.78632
391.07133
311.85856
507.0149
697.31657
333.32825
412.94566
266.37288
68.937594
245.86263
554.68296
219.58869
357.59885
394.86063
529.11831
403.68697
436.42755
504.32671
195.0134
346.24382
303.99003
318.5634
419.17997
467.90335
459.87651
418.34214
198.55061
352.33462
238.32004
167.96683
214.88333
446.71934
523.23371
417.12904
407.93969
487.55093
508.49045
420.2629
627.68721
291.44874
261.19982
156.20402
258.8702
541.04067
527.58267
189.14971
288.3234
304.95718
311.15594
130.41272
427.29464
166.35991
607.78882
567.67054
392.28196
405.55527
277.63646
261.68503
191.29227
181.31154
177.38909
345.3362
582.7018
388.46159
642.0119
206.25422
308.8324
559.28078
404.53785
369.99696
192.76963
488.44978
448.67315
490.21372
148.67315
363.44069
438.03288
483.27816
682.58188
323.21575
304.03211
427.07209
296.47625
457.33343
460.69862
638.11354
475.53002
538.68765
634.5583
607.30708
468.93964
507.58096
354.77074
101.77244
486.94373
193.7005
189.04913
265.80919
444.08033
288.87375
353.2294
112.42033
188.38004
318.33293
352.544
375.01193
133.50865
379.00107
437.10951
389.56937
486.30166
523.96284
352.12347
358.59722
267.03807
542.4836
306.63108
146.6215
535.67897
333.60451
244.54836
227.72702
541.54927
379.35789
335.97932
317.4868
340.16698
337.14647
250.17372
297.6317
165.15324
138.51254
299.06611
737.76351
695.51005
363.53444
447.74086
498.84911
112.58017
84.593604
363.84035
708.88398
291.7289
325.00488
410.45798
497.00549
428.01166
427.424
318.72916
413.86217
272.94033
170.51894
291.17338
303.70383
443.3706
464.90518
492.4668
523.42006
351.26559
166.2986
117.22421
229.14307
200.84398
273.3032
139.13945
438.825
435.68801
271.40715
359.0955
297.11861
399.72815
507.13894
198.45821
336.30632
231.7987
473.34269
491.89104
362.53431
417.9339
539.66711
335.16346
430.12302
289.42713
446.04811
425.23212
348.88922
82.137515
152.77843
245.51931
414.70182
176.10107
311.93992
316.82261
208.31446
298.03559
147.07522
194.17454
505.41826
507.04307
309.86033
628.42154
396.66836
424.63914
561.47122
318.37623
154.47102
490.46672
686.68556
250.62981
104.21248
109.25621
481.34749
275.37307
410.6913
249.14217
481.66864
15.448958
216.18705
295.58427
117.6383
413.65203
352.07708
302.23252
386.8581
514.36798
633.69096
183.54176
462.70774
222.24597
556.44069
254.68286
87.163947
45.525857
132.21831
310.44352
280.9527
375.90227
688.65449
445.87825
527.58142
378.41003
-2.8705801
566.88846
324.37657
460.06836
569.95635
395.7443
737.77164
349.0937
350.01755
225.95126
425.44641
371.76017
357.67475
372.65498
271.59774
360.58971
76.198871
324.70992
620.69903
305.09518
457.15545
418.791
207.51437
294.91319
305.41808
445.79216
480.76826
354.46513
280.22687
371.83611
344.29291
195.82478
406.45908
363.31377
365.85448
380.89899
371.00588
351.75704
237.28986
160.54338
413.00936
433.99673
611.44895
352.76166
415.29809
362.69066
247.50593
440.6899
214.22876
372.58797
422.04256
754.64841
229.36102
136.4743
405.44181
332.47986
480.61086
355.55048
413.79232
239.43231
316.84135
421.83092
259.45889
663.5361
388.71168
337.72254
186.95323
359.85676
409.98723
567.93716
478.08343
436.36586
76.346161
305.883
262.80094
626.30943
119.37612
437.77742
-101.08898
258.23936
389.49243
72.75152
408.19927
147.27483
229.26382
68.896799
245.14899
283.69093
520.2233
258.43061
703.23259
666.65726
305.04611
334.01939
259.91493
434.53199
577.53456
301.54985
695.7376
599.00074
289.00079
373.54794
211.95054
295.57062
294.50942
343.66025
267.31103
265.46904
580.77141
431.08439
513.79852
424.32268
345.70058
483.87025
173.74072
492.94284
524.94882
173.70319
411.66135
314.97317
387.09436
398.84525
471.32641
385.72774
316.1
373.52274
430.85542
272.15237
436.31657
309.7635
615.83953
432.51146
326.03934
-23.805511
369.90981
157.77245
388.89159
113.01177
374.71398
472.60588
619.04935
149.86461
277.65925
213.26225
613.34055
-28.585108
106.26289
432.19393
279.14434
613.71943
610.46394
391.09228
455.09843
103.47295
277.61828
441.5211
348.27113
384.60666
470.22185
409.91014
328.06708
372.83386
280.25365
698.67736
311.1069
356.52432
207.36224
124.37384
237.28601
406.52744
360.77385
479.14763
317.71379
257.38906
534.62722
380.53697
600.97095
404.80271
544.12881
280.24208
353.5828
192.39586
338.14887
259.90713
390.92959
449.87889
224.86877
42.164097
314.17702
213.73335
429.66517
536.63322
308.43531
404.1347
279.60401
320.1607
502.69205
147.02255
520.97167
292.93263
502.37114
224.21644
347.36135
104.98237
279.62602
523.8621
656.44655
514.10454
562.75435
146.24612
368.53959
509.84161
239.19584
591.88393
382.50002
314.21474
402.69315
253.33408
280.46389
199.55873
220.05812
523.48263
187.16633
472.55492
180.08666
336.55662
343.09256
383.66507
218.88229
346.12036
455.21718
468.93212
349.87189
527.16705
403.97519
430.23134
384.93046
466.0147
388.25711
259.02189
429.02913
646.67832
254.8081
260.3808
554.32391
358.60674
429.50981
514.97461
592.55738
248.09854
351.391
368.93039
409.73198
428.10032
463.77937
412.97267
139.9394
479.09735
383.99293
316.36262
418.8409
412.31436
399.80505
500.26558
363.28883
540.17196
332.29459
623.61642
180.13026
406.66492
334.67003
387.49343
571.06875
458.88173
436.36728
416.38529
473.9757
546.04324
365.19488
285.17067
265.49921
249.80381
458.06232
281.58485
410.18821
131.51692
346.44166
265.87399
260.66284
501.6019
354.60256
581.27166
616.96751
341.45359
480.73123
319.64866
145.57881
90.130984
537.43223
373.31407
240.77195
253.46231
579.20601
579.27144
532.54681
349.02988
205.27294
368.73531
379.87998
257.91977
185.89483
435.03866
352.55115
235.92826
489.33763
272.8298
185.82023
232.43971
637.63312
249.68313
535.42888
436.06172
581.78243
385.83052
427.41151
401.49762
527.05431
494.57632
565.00944
408.67902
421.82257
418.21348
318.82861
446.93876
518.73444
424.45635
306.52256
94.167835
415.49449
420.58973
540.09072
368.626
275.70048
409.90612
588.25059
470.4278
433.40085
488.82579
309.01374
390.17735
436.91841
372.89388
452.59103
165.62342
-2.5887647
287.99276
500.93772
489.99888
317.80668
526.35548
358.985
548.03022
258.75597
189.04033
403.58936
709.89676
449.03342
414.10822
145.29256
149.3294
482.26817
381.46032
429.27733
407.5378
474.56653
409.8806
67.022277
498.91137
262.23084
478.61245
350.76505
353.0144
52.55059
394.95653
309.85119
316.68497
438.36511
491.97678
572.85678
526.27633
395.10278
418.6347
226.15227
401.90614
595.10264
507.23822
450.6321
338.50983
544.72939
336.27861
275.45036
379.4881
296.06583
305.55683
653.00305
536.82146
-21.632668
148.15343
651.86234
93.390269
467.39626
392.21805
396.996
355.12956
428.62463
484.14066
351.76849
256.02217
317.92968
636.69354
437.32527
499.01011
416.50989
131.52829
469.40557
401.04559
334.05294
195.09602
405.23492
334.07514
509.87597
603.33528
340.66589
412.4571
175.92754
363.13265
448.30962
545.95667
191.9687
296.05226
283.25836
327.42758
426.50904
322.1401
367.58526
228.81563
245.53297
541.88368
548.4354
246.6411
196.74003
485.14876
316.60314
367.99488
237.32769
489.49897
310.91907
316.62619
148.12207
489.71734
444.8874
319.62926
396.10783
396.47575
443.34245
222.65273
362.14703
424.2245
353.66434
285.5631
237.26684
372.77871
202.32675
551.91835
160.48795
472.95904
287.52902
280.28733
-6.7165088
346.00095
401.36041
232.95716
145.70686
256.42137
432.4898
503.33092
399.51595
310.17341
522.91479
466.9423
430.16735
314.88257
367.66146
7.144971
427.19264
159.13868
280.98152
391.45235
414.28032
645.02709
446.10618
134.84312
293.43904
278.70852
682.5846
436.05156
378.98948
411.71403
348.24885
166.93136
162.09413
344.11
701.5253
340.02536
233.62997
243.22107
438.84468
546.48789
531.36439
244.43431
331.30942
211.14805
177.96102
568.91632
489.3216
307.42247
323.46766
401.854
308.22156
466.62282
391.75083
211.44453
247.21785
836.48931
523.30144
356.39861
293.75367
436.01746
302.7164
453.19514
575.03572
521.07607
469.57526
607.55214
167.0904
473.24312
529.10141
195.3996
481.14407
504.50746
212.21693
217.92131
319.40889
428.11457
585.43579
667.2066
238.18743
587.15367
268.55533
435.451
305.8822
509.82859
188.72969
317.01465
539.98269
334.71878
449.78334
371.25468
503.10899
464.74514
551.16157
182.20677
345.88433
434.19535
247.47854
443.98582
527.91788
361.32615
335.72517
269.50397
374.14714
619.96988
557.5568
618.6219
328.49242
521.23751
619.6992
284.87683
500.19464
154.58074
354.09579
470.444
227.21619
478.76174
378.0012
293.03793
255.95855
343.89541
329.18184
170.69134
504.15363
434.92365
443.83689
716.83505
560.3662
577.45616
344.19461
570.37298
667.2637
433.65909
371.09324
609.44832
376.28271
476.35201
650.66099
528.11099
397.58612
380.34278
529.20627
898.51846
258.2888
425.21316
501.61131
17.786301
347.69932
169.9373
177.86045
301.19822
179.63396
484.8803
474.13065
615.44213
596.66752
311.96084
170.89008
265.73083
522.94136
452.19438
252.3978
288.3279
416.33615
141.198
925.03663
270.19792
612.65067
135.53834
527.21907
233.24775
415.9978
249.65291
228.30823
398.55267
573.75444
176.84491
362.2161
352.36902
394.25393
314.17136
651.66124
467.02503
510.45393
305.95662
256.03402
533.77257
678.30432
411.68717
436.682
438.75339
448.96599
244.07642
451.06427
345.73724
590.12852
328.26957
528.44412
402.02414
385.97204
277.98975
281.15402
337.51571
311.00383
262.28376
331.47328
318.78397
414.2811
565.49402
295.18436
302.19916
486.96075
506.72822
581.72677
207.48914
363.30925
367.0036
386.9806
315.32835
364.3651
370.82684
268.65886
335.12553
467.83848
344.62586
504.7196
513.93961
605.08128
470.43574
495.2355
532.32287
173.93716
218.55241
171.61167
280.72609
439.17434
400.3642
761.95736
306.54237
511.61799
209.13028
415.94909
305.70846
589.35087
387.19684
529.29163
189.64327
264.64623
346.84583
402.35015
419.35387
248.16514
313.94734
444.9812
383.98595
399.7029
412.90621
56.928909
470.67007
234.09651
442.52309
232.1466
590.60323
352.52622
226.34643
424.86843
207.99169
314.6487
219.29367
563.16764
389.04218
418.56483
303.43344
148.05729
291.90826
316.90387
544.32481
429.24531
438.31219
417.25216
523.23848
275.52276
174.60275
434.18872
286.7234
371.80922
209.50676
414.62112
233.28033
590.92629
166.71284
187.36969
369.98863
655.44243
357.99078
417.90611
276.09246
192.05672
345.87151
578.18762
596.17387
286.42332
407.08203
624.90387
371.22509
363.20269
360.74187
301.41285
337.8243
494.25367
169.90001
375.24429
460.28433
291.48999
277.63634
386.90433
192.09309
401.30379
599.21078
185.49146
398.67023
266.94881
390.86514
75.141394
167.20157
164.69847
318.75662
92.72053
252.28321
264.93197
414.67543
508.54431
365.94876
672.37455
274.49542
400.70395
469.00398
313.48259
516.86604
398.68991
191.08951
373.94471
603.06048
461.03603
301.68948
160.51815
284.05476
207.99713
-7.9248809
303.39218
333.23598
331.05375
208.70744
264.1241
124.25528
427.52568
547.00741
327.73478
462.95987
315.31626
398.25002
222.39284
490.39838
311.47243
272.85093
74.2138
-38.480624
492.69044
437.30787
560.24973
346.02528
247.63821
353.6321
141.02399
674.65255
210.59932
367.76653
552.45787
282.50186
108.1727
118.06982
253.18955
351.33318
287.84997
386.07314
365.55903
486.56371
285.23561
552.69
110.82765
277.46015
326.24229
365.75822
214.61828
501.76704
275.64224
296.32295
440.21512
394.36533
58.786729
365.75767
641.7354
301.25072
535.53212
246.36067
389.87782
402.93186
147.61625
262.37795
219.26621
435.51451
544.99104
436.86079
497.30939
522.27854
445.08104
535.26968
263.50373
281.24887
317.62563
434.41357
300.34912
514.31265
395.438
417.56801
161.05682
491.49285
420.02813
444.81412
382.05176
365.35877
311.8726
410.30116
198.92404
362.21636
65.790891
490.18465
442.82375
283.86202
575.15072
421.78708
282.53122
453.34415
598.60147
363.20813
297.73501
546.10251
122.39497
130.05725
275.66923
385.53321
304.57531
295.86363
653.11896
371.74833
384.97439
366.62658
256.91864
390.39309
175.52435
430.91637
355.40899
78.149932
165.86646
568.92124
203.83349
446.64379
368.51375
336.88347
324.65278
555.37733
304.30982
336.38369
283.28215
557.96427
119.99013
463.41436
373.09513
235.59658
552.35364
571.09696
280.52815
470.88457
216.45712
685.62298
600.77559
379.90417
208.46593
262.80582
220.57404
252.02285
463.39272
519.47239
309.17308
335.02436
200.88793
595.12827
784.80163
690.39723
554.26623
92.3027
305.97349
279.248
424.95684
259.72609
351.41686
420.4379
636.30296
266.4058
342.25499
475.45683
593.88919
301.62619
695.1573
380.79119
244.40748
253.39674
354.32166
275.09357
286.36118
329.67065
171.48628
197.16465
468.52104
485.62414
498.44041
233.06535
483.83557
568.13503
170.42841
290.14936
353.25642
250.80728
525.79039
302.38439
330.04744
284.54596
241.22236
490.14331
535.18048
302.88838
293.90436
146.95194
234.12128
471.75478
477.12956
496.10182
547.01544
288.96137
466.52217
509.12954
476.96597
352.45664
89.516726
767.35116
530.54442
239.23499
182.29213
283.78343
394.82425
293.64584
138.3054
393.48911
639.13893
687.78523
446.87161
417.09908
338.60264
347.69252
85.872656
451.11586
288.31441
415.12344
427.58602
158.0744
411.91421
472.09005
309.88789
250.26138
311.78847
154.54003
455.43648
360.50029
488.28652
337.33571
538.49758
391.10003
534.23888
273.92264
469.76479
493.92228
543.13824
470.2538
403.90339
375.46783
480.26153
580.81427
519.74189
188.96876
190.08523
307.06613
751.9367
442.42777
134.60767
159.84994
784.19119
203.45113
426.82378
291.54532
395.43515
63.143834
560.73885
487.68566
425.47541
321.42279
290.73661
298.69355
320.68353
428.98741
233.27902
356.23506
505.6873
442.30411
498.88922
569.60664
249.65322
546.76918
430.35452
235.27059
129.63182
175.93829
375.28363
530.78836
376.91295
455.78021
363.83359
292.00537
386.82745
491.61239
466.10113
344.47549
304.59441
110.24129
131.88113
451.20057
573.80146
480.39375
489.6291
642.56906
518.30358
141.35657
286.76887
425.19048
541.21134
416.63713
481.24887
321.86296
291.36169
583.95653
463.32045
407.32866
226.84998
364.09768
377.4245
506.61704
530.9071
397.26868
480.01903
95.218946
271.04739
409.17148
610.05662
273.13774
212.26748
426.60616
260.8915
631.12302
389.31021
182.69488
468.65819
352.84588
274.56552
294.3007
507.51699
97.641361
468.78424
545.88117
246.88375
369.64592
490.96217
146.93792
358.43202
378.05905
307.22286
586.81099
481.06935
586.75844
520.43973
530.61582
410.71592
423.86891
494.75097
416.98503
342.13273
387.83437
454.73482
425.07745
272.19906
492.98498
401.39646
212.48908
505.12652
179.65475
342.27693
570.60168
528.49295
608.70602
310.47265
348.97107
366.09268
222.95605
412.20179
312.11577
292.86599
508.93561
135.10575
123.12595
228.47553
405.90329
343.85543
320.5621
667.61858
334.63502
121.29837
568.92195
353.64869
499.31615
450.32869
523.3371
458.62045
521.44958
455.07512
478.45855
373.87409
556.55598
250.01114
446.07544
213.63051
461.40189
261.35809
531.53802
530.49381
539.51023
285.52314
372.39569
528.75254
410.2177
255.03277
353.60753
431.00204
416.98451
460.04718
682.14911
521.53057
540.76185
358.22224
523.22828
400.5142
440.37371
243.26159
289.18331
449.70091
408.15093
416.69364
606.64275
544.4184
382.14317
358.70447
586.75403
553.27021
348.48078
459.20488
207.34717
74.468501
68.293187
537.94876
311.15547
268.71626
377.36409
187.87776
337.42441
371.94572
392.26437
364.7684
359.62139
401.07899
523.79174
436.90248
228.52503
822.97888
487.69402
418.60466
367.89058
157.29383
176.76878
714.89827
352.69611
496.87622
426.65885
548.91084
298.5133
558.17087
369.71511
281.62612
295.39551
467.17847
309.78207
495.30667
335.91108
247.13454
346.45391
124.62396
251.23515
203.12525
274.91718
477.17629
246.01959
233.23924
305.56176
195.03859
438.21349
461.86648
141.64624
255.63528
347.35348
19.358177
510.62376
340.41255
317.79848
495.45329
283.57898
582.31122
253.68076
619.56072
186.81004
341.93387
415.61686
272.56769
261.32772
256.17153
522.78524
429.64731
456.80779
328.21803
587.02598
328.04802
398.90477
469.76199
368.86806
370.13894
190.75191
117.03448
338.28463
330.6825
74.362894
258.2394
673.87408
672.41496
258.26354
320.61384
643.5352
387.12682
359.15579
181.57236
240.00501
265.4809
137.17457
348.75063
259.30158
316.55385
406.85801
442.49466
397.29087
134.58285
417.75473
425.99807
416.55061
61.825006
237.72808
339.4425
678.08342
283.36096
368.74212
232.60087
550.39188
332.55169
594.28812
398.20263
418.79519
560.45268
241.65136
67.139078
531.28344
336.20353
320.37607
441.09786
305.61571
326.85485
319.46847
481.36896
406.89657
310.61237
402.53941
470.90182
597.81286
522.0148
409.17143
349.18113
180.5336
443.57095
419.30985
489.47736
248.63946
289.74076
289.40411
548.09324
390.81091
497.66728
519.9115
366.97963
522.28011
557.72653
360.71593
351.64564
117.8047
306.78768
234.01126
320.55224
238.12892
369.01512
387.45404
395.7767
494.2582
227.16571
286.4975
363.50112
268.07467
155.29011
476.71885
391.75002
223.58697
210.66849
482.88052
448.73391
513.20102
385.74505
247.64703
438.42149
495.60689
365.20214
588.52074
264.27339
598.2586
310.74897
21.220336
64.988842
388.02336
189.33784
448.54139
467.63718
417.55791
313.01942
350.50057
466.88688
381.36953
290.28161
100.4211
598.32618
544.67866
327.3094
253.14559
135.49096
350.67191
617.37604
173.71584
343.02786
634.28542
805.91689
366.58199
468.24031
99.630401
208.13606
390.99335
150.64612
382.84547
364.9393
249.97984
346.68302
553.46153
514.06616
588.9193
371.99165
336.16205
439.97569
354.30146
448.41141
378.20432
156.8193
239.98373
510.6903
64.423326
421.911
370.75249
477.86611
375.20008
217.07927
426.4077
640.07104
312.88233
246.43532
238.54914
463.78883
289.6731
232.842
218.21933
517.06765
561.87368
113.59953
226.21089
251.07737
348.44704
288.79721
166.3834
278.25013
580.17385
539.86684
459.89595
480.80605
118.19883
424.08673
359.58597
391.06067
250.16332
395.52889
259.57086
227.74905
486.6894
551.83297
538.40558
363.3483
338.27978
333.46158
-22.830891
350.6688
69.631612
554.20998
214.09692
339.63852
727.27643
727.20203
252.65492
343.45521
436.04491
286.58365
229.32933
543.42518
333.70048
89.94909
371.41993
345.02256
328.6371
180.87597
412.43924
407.03456
313.90902
86.739893
284.72184
498.22955
330.61146
431.92284
230.72633
458.67211
444.88718
472.06393
517.81432
234.34245
491.55343
393.53915
435.40662
508.77413
459.8706
388.67948
100.48159
330.14676
382.83123
289.07543
473.31399
336.92726
302.41037
334.43944
397.9925
419.28749
264.03161
118.22914
378.93439
353.31198
590.79197
307.55729
282.11031
352.2823
226.99992
140.46153
504.93416
739.76517
372.17831
383.03865
365.57175
238.50194
329.27267
456.70222
403.43008
283.48996
24.769655
286.93749
239.74501
377.8933
550.65431
445.47704
403.74607
103.70374
140.88077
453.60872
459.7854
378.85186
716.93311
508.37492
260.20807
413.94834
364.99199
433.13172
387.68044
137.34582
386.84701
258.61149
477.72714
426.55877
529.85874
595.47987
282.16705
343.29039
287.7158
630.8167
280.92493
412.02702
272.23837
181.70293
189.90507
416.25553
454.89991
293.8398
433.55997
429.24988
534.00823
402.99029
382.37305
552.35917
462.45586
116.59819
426.19398
284.57021
572.06483
413.46357
307.27995
266.42853
476.2162
505.9296
511.07063
211.54831
451.97495
302.98007
256.19986
294.18717
335.11763
285.92738
348.09621
441.9934
371.81667
228.5158
395.21338
345.51086
428.9739
682.26176
314.89976
246.33297
369.93965
328.92083
255.67779
455.18934
270.64544
460.27986
744.32635
544.14408
387.26558
370.94131
282.97492
327.05725
389.12831
185.94606
387.99088
325.80571
237.83113
277.80853
441.87621
271.73723
227.20507
414.74499
243.76779
189.70911
452.80911
537.57652
626.86944
715.29522
