543.77678
942.47839
1504.4443
1881.0153
1838.7174
1866.2827
1302.5556
1181.4042
1066.0538
1327.1471
1345.7796
1419.3652
1367.3797
1470.1151
1522.3526
1363.9635
1378.4298
1223.2387
1476.3957
1409.7644
1277.169
1574.0663
1520.9713
1564.6184
1399.8167
1303.2581
1235.3032
1416.1499
1341.017
1020.0471
1301.2772
1274.7364
1331.016
1355.0888
1591.1237
1368.9029
1459.876
1591.0191
1246.9553
1144.1816
1355.7953
1387.8595
1252.5462
1456.2946
1595.1523
1455.3907
1334.7074
1250.9162
1307.2982
1633.4074
1605.6665
1303.2523
1363.5499
1417.7991
1278.1824
1329.3632
1304.0778
1482.6763
1352.6078
1394.6828
1327.6658
1444.8034
1146.1119
1484.0572
1338.6901
1478.7076
1572.0729
1271.9031
1288.8233
1557.2276
1523.8356
1309.4985
1273.1412
1415.2659
1424.3234
1340.21
1606.2844
1371.9483
1568.7321
1433.1111
1438.7372
1298.8211
1545.8142
1395.4511
1452.1029
1302.6157
1109.0631
1118.7974
1383.5206
1393.4919
1281.1807
1188.075
1204.0369
1362.3727
1118.96
1063.6673
1368.9423
1519.8705
1144.9414
1361.9959
1397.0444
1329.7233
1338.3114
1297.8751
1320.2242
1253.3205
1416.7237
1435.0242
1627.2279
1348.4347
1353.5308
1352.103
1230.0038
1179.3072
1363.8675
1530.2024
1467.6186
1536.8125
1397.9919
1393.0853
1358.5105
1479.5943
1582.5024
1591.1835
1532.3424
1378.6605
1498.4195
1247.6921
1206.7651
1334.461
1366.2633
1170.2398
1511.8532
1463.1187
1771.1414
1635.9877
1401.3166
1310.2097
1499.704
1697.5172
1647.8885
1544.4567
1372.327
1467.0249
1768.7659
1343.618
1389.9476
1670.1267
1403.5165
1304.2069
1452.0925
1589.1302
1481.9756
1489.8748
1451.6097
1629.6641
1646.7182
1454.2442
1610.8943
1499.7265
1452.866
1660.9781
1462.8405
1453.1542
1457.8123
1524.3838
1404.0934
1286.7294
1536.1267
1152.2658
1417.9619
1494.703
1370.8944
1579.0617
1357.5505
1306.488
1133.7911
1301.4336
1451.4601
1409.7882
1423.9933
1374.7341
1204.9449
1324.6899
1306.8702
1339.6179
1644.9336
1380.0485
1448.3602
1570.3401
1160.4641
1419.8597
1040.1064
1447.6236
1520.8383
1545.9945
1535.2726
1216.6958
1165.4088
1101.1201
1374.1168
1512.3629
1574.1946
1383.8669
1329.8295
1393.7646
1557.2785
1355.2001
1403.3861
1494.9476
1522.3127
1260.3655
1264.0443
1579.6708
1418.9489
1440.7332
1137.6871
1369.0354
1485.8637
1656.6766
1197.3152
1125.5187
1266.3417
1470.1083
1461.3167
1205.2453
1512.6147
1528.9628
1322.2254
1302.8406
1344.7586
1636.8951
1292.4158
1561.4381
1024.6851
1286.5017
1076.597
1211.2694
1428.4114
1676.3958
1456.953
1275.3806
1266.819
1297.5824
1469.3831
1224.0642
1252.2807
1232.9906
1037.9831
1338.2369
1216.5912
1164.6967
1350.896
1218.0077
1312.6412
1302.5838
1313.6217
1435.0986
1394.8225
1192.5697
1565.6729
1504.8652
1384.8833
1479.1334
1287.3022
1306.3746
1333.2079
1340.3556
1173.6424
1310.0794
1338.0599
1563.9149
1199.19
1294.952
1302.5089
1220.7267
1131.3055
1492.5725
1345.2792
1384.2971
1429.4714
1133.5622
1319.3062
1358.1289
1251.4517
1376.6549
1456.7892
1530.9777
1450.8861
1558.5436
1450.8988
1635.8472
1480.5239
1352.9359
1353.0325
1319.3385
1270.8338
1475.6987
1572.2323
1656.9443
1426.668
1463.9563
1352.7521
1223.8944
1332.5346
1452.6764
1414.9296
1443.3338
1380.4779
1312.6622
1377.7587
1611.067
1423.8604
1364.773
1348.3787
1238.2839
1478.8795
1535.9982
1520.3773
1275.356
1539.8292
1487.4491
1460.72
1603.4211
1586.5717
1604.8071
1475.695
1610.6471
1532.8818
1272.767
1390.4189
1392.2208
1366.6666
1126.0469
1346.4544
1316.3681
1227.3822
1194.2629
1306.4106
1433.5008
1257.5102
1336.6669
1384.5612
1489.4758
1434.2571
1629.4591
1595.9198
1531.0678
1460.5555
1331.595
1293.1624
1484.246
1507.9354
1359.5515
1463.975
1259.7856
1589.1934
1391.6726
1109.164
1252.7445
1488.6244
1452.6721
1396.3261
1420.9548
1496.8161
1366.9735
1476.8987
1503.8103
1283.8847
1314.8238
1451.6275
1562.3567
1538.3096
1563.6271
1330.0099
1292.3419
1181.0235
1307.399
1299.2636
1250.0718
1343.1566
1466.2413
1598.0129
1525.5352
1491.8783
1281.175
1375.0015
1418.7295
1365.6055
1400.0479
1388.3746
1420.314
980.61842
1534.9642
1538.0498
1635.3552
1465.3949
1401.9885
1473.3057
1498.2046
1442.6452
1361.9743
1526.2772
1409.4785
1646.7537
1497.2141
1314.5894
1689.2458
1658.7485
1602.0411
1189.0323
1438.3422
1473.4524
1260.489
1289.3575
1456.4831
1536.005
1341.483
1368.1632
1634.7183
1445.7108
1394.5741
1309.9782
1185.1981
1334.2098
1329.1411
1095.8166
1354.965
1610.9858
1481.7856
1124.7558
1037.5203
1223.8574
1377.3411
1214.2648
1225.4402
1152.5006
1177.5951
1474.9177
1244.7351
1520.4052
1412.2666
1440.0299
1501.9834
1544.3031
1620.6023
1271.3381
1584.5113
1090.748
1199.7902
1428.1891
1386.3352
1372.7454
1565.0868
1328.0806
1507.0508
1356.2066
1321.5073
1458.8478
1434.0733
1352.6255
1234.2686
1602.5805
1482.6209
1429.1607
1413.7018
1198.0332
1421.5631
1297.6716
1455.1168
1600.5917
1475.6763
1485.0572
1340.685
1371.0764
1251.2994
1412.6974
1229.6277
1464.8754
1450.2981
1451.657
1298.0383
1448.6721
1305.9561
1294.8129
1412.8694
1292.6782
1492.6529
1287.0656
1599.3311
1639.4616
1261.0724
1377.2391
1408.1629
1653.1729
1432.3251
1586.3338
1504.6303
1507.5333
1367.3285
1438.0752
1441.4903
1649.223
1407.7828
1376.2138
1569.7904
1327.3033
1253.5337
1225.5234
1201.4813
1517.6034
1160.4087
1284.2736
1541.0973
1383.0763
1279.2311
1467.8903
1262.1694
1309.758
1359.1738
1463.201
1328.6522
1278.1057
1272.6956
1540.9077
1652.3592
1479.0743
1644.4845
1388.7598
1592.2829
1482.4261
1348.4616
1271.5333
1212.0693
1328.1
1721.0775
1291.5955
1272.9803
1248.5327
1486.191
1293.6568
1496.7562
1294.0434
1521.1264
1247.219
1666.6269
1626.6328
1733.8103
1445.6452
1430.8251
1358.6692
1408.0882
1558.113
1580.2123
1410.641
1165.1405
1369.8776
1357.3432
1554.7113
1653.1878
1484.8649
1434.5597
1514.4456
1510.1343
1469.2768
1321.9164
1203.1107
1464.8714
1379.2714
1355.609
1518.4415
1522.9323
1632.7399
1634.0238
1572.8276
1506.3322
1525.0264
1387.9958
1452.6824
1396.5907
1332.442
1359.7327
1355.0369
1095.4835
1358.9229
1570.1098
1460.246
1508.4817
1221.5052
1287.3583
1137.4449
1618.7554
1499.3559
1444.639
1347.1138
1297.1869
1345.2525
1569.3831
1484.4727
1534.4084
1409.1532
1624.8994
1295.2793
1338.3703
1497.3001
1712.5873
1398.0954
1391.0812
1480.1683
1585.5319
1353.375
1660.7983
1641.8286
1383.4153
1241.1015
1556.7389
1372.4861
1349.7185
1469.1481
1423.2109
1250.7879
1351.69
1408.3778
1425.1912
1348.9288
1336.5159
1288.1472
1501.8675
1607.2005
1572.7698
1496.8378
1538.6173
1443.5346
1295.2419
1456.0535
1430.2287
1445.9011
1409.5864
1437.1864
1417.0418
1559.229
1218.0276
1338.8731
1510.5255
1638.574
1540.5152
1343.6237
1391.8332
1406.0648
1202.031
1291.4299
1449.409
1392.1068
1339.3645
986.35909
955.6455
1245.4838
1270.4834
1468.6072
1370.9938
1723.414
1278.3427
1350.6353
1472.2778
1298.817
1202.4629
1316.4532
1464.261
1522.7352
1441.4328
1549.6789
1552.0162
1438.1885
1298.3892
1438.4755
1786.5712
1549.6376
1356.1037
1465.9317
1470.4153
1442.6302
1587.0214
1406.5062
1480.4642
1466.3791
1503.4638
1426.8233
1450.1576
1462.9341
1513.5965
1483.8917
1485.5904
1334.2449
1277.6668
1265.8915
1217.9884
1230.4382
1298.5379
1716.3333
1418.3415
1309.4308
1168.3135
1366.3468
1474.8953
1423.1522
1249.7173
1291.6071
1295.8497
1517.5106
1404.0396
1439.5682
1534.9507
1394.7437
1136.7203
1496.3255
1309.5138
1325.0037
1231.3098
1355.475
1186.351
1481.9145
1432.0099
1664.5174
1612.9088
1551.2789
1226.1372
1286.58
1326.705
1683.5213
1176.3625
1401.7616
1755.4627
1425.632
1603.4337
1342.7932
1455.0574
1466.4734
1366.6066
1636.5173
1499.269
1667.9718
1294.5054
1517.7059
1481.8632
1500.9836
1469.1714
1366.3945
1322.6298
1372.3465
1341.292
1671.5162
1389.3858
1327.2207
1222.7383
1273.0321
1651.8524
1312.0769
1326.401
1400.6092
1347.1603
1344.4681
1499.7493
1270.9925
1252.2562
1447.8566
1480.9417
1447.2632
1539.9946
1484.1584
1222.7197
1116.008
1400.135
1575.0108
1512.4535
1435.1071
1598.6335
1426.2459
1331.8309
1541.837
1321.0938
1399.7879
1404.854
1247.6013
1418.6661
1389.1929
1255.476
1388.396
1338.0293
1513.3939
1378.8854
1477.0474
1433.042
1421.4863
1397.1382
1703.6025
1539.5915
1368.8802
1331.4979
1527.8065
1255.4125
1459.8673
1193.3393
1395.3711
1350.0823
1355.6088
1450.7257
1402.2731
1350.1705
1334.2822
1430.5208
1410.9964
1410.493
1515.8871
1514.8258
1350.6003
1306.2573
1385.5781
1439.2097
1394.9195
1480.7497
1495.1083
1409.5717
1337.3992
1153.6228
1461.3466
1408.8334
1510.5721
1299.8289
1524.3005
1495.687
1539.0601
1334.7446
1345.9517
1098.6277
1259.4779
1361.6695
1430.7957
1415.3591
1433.4831
1507.8499
1310.345
1090.3824
1210.1159
1386.0625
1457.6991
1370.1068
1374.8645
1274.7632
1487.8143
1389.3516
1663.0347
1614.6931
1495.8342
1373.8055
1114.5635
1096.097
1559.3394
1481.8049
1428.7236
1387.5613
1407.778
1383.3819
1182.8204
1279.5862
1226.4826
1399.3222
1333.5952
1366.3042
1246.869
1589.4207
1384.2606
1386.6622
1311.9074
1385.2673
1321.4081
1393.8965
1423.6558
1398.8589
1457.2569
1704.6499
1664.2372
1593.8263
1268.0513
1537.5802
1539.6159
1415.3591
1180.8169
1481.7083
1599.8558
1452.2615
1255.3074
1282.7328
1422.6696
1576.9498
1303.0793
1216.8388
1340.5197
1329.3723
1416.1351
1187.9878
1414.8547
1426.4601
1637.2416
1521.3212
1668.6379
1361.3328
1711.3473
1636.8534
1577.9554
1242.067
1504.0746
1490.9567
1467.6565
1265.3904
1420.0493
1397.2315
1348.0533
1545.5653
1296.128
1373.0215
1534.3215
1526.1047
1366.6767
1357.4165
1388.9634
1273.9465
1377.0019
1554.3702
1309.6878
1521.9809
1273.5692
1110.3756
1342.8381
1117.4206
1270.3331
1408.2367
1335.739
1237.2547
1381.1143
1445.5079
1356.4174
1256.5599
1356.4697
1439.6079
1142.6921
1069.5743
1454.416
1191.4395
1376.6502
1635.0026
1594.2998
1530.8428
1461.5152
1419.2976
1431.9136
1408.5047
1635.0577
1375.2266
1262.4104
1405.7117
1470.7842
1484.5484
1374.9328
1416.379
1627.29
1230.0143
1121.4775
1403.0634
1206.1926
1035.3975
1164.2843
1406.3779
1495.0897
1606.2534
1530.6191
1468.8612
1334.0964
1366.0033
1208.3078
1383.1797
1473.7903
1405.5334
1167.8586
1296.7159
1106.6448
1435.6047
1557.8121
1383.6653
1357.6661
1370.4099
1360.304
1480.7878
1460.479
1254.6955
1333.8872
1385.4623
1102.3809
1187.0776
1011.9384
1516.0032
1699.3588
1574.6398
1445.2056
1259.8205
1297.3336
1385.8159
1566.3329
1497.1741
1178.8503
1256.6214
1370.9149
1440.0647
1438.3084
1220.972
1191.1899
1375.8503
1488.1346
1309.0256
1552.6101
1518.5946
1271.4426
1255.9235
1211.193
1474.7202
1253.6618
1459.3554
1338.6239
1260.5367
1377.6467
1433.0979
1652.8253
1480.9381
1281.1605
1221.4294
1447.3767
1448.7581
1323.1259
1521.3277
1408.8745
1328.569
1393.5919
1161.4696
1615.0036
1685.0545
1499.5107
1645.7912
1239.668
1368.0634
1230.0071
1323.2542
1808.4623
1569.4656
1402.6301
1405.4656
1250.33
1588.1018
1319.3959
1264.8753
1433.4622
1468.0806
1604.8541
1518.3675
1489.3734
1278.1413
1420.6178
1483.3364
1474.6767
1426.8782
1374.6195
1479.3363
1465.3185
1596.985
1393.0623
1670.1598
1534.8664
1604.0899
1392.8085
1211.8555
1308.6063
1267.9717
1403.5415
1423.4216
1761.3592
1697.3658
1452.2357
1537.9826
1322.0813
1286.1136
1336.3651
1606.359
1350.9956
1500.847
1291.8625
1558.0399
1274.8503
1408.1293
1448.8101
1463.9484
1482.592
1384.6187
1152.556
1510.5989
1318.8529
1364.2598
1165.5791
1271.978
1661.842
1480.3881
1555.9373
1323.834
1172.9208
1333.2476
1581.2611
1347.1379
1396.0768
1262.534
1430.0011
1473.4968
1511.445
1422.5105
1821.4396
1591.7613
1162.6344
1625.1804
1404.0263
1489.8066
1413.8316
1419.7923
1381.6425
1440.8721
1517.0628
1169.6583
1346.9447
1592.3506
1714.9576
1355.4663
1543.9604
1419.6529
1640.0072
1677.1928
1651.6444
1138.9509
1509.2891
1131.0569
1421.3023
1145.1333
1334.2389
1326.4197
1456.1765
1471.8195
1447.3678
1361.0854
1413.7829
1418.7237
1347.0625
1496.2064
1553.628
1327.8307
1474.2481
1298.7564
1554.7794
1561.3866
1346.6392
1343.8374
1173.5285
1301.0512
1359.8972
1529.6998
1528.8638
1470.1634
1441.4069
1556.9129
1490.576
1744.7553
1409.666
1276.7624
1414.8877
1462.3753
1486.0298
1491.0052
1479.7251
1258.7471
1248.393
1257.0941
1469.3274
1641.1046
1742.9034
1559.155
1409.8657
1344.1099
1041.2301
1124.267
1664.1671
1438.2226
1325.7468
1657.4753
1066.9206
1381.6881
1315.2037
1402.8463
1488.9943
1606.6165
1389.6129
1371.1783
1326.8258
1323.1325
1579.9098
1483.9025
1594.2559
1518.81
1375.0137
1498.5246
1416.1658
1449.7983
1301.8057
1336.477
1536.3489
1412.1785
1541.7142
1470.1262
1506.2017
1552.6695
1542.4792
1705.8161
1391.2302
1598.3237
1610.4953
1249.9092
1224.9751
1584.9514
1575.6541
1411.7546
1317.6856
1346.7832
1365.8118
1558.5795
1492.8788
1571.3665
1516.7765
1528.9301
1482.8527
1438.1536
1357.6163
1572.5994
1525.209
1572.912
1274.8535
1226.0495
1521.8445
1847.5114
1159.2083
1563.1027
1424.6502
1547.4365
1566.782
1623.5972
1410.0126
1194.9024
1247.7084
1642.9818
1711.4975
1359.662
1165.6618
1391.2731
1343.5817
1200.6674
1179.1389
1196.893
1407.8156
1317.0952
1269.4794
1279.4418
1364.8416
1396.1576
1448.0396
1380.1089
1274.9979
1457.4148
1311.4886
1397.9788
1512.7003
1249.6313
1580.3712
1435.9304
1636.4651
1394.8337
1589.5448
1349.4696
1587.0536
1222.5499
1401.5236
1377.8166
1487.8417
1353.4304
1524.2179
1453.4829
1663.9808
1503.8356
1230.9235
1271.6242
1389.3048
1485.5221
1481.2488
1413.3538
1439.0556
1238.2929
1350.4477
1444.6106
1412.1827
1301.3916
1693.8153
1489.5724
1531.8748
1385.9139
1424.1039
1458.5631
1370.7234
1536.8952
1786.702
1527.1021
1451.8657
1584.0056
1431.9216
1166.3686
1496.8779
1749.8735
1550.3187
1638.4261
1714.7265
1516.428
1418.6363
1713.0407
1657.4003
1598.6343
1520.2917
1530.1252
1269.8653
1317.0916
1503.0566
1328.0579
1489.758
1486.9516
1330.5652
1328.1071
1547.4585
1352.5182
1364.742
1288.3468
1304.1038
1646.9246
1373.2949
1283.6331
1249.2051
1085.9933
1248.19
1325.8363
1454.5315
1403.6148
1901.897
1364.1281
1454.1731
1652.2775
1411.5119
1240.5831
1673.2659
1371.6717
1651.3669
1406.1159
1447.0173
1392.643
1562.5422
1525.0529
1508.6843
1633.2715
1634.3897
1595.3679
1668.976
1397.7003
1338.7466
1495.5136
1413.0158
1506.2462
1535.2232
1244.2632
1636.1085
1551.2621
1229.7768
1434.9241
1438.1962
1294.0653
1675.5004
1435.3287
1326.7751
1504.9727
1237.7416
1317.8687
1323.7991
1493.849
1403.6467
1399.7961
1577.8878
1261.71
1422.8857
1467.3166
1650.9134
1474.6465
1409.872
1495.2744
1466.3193
1454.5953
1708.9015
1419.3872
1411.6642
1262.9455
1273.9921
1427.1139
1357.791
1609.4709
1659.2772
1409.4817
1522.2354
1620.3208
1496.0218
1739.8276
1377.4906
1243.0431
1488.1009
1317.9338
1341.9834
1423.4698
1356.6651
1477.6258
1399.1982
1450.0793
1545.7377
1477.9146
1077.9945
1417.7343
1645.8265
1502.4165
1410.6599
1464.2968
1544.1675
1564.139
1611.3875
1526.3378
1437.633
1324.7379
1440.1875
1394.2965
1477.2512
1563.3911
1413.0145
1360.1099
1496.7194
1402.7765
1556.5679
1528.9291
1635.9862
1564.0942
1405.1452
1271.9601
1491.8372
1349.4326
1528.5498
1288.0936
1119.2981
1184.852
1340.31
1653.9017
1623.1351
1151.5724
1374.0549
1271.8238
1102.7501
1406.7812
1451.0624
1632.5647
1385.5997
1376.3469
1311.8934
1453.4619
1391.0101
1375.0837
1296.1306
1388.7619
1202.1212
1373.9918
1415.8376
1420.9088
1423.1117
1570.2085
1317.4865
1456.9994
1368.77
1627.4931
1317.1496
1293.4177
1180.1679
1277.1267
1198.867
1450.2038
1475.4487
1428.6634
1434.5047
1395.5065
1532.1532
1374.3907
1629.3265
1303.8554
1476.6604
1430.9152
1542.705
1433.6409
1412.5943
1305.1635
1163.1973
1167.5463
1558.3234
1403.3373
1543.1506
1377.8781
1258.6834
1360.2961
1251.771
1543.462
1655.5551
1322.3846
1412.3184
1411.8485
1134.3084
1412.8757
1520.2781
1560.1123
1552.4998
1328.6467
1350.381
1310.9255
1234.604
1567.5594
1289.9547
1134.7882
1331.4346
1324.17
1600.0543
1365.2288
1558.2472
1306.0785
1465.361
1428.9376
1325.597
1234.6796
1283.1878
1266.0842
1495.4058
1625.1331
1303.6746
1270.4985
1300.2622
1470.2434
1824.1226
1487.4748
1167.6225
1631.1234
1493.126
1267.7312
1530.124
1559.4494
1356.2251
1555.6067
1607.2789
1416.2913
1312.5845
1204.2376
1506.3889
1422.7624
1556.4095
1534.8055
1269.7688
1557.2637
1349.8903
1576.6056
1353.6294
1496.6819
1316.2589
1368.5744
1523.3513
1198.1215
1250.9384
1342.4481
1068.4083
1632.7426
1523.6283
1285.3126
1604.153
1547.7134
1349.0588
1338.2411
1307.079
1367.8664
1160.7994
1374.4878
1186.6899
1339.6415
1270.7919
1519.7528
1576.0269
1691.4388
1334.9342
1280.7544
1112.1629
1430.6336
1547.0337
1726.4106
1444.0142
1568.1314
1472.2127
1350.7437
1274.9807
1435.1097
1318.1152
1444.448
1837.3016
1589.7942
1452.922
1363.691
1130.1946
1353.9436
1277.4401
1312.2891
1494.756
1325.6407
1501.6226
1416.88
1586.0423
1686.0476
1520.3106
1375.8521
1364.0666
1571.345
1382.7613
1521.6353
1556.5814
1417.0015
1311.5245
1104.3107
1361.9382
1657.4916
1328.4707
1193.1356
1331.1758
1353.0762
1593.5271
1630.7167
1463.7894
1457.5561
1626.0168
1655.9633
1438.4035
1290.9024
1459.9557
1431.635
1469.069
1536.8823
1395.2351
1417.9072
1254.6744
1398.011
1582.3574
1560.1364
1323.3612
1210.6676
1348.1594
1144.7432
1292.7667
1355.3387
1200.4902
1229.1677
1385.1517
1285.4689
1511.8944
1271.2687
1426.3051
1097.7292
1374.5747
1307.7342
1576.0828
1275.8499
1295.4091
1496.181
1310.6251
1171.6738
1265.7647
1272.0038
1101.9167
1360.0051
1358.7069
1317.414
1606.1797
1337.5203
1475.4357
1567.3331
1203.4593
1172.892
1422.3893
1502.1699
1355.3289
1514.8315
1486.5093
1373.5754
1389.1541
1335.5865
1472.1733
1519.8095
1592.1338
1540.4866
1480.2256
1556.4174
1693.6413
1569.4144
1471.8515
1278.3762
1196.1529
1346.2478
1261.416
1017.5568
1185.55
1447.0438
1264.5318
1520.7072
1361.0605
1309.5765
1672.2555
1578.7651
1697.5476
1565.7047
1230.8935
1156.3865
1204.9035
1620.5662
1462.6858
1527.5778
1329.5428
1256.9083
1325.7494
1259.7994
1239.7198
1320.708
1482.9609
1307.6353
1560.3372
1196.9909
1240.0187
1313.1317
1564.1561
1516.1913
1418.5543
1391.8486
1530.6717
1053.7678
1214.1959
1278.6795
1322.667
1392.2813
1542.8419
1060.3598
1449.8315
1199.362
1107.3898
1315.595
1768.523
1472.65
1113.5448
1172.1726
1395.5293
1339.0674
1520.6788
1671.4512
1430.4268
1602.0131
1343.6219
1497.0611
1195.2668
1153.7254
1077.1818
1463.8087
1722.7473
1576.5912
1557.6376
1117.357
1552.3759
1384.2113
1312.3445
1516.4223
1512.6791
1418.4655
1433.3912
1165.6434
1482.0026
1578.3966
1372.0146
1319.9212
1224.4148
1469.9115
1114.1964
1311.1917
1371.2879
1534.5837
1366.8361
1131.9379
1405.6614
1311.25
1440.8874
1214.1472
1157.557
1264.7796
1342.2775
1371.3871
1258.2963
1226.5597
1400.5125
1019.5381
1485.1679
1235.422
1543.4149
1260.5923
1295.5415
1640.5426
1368.1387
1304.5733
1417.2035
1557.5962
1627.5595
1556.534
1526.1403
1354.2394
1178.4255
1355.4568
1420.9238
1430.8005
1143.9788
1202.9942
1427.4207
1328.1594
1478.4733
1293.2656
1224.1894
1467.4558
1478.4206
1572.5007
1572.757
1623.8638
1494.9807
1523.3664
1508.8598
1534.8291
1193.3089
1472.9955
1535.4883
1407.7596
1602.4374
1376.7974
1180.8882
1491.4208
1648.3322
1538.1715
1304.3787
1367.6792
1307.5645
1476.4301
1429.5615
1362.0813
1543.0602
1322.4725
1402.2689
1400.6996
1426.7681
1612.1673
1562.9777
1364.463
1344.6465
1360.7636
1306.3114
1184.5254
1460.8374
1572.8001
1611.1063
1260.9268
1273.9136
1018.3266
1143.8123
1438.3066
1461.2807
1228.9005
1410.2017
1150.5908
1317.7403
1174.4613
1607.2921
1649.4829
1349.0199
1251.9033
1040.5526
1175.7072
1283.0073
1417.1107
1678.8644
1428.8122
1394.8659
1159.5199
1465.278
1299.4055
1434.2169
1221.9216
1473.8453
1414.9172
1386.4372
1278.5998
1303.141
1392.472
1185.8368
1307.4126
1536.2008
1481.3626
1430.488
1647.3256
1721.6765
1446.5095
1410.7025
1472.7773
1174.7825
1303.0047
1217.4293
1557.6569
1501.439
1557.5675
1617.9995
1165.4706
1265.2888
1440.0889
1313.1496
1690.9366
1356.0867
1309.3532
1495.6725
1658.5224
1387.9206
1692.4357
1519.2568
1414.1389
1603.7725
1449.1697
1290.7475
1426.9308
1657.6214
1456.0469
1237.6073
1433.0336
1471.9237
1528.5186
1523.2225
1715.755
1511.8925
1382.3967
1328.9818
1505.8481
1590.01
1086.2368
1345.6436
1430.6452
1567.3291
1374.6591
1482.3852
1388.1516
1566.3272
1331.582
1488.9463
1475.9542
1418.2789
1510.5041
1134.9711
1333.0953
1371.3582
1566.0052
1597.9395
1465.0008
1236.8302
1549.6392
1596.8035
1509.1585
1498.4233
1384.2241
1447.9127
1364.4178
1353.1017
1399.6368
1726.4525
1712.6708
1364.4205
1549.2592
1463.6728
1588.5655
1417.7328
1670.0955
1396.8202
1403.7387
1372.7678
1449.6212
1725.0723
1448.4235
1627.5778
1611.0923
1429.8022
1296.8081
1467.472
1300.8752
1316.4193
1274.595
1534.8717
1347.0445
1299.3332
1398.6282
1509.0369
1396.8971
1628.4178
1607.0704
1179.0456
1453.4208
1335.8992
1370.9864
1481.9398
1512.859
1573.8181
1042.6226
1307.1211
1176.723
1061.162
1296.49
1288.3944
1240.7847
1411.3686
1465.5172
1605.2626
1263.2997
1253.6991
1431.6931
1520.4107
1466.8355
1224.58
1263.822
1526.2901
1456.2386
1321.6244
1537.3439
1251.0696
1256.958
1225.7237
1325.7194
1424.5722
1353.6817
1507.0878
1223.3112
1027.0911
1169.416
1240.8133
1414.6164
1528.467
1440.0897
1455.4894
1352.9657
1317.9617
1325.8517
1438.9255
1425.9609
1576.5357
1576.2511
1331.1655
1178.4243
1367.7916
1290.0829
1296.7404
1406.0732
1298.887
1472.3193
1474.4421
1554.2798
1556.2406
1449.591
1482.8212
1147.5675
1438.3728
1190.9602
1107.9652
1370.5559
1184.9709
1338.4804
1497.3415
1344.5931
1212.6101
1305.1005
1479.0721
1274.6328
1455.1491
1336.1774
1360.3674
1196.3223
1310.9963
1445.4965
1516.0274
1277.7233
1468.6135
1598.2985
1567.7868
1260.3865
1065.9586
1320.4684
1484.9833
1483.4991
1347.1654
1437.9001
1119.5562
1321.9795
1409.9836
1327.2053
1222.2004
1196.181
1272.1581
1039.8994
1582.344
1265.8567
1429.2805
1508.2223
1368.6919
1404.4095
1501.8312
1543.1906
1374.4739
1345.4283
1437.2878
1254.4038
1050.461
1381.9964
1534.7957
1408.4082
1154.0894
1277.9574
1297.7704
1691.7086
1325.8966
1372.8048
1334.1821
1424.1752
1216.1851
1427.1923
1558.2711
1144.8819
1419.653
1264.1976
1543.1994
1524.5397
1525.9577
1464.1298
1271.2289
1276.5368
1361.3775
1351.044
1659.1025
1328.8882
1397.8617
1412.0723
1470.1776
1334.6602
1498.6438
1224.605
967.19687
1453.8074
1559.1536
1511.2448
1388.6512
1351.7008
1474.7951
1219.9984
1459.3936
1365.2442
1365.1414
1407.6245
1544.4693
1170.3448
1200.2371
1331.6817
1602.7183
1394.0101
1670.5658
1226.3217
1131.7411
1229.063
1378.6526
1640.2713
1475.5086
1448.9062
1535.4685
1191.8656
1310.8459
1160.7108
1594.9731
1300.929
1376.092
1036.7714
1375.6173
926.88699
957.16565
1040.9733
1033.8101
1398.0889
1316.2152
1209.5955
1252.4024
1246.4644
974.16006
1493.9134
1642.0823
1750.1855
1398.87
1278.2326
1436.8759
1287.1635
1404.7438
1372.3064
1358.6484
1281.4316
1540.4172
1345.6834
1344.5153
1603.1416
1240.0671
1461.4961
1096.2006
984.5507
1099.1895
1198.9201
1418.8784
1213.5938
1364.1068
1578.4749
1330.0027
1205.0546
1070.922
987.23405
995.84507
967.6626
1139.1879
1247.5821
1126.651
1192.6271
1120.5943
1188.2332
1099.9438
931.75311
1066.5795
1014.9204
1052.2136
1095.1027
1239.4755
1419.9012
1262.8902
1155.4983
1330.4761
1244.9555
1391.2886
1242.6563
1179.0753
1391.0275
1451.3079
1449.5473
1196.0272
1390.8036
1478.6253
1159.8724
1162.7737
1369.44
1630.1058
1315.4576
1165.1989
1519.709
991.56761
1254.7916
1187.9849
1449.9072
1119.2888
1188.7352
1200.0073
1337.8026
1615.6468
1335.378
1280.8344
1448.7403
1279.8064
1262.812
1345.7431
1285.9686
1440.398
1399.3026
1502.761
1456.68
1491.6008
1211.4571
1411.8565
1298.4287
1469.7678
1442.2466
1291.3762
1323.7056
1555.9341
1112.1424
1271.4293
1291.3017
1466.4628
1432.2745
1351.6147
1191.3901
1187.879
1271.5102
1483.7566
1326.4705
1203.9051
1232.8472
1129.3981
1222.0591
1443.4166
1548.7334
1610.2086
1513.6486
1493.5342
1579.1063
1316.434
1314.941
1468.7733
1618.4779
1575.125
1547.3253
1477.0276
1395.901
1327.3596
1296.6943
1637.4954
1634.0297
1375.6151
1267.7109
1292.8665
1248.0032
1087.4588
1465.9612
1159.1476
1420.334
1205.4365
1228.0643
1323.8485
1724.4944
1427.5915
1391.9215
1445.3252
1245.5194
1369.5747
1498.2734
1378.8859
1475.9357
1462.8576
1618.0289
1456.1476
1254.1733
1177.6304
1296.2922
1536.9697
1344.0419
1305.7542
1272.8823
1076.6692
1269.4815
1575.6455
1420.2782
1624.5662
1412.0569
1200.7283
1347.8059
1559.6834
1456.0005
1410.7041
1269.4627
1279.1422
1394.8397
1336.7553
1511.3362
1598.465
1124.2595
1251.5365
1422.5249
1617.0669
1233.9687
1340.0285
1303.1681
1169.7154
1150.605
1603.4416
1471.792
1023.2474
1578.0746
1093.6295
1448.263
1344.2438
1390.4588
1399.2149
1135.2786
1298.8474
1340.0252
1236.3321
1319.8644
1413.4349
1319.6755
1328.5823
1295.4179
1389.1319
1327.3361
1344.9743
1436.1047
1588.207
1342.8251
1226.1036
1255.3081
1389.7146
1452.994
1547.385
1362.1347
1472.7347
1520.6366
1372.006
1377.5074
1390.8783
1502.3493
1514.396
1383.861
1340.6044
1352.4157
1595.5097
1481.9053
1589.6571
1510.1331
1577.5604
1265.645
1404.7915
1723.2631
1553.9396
1630.4245
1638.0051
1370.9889
1289.4088
1086.9279
1007.9157
970.63706
1287.3762
1371.513
1106.1111
1249.9015
1164.4372
1341.8995
1294.0676
1294.271
1463.2803
1311.2446
1458.3856
1210.2477
943.44629
1288.997
1270.0379
1557.1017
1358.7736
1563.5468
1714.9599
1345.8303
1327.2883
1432.5648
1411.3172
1402.8545
1654.0491
1256.6974
1554.9732
1188.4529
1620.8324
1659.9005
1468.1683
1214.138
1487.1743
1409.1968
1386.2735
1279.111
1237.467
1181.8166
1218.1338
1225.1503
1525.1824
1317.7818
1310.7467
1354.142
1401.4719
1352.339
1266.1028
1459.0035
1286.5315
1412.7916
1353.0362
1447.4319
1579.7464
1188.0321
1304.2214
1491.6193
1525.4787
1417.5456
1347.6244
1573.8812
1472.7913
1377.9403
1506.8439
1390.2452
1550.844
1161.3563
1390.1236
1484.4245
1330.3999
1411.549
1366.7459
1346.068
1149.4791
1431.714
1305.3791
1377.8102
1385.5344
1539.0424
1385.1518
1256.0872
1408.7354
1590.5578
1159.1315
1317.8028
1290.7699
1662.68
1567.7936
1282.3207
1340.1685
1372.947
1350.5415
1363.4901
1373.6481
1001.96
1147.8653
1397.241
1179.995
1142.4514
1250.4289
1385.0156
1353.3825
1372.5164
1590.2164
1301.5619
1220.6612
1181.6839
1457.6322
1550.3077
1505.3855
1502.732
1253.8975
1459.7252
962.92556
1176.6218
1142.3058
1443.2651
1564.1635
1497.7493
1399.8938
1440.1359
1450.0075
1475.8754
1433.3569
1336.9314
1312.7822
1189.3992
1538.8823
1496.0887
1496.4216
1390.7618
1261.0958
1107.7185
1064.925
1425.3476
1337.8391
1201.6855
1186.4579
1160.0011
1199.9968
1149.6592
1504.8195
1471.6066
1347.0814
1311.0299
1181.9852
1453.8711
1424.3062
1229.487
1475.7841
1282.1858
1252.1119
1146.4239
1056.3127
1241.5047
1454.31
1514.6275
1571.1502
1399.6994
1108.0429
1399.3597
1285.7656
994.69795
1162.152
1456.9828
1537.4885
1197.863
1164.6746
1364.6529
1315.7997
1104.9069
1236.0954
1065.9905
1169.8165
1420.8681
1392.3895
1373.3703
1192.8174
1160.0837
1137.5665
1332.0748
1458.3936
1146.2272
1208.2323
1550.1719
1101.7843
1013.926
1090.6786
1493.0625
1233.678
1008.3996
1399.1033
1235.4533
1157.9801
1042.9293
1103.2829
1244.5272
1387.8986
1147.7663
1030.8891
1529.2645
1070.8521
1432.2945
1141.4
1404.3245
1455.5496
1446.6973
1009.5805
1387.527
1283.3564
1180.4355
938.54337
1126.9681
1038.0808
1166.3964
1160.644
1420.4087
1689.3057
1630.6612
1212.5624
1301.2732
1249.0455
1362.2775
1489.2526
1611.4097
1490.6471
1180.053
1487.3098
1544.3837
1561.154
1349.8148
1412.9443
1390.8568
1527.375
1407.7231
1338.3289
1288.5551
1211.8015
961.58653
1092.707
1448.1051
1288.1909
1201.0373
1252.7293
1378.9685
1425.5908
1364.2211
1598.2845
1495.3217
1443.3461
1482.9383
1295.9928
1181.3553
1348.5322
1543.4228
1286.4144
1291.1033
1410.5973
1415.1161
1329.3889
1572.8572
1336.8492
1366.7632
1300.456
1210.7438
1267.809
1346.629
1323.5464
1293.1113
1506.4398
1311.821
1219.6643
1251.1015
1001.9782
1400.6098
1076.5521
1390.7396
1337.0115
1037.9242
958.62214
910.22185
1198.3107
1349.3089
1254.1515
1238.2632
1410.7064
1123.4573
1254.0485
1070.6561
1147.159
1243.4443
1298.5378
1316.7488
1272.9729
1167.6519
764.76108
1095.0616
1237.5085
1443.7501
1141.8727
1372.8361
1382.2841
899.55169
1287.6596
1392.6925
1091.143
1610.7597
1545.5476
1434.4249
1414.3638
1240.5857
1172.4388
1260.1696
1057.3078
1135.4342
1507.3805
1583.4869
1259.3151
1510.2725
1647.6025
1424.3327
1383.5476
1399.1444
1162.9576
1296.4347
1285.1281
1262.1101
1261.5906
1382.8258
1579.4579
1497.1493
1303.7693
1338.5142
1366.2732
1509.8799
1532.0959
1650.7783
1482.2071
1422.5966
1460.8309
1374.2783
1236.495
1385.5543
1191.8892
1039.1831
1108.9431
1301.5937
1582.4787
1470.6455
1545.1592
1369.3451
1357.0239
1455.7812
1186.6913
1169.0623
1186.6514
1400.4116
1451.1017
1500.589
1624.1167
1274.6153
1249.3274
1237.1734
1099.3096
1281.4952
1132.5143
1001.792
1241.2103
990.40793
1159.2671
1121.1107
1258.2485
1372.6434
1269.0952
1125.8977
1234.8367
1254.4625
1330.7215
1236.8887
1234.6627
1218.8755
1145.3567
1399.5092
1265.7253
1234.2352
1036.2242
1379.2961
1432.4491
1373.8927
1539.1594
1447.2634
1294.9602
1095.0083
1244.9737
1312.9452
1415.2372
1608.6827
1473.6987
1353.2465
1039.9907
1528.7983
1702.0325
1262.9701
1362.966
1498.7193
1229.1032
1203.9585
1219.2155
1329.5186
1605.7212
1545.5756
1403.7982
1161.976
1371.0403
1268.0089
1493.8388
1527.6376
1537.2739
1588.1289
1362.5698
1181.2804
1379.892
1177.9675
1345.1729
1567.3537
1333.6276
1411.6686
1064.7152
1041.4549
1466.401
1381.5741
1339.7942
1259.3243
1441.1325
1501.606
1395.1646
1364.1853
1359.4854
1358.6547
1005.6561
1224.7273
1338.0659
1236.5138
1286.3693
1123.1878
1596.5947
1280.3507
1490.1094
1457.8565
1523.9185
1348.4074
1396.7912
1388.1773
1142.4976
1582.2307
1173.0151
1405.6109
1506.7783
1490.0703
1291.5024
1173.3136
1498.2721
1410.9031
1243.2252
1219.9695
1142.6458
1165.4415
1515.644
1229.4713
1251.9512
1205.7031
1139.7807
1167.9099
1213.5569
1191.2847
1301.2534
1411.4061
1164.1979
1211.0811
1331.5051
1245.7536
1398.5603
1093.4266
1376.0868
1371.2537
1388.5088
1246.4741
1271.8444
1300.9199
1181.4544
1203.0944
1254.9684
1035.8976
1158.1121
1182.8156
1289.9339
1057.6577
1160.3388
1210.3088
1292.8963
1522.0794
1240.3633
1681.2766
1515.326
1491.1844
1556.312
1348.5968
1240.5038
1392.3629
1364.9063
1345.4526
1492.3933
1380.0589
1335.5112
1369.2144
1423.6624
1430.0007
1395.3086
1335.5195
1641.5719
1488.0631
1410.1942
1375.2704
1357.7566
1348.7547
1470.2907
1196.3195
1711.919
1498.948
1051.7398
1088.6374
1112.5007
1375.5867
1124.1577
1387.6659
1280.2962
1439.4163
1165.5528
1240.1028
1410.1968
1383.932
1222.4789
1266.5034
1276.7661
1201.3503
1349.0358
1450.8107
1430.3487
1256.9559
1434.2618
1543.1897
1349.5801
1071.9543
1192.5589
1416.9962
1325.2298
1299.6521
1428.1178
1111.9984
1233.3628
1416.0468
1312.5913
1407.0147
1349.5819
1533.0285
1547.0178
1615.6501
1260.245
1401.7621
1254.9917
1452.1912
1205.9838
1476.8055
1281.64
1446.3084
1415.1478
1191.544
1409.0955
1444.4808
1417.4791
1311.4437
1422.0512
1258.4157
1106.7277
1224.2999
1477.9681
1538.9086
1389.9451
1236.3173
1318.8053
1492.5953
1723.7814
1805.8232
1341.6556
1450.778
1283.6344
1348.8811
1661.1871
1568.4546
1379.9183
1217.1812
1181.4669
1208.1072
1534.9336
1464.9181
1346.4415
1396.3468
1404.8894
1465.7642
1431.5002
1371.1962
1273.1805
1349.1809
1299.2519
1546.9428
1583.1969
1462.3649
1292.4912
1365.772
1580.7278
1536.0382
1890.2144
1558.2254
1349.0544
1346.5247
1197.661
1421.8233
1496.7324
1303.1032
1225.8002
1231.2753
1385.7201
1530.9593
1527.033
1355.4749
1417.2249
1342.0604
1305.8678
1483.1709
1474.6554
1227.3999
1271.3668
1321.7987
1412.6107
1239.1905
1271.1537
1464.948
1360.805
1550.384
1250.7996
1252.6398
1176.2406
1512.6834
1423.7503
1423.2657
1390.4617
1856.88
1406.7043
1144.0717
1292.6363
1146.7864
1270.9137
1190.1261
1405.2739
1632.4966
1227.4133
1320.9498
1285.258
1154.4168
1376.8868
1338.9775
1382.9522
1439.8157
1405.1015
1500.0436
1146.471
1391.1768
1289.1868
1255.0764
1461.5001
1442.4024
1215.4804
1233.3554
1328.5565
1315.5568
1321.2599
1158.6292
1197.3581
1020.6788
1119.7784
1466.2493
1653.5912
1470.5625
1340.3228
1423.2639
1180.1372
1603.2218
1592.2967
1270.7743
1439.9904
1034.8435
1348.9802
1602.3565
1425.0891
1407.2881
1412.6068
1315.6597
1423.4425
1389.0652
1338.131
1389.5875
1305.4835
1489.0376
1251.5587
1490.3539
1321.3159
1392.1377
1173.4715
1139.3542
1317.4804
1079.1278
1352.9149
1458.2689
1196.8522
1370.6734
1194.7555
1279.2617
1563.3337
1432.6067
1532.5153
1430.9803
1170.1599
1386.7073
1464.6127
1422.4901
1451.6688
1672.5792
1663.8879
1398.4592
1259.5466
1592.8633
1396.8392
1258.8505
1271.2167
1164.2022
1281.2488
1264.537
1340.2387
1447.9997
1454.3562
1479.1552
1117.8673
1131.4744
1271.6122
1034.9077
1295.9054
1406.3316
1477.8443
1325.0841
1373.0222
1273.8469
1200.4105
1407.0511
1331.1391
1462.1025
1386.8765
1305.4454
1394.2983
1453.1801
1449.6854
1421.8327
1211.3859
1412.1241
1287.3505
1329.4399
1147.5542
1308.8372
1360.8163
1239.8533
1297.0484
1404.1042
1387.1924
1389.5136
1331.8413
1491.2578
1584.1503
1286.0392
1340.7298
1241.6275
1349.501
1326.5443
1464.8255
1105.3551
1198.7307
1347.0803
1606.229
1564.7224
1438.3954
1433.2882
1091.4144
1268.9575
1431.7155
1434.8397
1465.7169
1380.6897
1428.71
1377.3551
1302.9697
1322.5983
1115.8522
1383.8133
1560.4586
1428.1786
1534.9129
1191.4629
1412.9004
1081.5678
1357.9962
1447.7715
1413.5013
1506.8594
1428.5898
1466.854
1609.9119
1197.9404
1328.686
1392.3569
1433.4201
1332.7896
1542.7989
1500.7524
1427.5174
1493.0651
1479.9441
1230.1583
1362.2805
1270.9118
1533.0321
1466.6832
1560.5738
1630.6039
1538.4177
1521.6367
1382.8309
1644.7824
1505.6888
1479.1642
1233.0261
1243.5886
1328.951
1491.6671
1459.3252
1460.1952
1342.3927
1421.813
1516.0084
1173.8859
990.73051
1398.9336
1456.9944
1345.4337
1488.2965
1535.1716
1407.3995
1552.8729
1505.293
1549.9672
1476.4072
1529.8549
1343.3034
1442.1463
1254.5846
1291.2439
1236.7486
1267.6731
1497.7048
1376.0191
1318.3949
1542.9513
1589.495
1238.9779
1502.2633
1379.5936
1288.9081
1232.744
1515.9097
1634.5654
1438.3283
1407.8814
1350.4969
1414.6363
1368.243
1375.2267
1110.1331
1443.1479
1364.3985
1443.6716
1247.9032
1473.7589
1417.5894
1480.8058
1369.1422
1290.3951
1232.8904
1166.9456
1094.8088
1512.2476
1397.621
1375.6325
1634.5802
1491.2937
1493.3942
1415.66
1183.0956
1334.5923
1284.7942
1322.057
1165.4708
1384.6599
1109.3189
1185.6668
1323.2076
1325.5649
1306.3626
1433.8782
1384.7547
1294.3999
1344.4405
1326.6203
1441.937
1305.9337
1307.0413
1141.5207
1296.73
1097.8141
1433.6959
1240.1918
1076.591
1135.7196
1280.6934
1313.6633
1225.4056
1283.2802
1440.9141
1673.3513
1459.1598
1144.7722
1484.2149
1574.0958
1262.7048
1441.7324
1096.1875
1328.8479
1287.7228
1256.6312
1276.0488
1394.8443
1403.42
1462.0897
1600.4557
1552.2982
1311.2658
1589.8642
1590.1807
1383.191
1256.155
1285.7306
1456.712
1568.03
1337.132
1140.6889
1181.7708
1221.0682
1126.5227
1090.9134
1265.3627
1429.8032
1282.7856
985.37692
1516.4254
1266.9756
1044.5784
1181.8102
1039.837
1524.9071
1367.7728
1109.798
1309.175
1335.205
1472.6666
1470.0549
1269.9869
1517.9016
1528.2405
1565.1997
1348.7292
1373.7263
1305.2117
1117.3724
1414.244
1396.5789
1185.5005
1487.4987
1101.8893
1217.0081
1153.5484
1296.1236
1052.4833
1272.2809
1369.1998
1119.629
970.52545
762.89874
1247.0274
1126.8858
1062.557
1190.5577
1021.0868
1232.1895
1157.9193
1267.8337
1043.1428
1235.5043
1174.1154
1430.8951
1341.2613
1193.9429
1104.8061
1110.6195
988.45376
1144.5201
1204.4744
1409.2443
1244.6332
1369.0549
1176.7477
1165.889
1192.506
1160.4793
1335.6212
1263.1973
952.36344
790.72159
990.34268
1050.7949
1054.8458
1082.0286
1061.981
1298.4688
1345.3992
1145.1834
1099.4343
939.82819
948.24074
1157.1625
1242.2414
1053.8856
1213.8886
1314.1822
1167.5163
1352.4752
1307.6319
1429.4566
1159.4497
1135.4773
1299.4682
1172.3731
1369.8503
1286.4401
1327.7366
1082.4662
1254.7097
1307.591
1131.3314
1298.5501
1564.46
1322.1996
1384.0263
1377.1988
1151.3325
1533.2923
1372.7077
1100.759
1041.6031
1102.1118
1224.2208
1260.3598
1179.8535
1114.5736
1424.3879
1155.6769
1406.6708
1465.0794
1291.7949
990.19065
1257.2996
1254.3097
1333.8029
1303.9297
1319.9576
1120.0902
1182.5813
1156.9023
995.8894
1227.4754
1141.3745
1137.4925
1161.1415
1076.9312
1030.6536
1187.1012
1317.9958
1284.0112
1123.3142
1272.4314
1175.6491
1243.9054
1245.5873
1005.7323
1235.3269
1143.6876
1170.1102
1184.7384
1085.7874
1057.7726
1177.8714
1183.5568
1149.5778
1123.6331
1448.1133
1336.4315
1146.3225
1098.5982
1290.8708
1614.033
1227.618
1330.1063
1013.7859
1427.0613
1324.9245
1340.5842
1209.3398
1286.0515
1122.8527
1001.2531
1227.6999
1148.8385
1461.6496
1099.8674
1283.0968
1293.2035
1243.6293
1244.704
1048.5042
1176.3633
1302.9495
1419.7809
1206.4788
1287.4875
1209.9155
1475.2636
1294.5185
1277.586
1485.4512
1115.5937
1344.5847
1198.5955
1282.8299
1396.4923
1232.8768
1094.667
1213.8605
1132.0284
1234.2999
1321.8508
1241.1876
1393.4701
1042.4666
1166.985
1172.2555
1181.0313
1365.0636
1267.5165
1244.9369
1436.6574
1291.8463
1457.0533
1238.7409
1281.4223
1479.5472
1208.3823
1117.5316
728.34364
1220.9809
992.19708
1294.6568
1039.2659
1377.2585
1279.1162
1208.3305
1139.4484
1199.6782
1569.9354
1281.9239
1280.9817
1123.2667
1225.6148
1001.4012
1309.4285
1086.4307
1334.5387
1127.4353
1357.8811
1109.9268
1213.1889
1191.0863
1301.7018
1254.7733
1532.9512
1139.361
1411.8634
1441.0926
1145.308
1291.4358
1285.5628
1149.1764
1294.886
1087.2939
1132.6827
947.49772
1238.7798
973.95009
1350.2255
1521.3926
1304.4434
1444.869
1498.5451
1597.782
1388.9009
1314.4499
1308.334
1421.3663
1368.4051
1255.1843
1209.967
909.88638
1056.6635
1131.3918
1086.6238
1181.0825
1071.6777
1249.4546
1202.9774
1092.4083
1235.0286
1450.893
1334.2179
1317.6938
1154.7581
1338.6373
1458.6633
1219.7337
1340.7544
1178.9425
1346.5956
1450.1222
1094.5939
1357.9014
1217.8442
1243.4671
1002.3277
1408.0717
1015.1951
1082.8687
1412.393
1269.0703
1233.6591
1177.8812
1215.6604
1423.8709
1334.1899
1455.8075
1291.5973
1139.075
1336.7957
1134.1962
1221.4508
1042.2738
1232.0962
1098.0705
1082.7311
1112.176
1189.7343
1447.3807
1101.6782
1246.6396
1239.0145
1351.2859
1288.1394
1095.3331
1189.9257
1298.7057
1230.5313
1193.8323
1332.4682
1284.9756
1228.7913
1174.1311
1142.7204
1403.6751
1421.4341
1222.3742
1248.1845
1280.2176
987.88347
1197.2612
1294.0974
1216.5715
1199.6323
1174.4463
1052.6515
923.52885
1243.8845
1091.4235
1327.6662
1177.8528
1180.579
1040.6974
1200.7901
1075.9028
1257.7655
1250.4117
1448.6109
1156.9613
1203.2569
1059.0705
1348.7273
1501.1796
1274.2843
1137.9468
930.47454
950.0295
1313.3933
1433.3402
1283.6021
1489.0567
1385.7665
1356.5372
1269.7552
1202.0751
1129.1231
1247.8102
1089.1905
1262.2804
903.10676
1262.0675
1472.8291
1540.7658
1301.1029
1486.4142
1446.1935
1324.512
1048.5324
1481.0361
1137.6796
1485.8197
1400.882
1326.0987
1211.1187
1351.0918
1339.4225
1363.585
1225.2511
1538.3189
1157.9371
1112.4536
1222.047
1403.5295
1208.2109
1413.6665
1224.2984
1209.9652
901.22878
1340.0459
1207.3969
1193.5855
1386.5077
1412.8672
1249.0064
1264.6019
999.82824
1262.2156
1360.6775
1490.328
1143.8394
1369.1788
1418.4482
1281.345
1242.1323
1109.9884
1456.0901
1418.1836
1422.3353
1506.711
982.94855
1165.0348
790.54141
1203.7417
1224.0585
1356.8174
1366.5985
1515.1902
1251.413
1395.9326
1138.2821
1234.6585
1162.8916
1082.8082
1283.7306
993.76465
1160.4335
1233.4569
1285.4974
1151.168
1257.3077
1132.0291
1107.1534
1273.6974
1440.7734
1390.6961
1477.7098
1504.67
1329.1061
1327.1443
1358.5302
1256.8001
978.22588
1446.7415
1263.9123
1335.5038
1253.2835
1032.2533
1182.998
1521.4481
1199.403
1199.4573
1244.6697
1100.0391
1177.6712
1339.8733
1173.7319
1151.264
1076.506
644.28363
1052.3163
1329.2748
1448.1979
1454.6329
1395.7288
1154.3165
1105.1491
1071.6975
1128.7126
1231.6613
1164.4391
1189.2749
1119.2917
1135.1276
1355.7712
1268.5066
1381.2122
1052.9113
1089.2574
1226.0823
1166.7356
1151.7046
901.84201
997.28187
901.1697
1089.2855
1097.1184
1092.8875
1251.4059
1166.0584
1162.5502
994.30071
1029.2427
981.7019
1127.1023
1193.6818
1084.391
1149.607
1164.494
1011.1988
1121.5073
1357.6067
1218.1389
1224.6372
1430.682
1427.9768
1175.8984
1006.6719
1164.4985
1342.0515
1100.8764
1349.3011
1400.4114
1442.4585
1061.2045
1402.7075
1427.84
1282.0615
1375.6552
1353.9279
1385.6363
1262.1443
1207.1019
1144.6001
1006.4255
1046.9182
1019.6115
1045.2423
1306.1076
1132.9024
1063.9893
1069.9332
1176.3787
1300.4281
1553.3844
1250.1162
1273.4791
1215.5687
1215.1794
1074.3204
1224.9386
1104.7231
1118.493
1127.6761
1294.3981
1338.03
1275.1014
1395.1831
1306.3875
1133.1107
1174.7728
1269.0886
1376.243
1306.6055
1097.0906
1064.1908
1215.4722
1114.5949
1165.8219
1229.2526
1170.7827
1066.8518
1283.8185
1304.8325
1347.6675
1152.8086
1113.6479
1115.7736
1174.5132
874.00335
1166.0699
1271.9046
1157.8305
1067.9434
856.36385
907.59536
1212.5107
1426.3857
1283.4695
1431.8908
1315.6033
1167.0919
985.06855
980.25899
1308.5172
1427.2479
1172.0781
1345.0711
1190.0189
1302.6715
1285.1254
1451.2653
1466.2574
1308.6577
1206.5274
1195.8866
1179.7549
1091.9124
1080.7686
1209.1283
1142.3397
1284.6281
1292.6479
1253.7977
1295.6141
1195.4613
1276.8438
1028.8131
1204.9994
1098.0262
1064.91
1247.4177
1204.3341
1219.8951
1056.2734
1173.5203
1162.7649
1532.2885
1359.8502
1363.2164
991.36698
1128.7626
1175.9931
1086.2182
1049.3326
1196.2305
1181.6263
1394.98
997.94668
1224.3154
1220.196
1415.0537
1303.2826
1192.1008
1309.1263
856.25171
1006.6457
1254.2167
1160.2024
1075.5999
1208.219
927.32997
980.36695
1162.1452
1067.2862
1215.2551
1356.7176
1175.3459
861.26365
1207.3642
1163.8344
1406.4064
1416.2566
1315.9575
937.94831
1242.4185
1247.8371
1176.6323
1100.485
1151.9556
1260.4727
1078.0104
982.63101
1514.2542
1056.315
1166.3222
1241.6163
1097.8209
1361.0978
1175.7465
1454.1853
1277.9571
1174.5402
1255.9189
1258.9531
1189.2212
1169.5521
1260.6383
988.38337
1479.7408
1173.2112
1189.8159
1101.5478
1113.8094
1214.774
1525.0961
976.12155
1216.4564
1387.9187
1284.4867
1357.7433
1288.9132
1198.5151
1276.7986
1342.8172
1425.1526
1303.4053
1360.8713
1331.8115
1352.1928
1502.119
1426.8613
1185.62
1233.0627
1300.4876
1173.6736
1328.287
1387.3782
1293.5142
1337.4448
1406.906
1399.9752
1464.6972
1218.6913
1301.1184
1199.6408
1197.4285
1217.0061
1384.8047
1209.8099
1204.0792
1270.7632
1241.5375
1306.5655
1481.1184
1382.6903
1104.7938
1163.914
1298.9306
1126.8632
1304.8041
1343.8137
1302.5828
1496.617
1224.3655
1509.8452
1230.5037
1250.5444
1135.6448
1210.4906
1170.9735
1286.0389
1082.7753
1349.663
1164.9048
1082.7684
1107.3469
918.47598
1216.6157
1157.707
1400.252
1248.6127
1418.254
1452.3871
1381.9256
1255.8335
1338.3411
1337.3877
1034.2901
1248.8697
1161.7001
1246.2977
1201.2991
1273.5257
1196.8636
1189.6057
1292.0552
1503.7902
1239.5913
1228.1757
993.44906
1429.9979
1305.4843
1390.864
1469.943
1280.248
911.08772
1160.9137
1252.1386
1201.8891
1194.7526
1547.3322
1368.4804
1340.9244
1214.5207
833.98759
895.77999
1354.05
1441.9741
1252.9244
1195.2943
1248.141
1170.797
1234.5248
1324.8454
1393.1167
1196.7023
1330.5708
1018.5115
1361.093
1369.7956
1479.2581
1328.2769
1522.1705
1437.4192
1159.4144
1324.4316
1081.2951
1185.9635
1219.6134
1300.8419
1200.2303
1232.4367
1092.9475
1244.5028
1376.0744
1403.0435
1407.3937
1594.7307
1309.5441
1392.4331
1245.4952
976.30251
1152.728
1250.0267
1381.6152
1185.5933
1072.7716
1334.2302
1465.3082
1447.8188
1131.3279
1154.7562
1448.6134
1124.757
1162.9735
1126.0035
1300.3362
1158.574
1334.6732
1138.9987
1134.6209
1154.8075
1115.5889
1433.4616
1358.9397
1171.8868
1207.3771
1137.44
892.64381
1042.1498
1184.8715
1267.9256
1304.3798
1448.3544
1356.7141
992.5513
1183.4719
1127.4737
1420.3106
1224.0663
1245.7276
1491.5399
1232.2368
1281.424
1177.8491
1340.812
1380.5795
1267.2245
1021.2508
1120.3493
1364.4036
1278.205
1180.7975
1144.2923
1052.8842
1188.0844
1154.0289
1431.6146
1185.3439
1138.8121
1038.3743
1070.3995
1293.8839
1379.5851
1287.4828
1075.606
922.64603
897.86008
1021.9253
1084.1742
1345.7076
1220.1991
1259.0841
1448.9168
1175.7227
1206.6696
1292.0028
1342.2369
1119.367
1068.0076
1061.2913
1198.711
1074.7946
1229.6696
1370.5197
1098.3465
1424.1314
1344.2654
1429.1912
1405.5854
979.36104
1295.3504
1036.1352
1338.2893
1147.7012
1233.5695
1263.0199
1329.9876
1242.4353
1198.8798
1266.9827
1368.0263
962.23057
1118.5702
1419.1203
940.51425
1147.9789
836.33518
975.29946
1005.5621
1023.5775
1263.1989
1139.5332
1277.7618
1057.5594
963.35438
911.92049
1047.2599
1190.3292
1162.8657
898.85623
1136.8415
1168.3249
1164.1638
946.30523
1051.2627
1016.9851
1145.1583
1316.5037
1070.9148
1044.4204
1304.7371
1051.9134
1346.8907
1092.4408
1036.4841
1378.8999
1147.3668
1244.1267
1402.5008
1249.5757
1122.4393
1038.3027
1176.3027
1239.9416
1264.3547
1179.4329
1222.1358
1122.4515
1045.2025
1105.025
1383.0483
1099.0337
1471.024
1207.6183
1202.6752
1367.5057
1332.3822
1272.6867
1479.6342
1514.4166
1471.7303
1310.0092
1049.5479
1351.8613
944.22005
1152.4975
1027.3751
1176.0596
1047.5077
1103.8581
1347.0253
1155.9048
1019.531
941.89219
1052.5272
1406.4279
1240.3192
1150.6953
1137.0598
1327.2634
1167.8034
1379.8487
1331.3938
1214.8727
1394.9194
1411.5054
1104.1278
1218.6372
1129.406
1461.4656
1209.5125
1028.0776
1106.266
1273.8073
1212.7624
1311.0336
1354.3581
1289.8365
1247.5858
1074.025
1221.1458
1280.9668
1409.3379
1022.8448
1387.8226
1264.1204
1024.4365
1182.0596
1290.2781
1223.3447
1327.4566
1198.9269
1234.1962
1211.7321
1253.2469
1245.5795
1320.9784
1150.1735
1246.1222
1331.8369
1213.3971
1497.9453
1353.0849
1227.8037
1281.4559
1347.0536
1165.3325
1095.2811
1197.3106
1454.4405
1318.3984
1037.6047
1244.9256
1488.3336
1394.828
1377.0445
1335.5296
1350.1183
1275.7424
920.5748
1191.4217
1251.7316
1321.6983
1373.0943
1270.0387
1455.6711
1284.9669
1424.7484
1291.912
1280.248
1522.5327
1376.5633
1151.6246
1389.7534
1642.5662
1491.7602
1336.1776
1239.4952
1403.7067
1620.7516
1501.3933
1623.3914
1423.1567
1411.9882
1304.2465
1346.9275
1158.6529
1235.9168
1306.7784
1483.5035
1249.0209
1535.5202
1547.0542
1106.8794
1090.1372
1232.3635
1107.7381
1281.5427
1285.9424
1176.8746
1404.6525
1018.1734
1053.8414
1104.5983
1098.4522
1216.7307
1388.8913
1306.5733
1130.2817
1415.1883
1179.4091
1129.8261
1396.3897
1290.1729
1321.5158
1272.2109
1167.3717
1241.2561
1425.8399
1057.7224
1348.6602
1260.6466
1209.5767
1112.8685
982.24658
1157.2925
1215.4598
1255.2948
1325.6579
1201.386
1196.6456
1165.5891
1124.0797
1244.6796
1294.8322
1274.4961
1316.662
1265.3561
1269.2343
1500.2282
1576.9199
1339.0168
1254.1903
1468.2536
1247.78
1269.6681
1248.3527
1245.3658
1200.0941
1308.4392
1321.2536
1110.8647
988.00847
1096.2084
1531.5028
1586.6916
1287.3238
1251.3288
1181.5719
1081.6406
1158.3386
1488.9876
1465.4059
1519.4883
1382.3459
1295.5616
1334.1689
1439.8722
1386.8631
1259.4383
1459.2255
1190.618
1431.943
1160.9956
1335.7271
1613.8707
1281.2722
1510.6635
1116.6063
1112.659
1352.8871
1243.8131
1452.363
1430.0887
1584.1294
1195.5567
1317.4395
1250.5221
1227.1658
1115.6205
1479.2128
1673.0683
1334.4297
1530.3213
1517.0393
1161.3321
1261.8928
1517.4881
1454.0393
1372.6516
1542.7045
1287.6752
1375.0471
1214.5775
1325.0036
1246.2134
1317.2317
1462.9669
1193.1447
1474.832
1322.1809
1587.759
1458.6809
1062.6331
1402.5702
1357.3785
1567.3068
1110.8349
1494.7075
1095.8816
1238.7001
1578.4635
1283.7985
1550.3477
1419.1635
1490.2145
1265.6693
1535.8609
1066.0588
1488.0329
1274.9535
1477.5634
1503.0062
1478.1968
1561.372
1462.4373
1108.6952
1073.3833
1392.84
1396.2929
1428.0856
1290.047
1341.1769
1431.5304
1072.0712
1138.5069
1220.6307
1324.8164
1346.4647
1391.1854
1532.8037
1590.7281
1468.7898
1389.8437
1176.4851
1449.7844
1146.5451
1289.309
1485.9744
1413.9113
1373.4494
1253.4924
1190.5911
1222.7103
1542.1945
1260.7955
1256.6656
1423.4183
1503.5313
1421.13
1259.572
1418.611
1531.1037
1594.0168
1409.0692
1311.7227
1476.9979
1270.6409
1103.2711
1486.3191
1565.6663
1110.2661
1468.5173
1304.7542
1335.9916
1327.9652
1239.2297
1411.5649
1287.7898
1200.7136
1271.7196
1385.2691
1274.115
1406.095
1202.9066
1351.5681
1208.0987
1355.8655
1343.753
1230.0078
1234.9206
1216.3808
1453.7802
1316.3125
1597.6776
1408.178
1223.4303
1342.2524
1362.1688
1196.5546
1428.0899
1320.6999
1478.0532
1393.0872
1135.8094
911.49732
1271.0481
1121.5522
1636.9669
1395.0821
1198.6544
1193.5456
879.79493
1163.0413
1212.155
1253.039
1506.5822
1406.4814
1468.2571
1406.8654
1078.0234
1392.0812
1230.843
1426.3219
1469.4489
1144.6074
1423.0198
1507.1626
1493.383
1488.3171
1403.5244
1354.377
1487.6083
1382.2183
1323.4237
1176.8764
1405.8587
1758.6594
1399.126
1434.0635
1161.4925
1111.3501
1254.3645
1421.8104
1230.6621
1541.0047
1227.8158
1388.2626
1514.9297
1258.0829
1354.2926
1163.5562
1341.1718
1136.606
1377.4104
1227.0724
1316.7467
1359.6289
1356.8118
1457.2307
1505.0735
1067.2847
1213.8877
1454.1805
1456.6324
1428.7207
1187.9726
1240.3754
1411.4998
1331.6718
1285.0098
1285.1866
1182.7828
1325.3731
1591.5267
1299.1911
1219.0085
1514.2109
1296.4799
1268.3738
1418.8735
1218.014
1120.8862
1109.5476
1439.3874
1439.9986
1263.722
1288.6255
1219.5083
1376.6438
1333.9742
1209.6955
1450.686
1342.8641
1482.5488
1457.3597
1393.475
1467.9339
1464.5659
1614.2582
1169.7991
1499.3678
1237.9449
1447.2508
1588.2374
1215.3432
1406.9167
1165.3219
1549.8543
1632.6143
1416.8573
1214.0315
1264.3921
1382.7422
1505.48
1336.4363
1477.2932
1646.9095
1547.5723
1279.5575
1339.6125
1407.3417
1641.4236
1525.7774
1592.9308
1489.4825
1314.4126
1418.8252
1433.9182
1522.5972
1394.3599
1421.3714
1423.8733
1508.2265
1588.5421
1643.2812
1331.6866
1464.2256
1395.3304
1245.4306
1300.8182
1539.4313
1723.7245
1855.5258
1536.1563
1485.1556
1342.1719
1530.6505
1545.7134
1398.1932
1341.3244
1322.9468
1115.424
1479.9674
1545.1632
1465.7166
1428.5267
1308.9132
1355.2649
1452.9916
1594.2498
1411.3754
1473.2647
1271.3108
1448.9262
1497.7791
1187.691
1495.9072
1374.2084
1289.5795
1673.6574
1566.454
1653.5882
1425.009
1574.4278
1425.5955
1163.8926
1604.057
1157.6546
1326.6534
1553.6684
1406.7647
1499.0241
1155.4749
1339.5565
1477.3973
1387.2994
1201.2885
1574.0212
1434.8428
1633.126
1286.51
1506.3761
1283.5217
1380.2768
1317.0613
1220.0269
1455.0133
1250.572
1650.9807
1419.6907
1326.541
1362.1093
1482.8775
1560.8051
1446.5853
1567.1524
1423.7566
1567.7278
1303.1739
1095.8648
1498.7869
1528.6128
1407.003
1614.32
1285.1032
1786.4123
1384.6068
1600.2551
1425.2626
1522.3666
1151.3785
1277.8728
1062.6311
1359.6902
1377.847
1582.9396
1369.6252
1059.3727
1186.4882
1169.1052
1409.7982
1565.0733
1416.9203
1353.7887
1278.6721
1385.9659
1124.3823
1403.9655
1401.5039
1578.4057
1315.4653
1459.0378
1286.4694
1351.6698
1232.9918
1650.0632
1533.6973
1153.3284
1485.9212
1368.4369
1650.1312
1548.0939
1626.7091
1429.2495
1610.0736
1504.1281
1420.1203
1438.4695
1442.9823
1500.4591
1451.7225
1500.4126
1319.0106
1504.4044
1415.8631
1489.3713
1559.2281
1452.3696
1736.1437
1586.0675
1457.1358
1242.5116
1533.3994
1493.9994
1189.7522
1276.0582
1472.1762
1357.9497
1437.3246
1354.5185
1399.8761
1373.7954
1405.426
1264.3347
1415.6058
1418.4125
1661.4602
1537.0552
1288.6562
1473.129
1281.4757
1336.3598
1390.3102
1405.751
1471.2577
1538.0772
1365.3329
1247.8957
1298.8628
1180.521
1324.6015
1492.2383
1518.8857
1479.1097
1617.62
1302.9482
1308.374
1217.6069
1089.1016
1003.6032
1351.606
1196.5924
1349.3457
1440.4117
1409.6483
1305.0298
1694.2198
1396.5468
1500.9312
1303.5712
1493.6797
1278.2099
1610.7085
1120.3811
1111.2057
1212.1577
1322.8641
1535.5145
1311.1477
1322.9008
1270.19
1204.6352
1283.5272
1550.7878
1469.2075
1293.6244
1666.809
1523.9666
1296.4071
1294.3579
1503.1816
1362.3881
1694.3437
1488.4384
1126.1193
1462.3323
1684.5505
1624.0895
1397.1544
1729.5687
1361.5144
1323.0625
1526.2216
1328.3486
1402.1007
1291.6099
1416.5842
1369.0475
1461.5891
1687.5943
1469.2931
1557.1915
1623.6826
1646.2324
1699.1597
1474.5482
1424.005
1495.9952
1541.6841
1499.9974
1371.3323
1320.931
1131.7778
1316.7723
1295.2532
1515.1028
1561.3256
1419.7994
1539.3568
1619.6501
1558.5173
1307.0354
1405.2577
1652.8199
1460.5645
1531.0914
1442.7648
1448.3561
1121.7925
1419.6395
1228.4847
1327.6134
1544.4769
1608.0899
1464.2476
1625.1302
1192.3688
1361.7475
1546.3213
1565.1862
1786.4864
1589.6947
1546.752
1607.2911
1596.189
1506.9303
1296.3358
1376.8422
1352.6265
1300.8631
1344.9646
1410.7615
1463.2143
1560.2937
1670.9819
1292.5034
1415.7481
1427.2626
1573.5655
1141.0687
1314.4264
1310.792
1489.3393
1230.361
1309.4774
1493.6328
1481.6036
1470.4926
1291.2654
1172.9069
1368.1997
1106.7638
1479.0074
1472.8256
1567.5254
1548.4367
1461.9059
1268.5259
1620.2055
1334.3094
1422.5936
1816.0396
1643.601
1463.869
1387.3751
1405.8161
1408.3896
1037.0466
1377.8302
1347.0832
1362.5408
1313.1106
1218.9509
1193.9733
1776.0612
1685.0664
1452.8399
1231.2293
1435.4107
1166.5348
1153.9712
1067.6107
1251.9643
1243.7034
1448.1749
1236.5912
1494.5945
1318.0162
1499.1794
1165.3322
1100.445
1180.711
1335.3752
1398.9463
1478.1008
1250.7308
1218.2763
1445.1522
1367.8077
1587.7583
1423.0777
1405.5709
1498.3025
1462.9496
1427.9005
1287.7008
1351.3984
1253.8803
1252.6448
1675.8244
1331.19
1514.2353
1424.6002
1301.7126
1131.8893
1492.7761
1415.7359
1589.1784
1467.9696
1546.5012
1289.6217
1192.5433
1222.7436
1214.0071
1143.7913
1452.4399
1287.977
1575.1393
1552.4884
1210.3387
1087.894
1233.445
1413.2984
1494.8845
1418.8913
1193.8497
1489.9783
1362.1735
1448.5744
1555.158
1499.1449
1261.7535
1543.4657
1360.3821
1335.7782
1461.1132
1325.806
1606.1605
1366.6774
1365.3862
1247.5338
1450.6143
1728.1499
1439.6409
1186.1305
1087.4194
1476.5407
1633.5774
1339.3386
1357.2899
1379.5062
1478.1703
1475.8178
1448.3444
1736.7221
1471.8171
1374.0771
1497.8919
1557.0071
1172.8872
980.42251
1417.114
1344.1902
1012.1974
1056.4364
1350.3988
1589.141
1336.7206
1255.4829
1313.889
1281.8097
1282.8533
1371.198
1219.1288
1484.1705
1381.5476
1296.97
1371.3401
1513.5733
1431.8748
1204.3764
1259.9564
1253.9979
1458.4222
1354.9465
1611.7096
1475.3044
1506.1325
1389.5037
1227.9421
1208.8937
1255.2227
1341.5844
1296.9453
1345.2902
1152.3438
1342.7662
1234.7629
1366.7149
1592.2877
1289.8714
1257.4973
1487.1453
1235.9389
1106.0023
1287.8698
1296.6277
1334.7096
1487.5947
1157.764
1244.3308
1306.2551
1319.9988
1503.3865
1203.1538
1483.0587
1346.8428
1164.8086
1405.5204
1169.2166
1048.2125
1163.1413
1191.4988
1212.217
1482.4005
1169.5844
1325.0835
1241.1758
1307.7129
1578.8851
1474.3609
1548.7259
1350.6772
1256.6924
1559.9469
1549.4858
1420.4426
1568.8088
1370.3702
1210.0388
1389.7796
1437.3278
1303.0126
1533.744
1394.8278
1451.1206
1411.6123
1437.5189
1082.2296
1212.979
1313.56
1144.0876
1259.7457
1383.1609
1184.8311
1425.1931
1268.8353
1253.0897
1359.1162
1184.9178
1588.8146
1487.0305
1550.1798
1270.7659
1143.7906
1368.4599
1522.997
1455.6005
1310.95
1661.0309
1125.7112
1306.1951
1584.0698
1537.861
1517.631
1365.7522
1481.4643
1450.9412
1192.2629
1174.4348
1703.9485
1692.969
1481.7876
1390.6981
1309.9914
1225.818
1324.3763
1448.0966
1369.2391
1452.8709
1418.8901
1319.1635
1296.2137
1490.5154
1582.4117
1475.5156
1223.6445
1354.8803
1403.9413
1478.8886
1764.1878
1336.0248
1046.6313
1166.2021
1249.1043
1493.2425
1510.5458
1317.4767
1464.4974
1305.2168
1690.9624
1765.7507
1476.3167
1504.8789
1596.4738
1527.762
1494.9414
1452.3968
1278.7655
1260.5896
1394.4889
1111.6178
1288.1584
1460.5482
1598.4541
1815.7555
1591.6643
1459.3911
1497.18
1435.1504
1353.2108
1260.1956
1424.5345
1293.5434
1379.3485
1441.7622
1527.0722
1403.3319
1401.6922
1370.6649
1590.6878
1425.0796
1221.2181
1579.0392
1445.9846
1651.6426
1511.2579
1495.0355
1300.7218
1292.6014
1311.2814
1411.1066
1493.3866
1369.1535
1104.5508
1241.5961
1343.1031
1408.3387
1239.1467
1165.2371
1087.8262
1464.8341
1509.9871
1211.8872
1117.9355
1130.846
1222.9739
1311.8341
1446.2342
1303.1778
1226.826
1304.6307
1086.6118
1427.6978
1263.0075
1348.4763
1364.3753
1422.2884
1209.8446
962.23067
1263.7219
1094.7505
1341.5957
1175.2459
1088.4455
1055.8226
1094.7186
984.06737
1209.6523
1094.9642
1265.1271
1411.0534
1526.6811
1344.6193
1080.7264
1261.9904
1300.9995
1307.794
1063.4038
1357.5911
1457.9733
1158.3523
1298.9702
1444.0623
1496.6406
1260.5929
1175.2526
1315.902
1377.5432
1298.8337
1409.5567
1258.5681
1580.5934
1206.267
1265.9025
1378.997
1338.5764
1419.6758
1311.0727
1522.7468
1282.1983
1294.2329
1312.3674
1125.9566
1308.0559
1210.6638
1148.6359
1428.2452
1166.3356
1401.8832
1485.153
1358.1706
1529.2153
1757.5318
1401.4916
981.71754
1163.4447
1179.6552
1303.2949
1296.4639
1192.1263
1336.9713
1191.7677
1084.3034
1352.9114
1153.7436
1277.3884
1332.4992
1470.0782
1519.9219
1356.0199
1106.1325
1292.5849
1339.8771
1103.2238
1123.8778
1109.5605
1210.9558
1444.1488
1200.6967
1162.7325
1157.6345
1108.5894
1260.3595
1333.4315
1171.85
1203.677
1361.7064
1111.3362
976.54962
1000.2435
1261.4743
1367.2705
1280.8364
1164.6033
1495.5869
1519.7217
1339.4804
1341.025
1527.1266
1213.318
1375.8371
1259.4275
1197.3203
1303.3455
1402.285
1270.4044
1286.6184
1506.7641
1542.956
1466.6636
1277.32
1081.0723
1175.1725
1305.0844
1218.6091
1166.2371
1227.6671
1203.4856
1040.739
1113.3079
1007.3099
1277.6956
1096.4762
923.02342
1043.3324
1122.4903
1351.7051
1175.3477
1149.281
1117.7819
944.0359
1229.7123
1351.9768
1176.5309
1002.825
1119.7342
1286.8321
1183.6263
1152.6281
859.08657
1053.797
1019.3738
791.16183
916.82226
1299.1051
1176.0408
1189.0221
1009.4757
1051.5759
1153.8517
888.2938
1055.9093
1150.4458
1096.6963
1270.6994
1146.6425
1079.8514
1314.3912
1111.494
1026.4719
1030.122
1258.6496
1254.0713
1386.4049
1018.6634
1191.4596
1050.3284
1136.1974
1348.5159
1230.6422
1354.859
1214.0379
1218.1477
1105.9804
1311.5645
1303.8984
1346.2117
1055.4032
1322.734
955.72989
1194.3187
1387.1162
1150.2741
1127.858
1098.2275
1205.4462
1167.9467
1113.0622
1368.8342
1064.0319
1147.4666
868.75507
1115.0195
1173.858
1005.5875
1155.5971
1017.8556
1228.9847
969.53281
1319.5608
1592.0381
1306.1365
1200.9876
1197.6839
1207.7635
1208.5304
1087.2008
1237.4955
1334.7144
1138.3373
1247.6578
1567.6366
1191.9945
1004.9516
1223.7343
1014.0702
997.41165
1157.3821
1244.4663
854.15912
1288.6207
1033.7839
1171.0293
1113.4317
1085.8118
1181.1894
918.68677
1081.1073
868.32055
1197.8718
1286.6869
1134.0646
900.8755
1081.4055
1154.5882
1214.1581
928.56181
1238.4981
1180.4627
1193.0611
1146.8075
1428.4512
1182.3058
1097.2715
1229.0002
977.90678
1489.6669
1428.0151
1138.7461
1236.7606
1201.187
1233.1354
1076.1089
1197.3786
981.28758
1191.8696
1364.6762
1175.4323
1363.8576
1019.1745
1244.8427
1176.3607
1188.267
1291.7013
1646.1468
1263.9427
1148.3425
1426.8175
1377.8243
1176.5599
1257.1454
1212.5804
1231.1726
1009.2018
1019.9675
1305.1111
1335.896
1524.6143
1200.2511
1175.2035
1234.7636
1199.7155
1284.4252
1095.9562
1049.6763
1151.5978
1363.2102
1217.6139
1294.8901
1226.8221
981.14655
1331.3597
1145.9301
915.65986
1031.6287
1141.0875
1172.7313
1079.0488
1172.241
1042.6842
1131.9976
1111.0349
1345.526
1295.0255
969.32363
1124.1471
1137.4127
1360.5834
1106.2485
934.1514
1122.4331
941.99257
1098.5124
1035.6331
967.37878
1159.342
1044.4925
1108.8427
1201.9643
901.98882
1059.7679
1066.9611
1033.5632
945.37893
965.74025
1098.942
1103.9562
1406.8795
1311.2628
1206.8215
1150.8775
843.5365
1015.1154
1122.58
1100.6732
892.94293
1114.6947
1151.9842
941.26337
1094.2548
1293.774
1244.9111
1158.858
1036.5016
842.51078
1138.1326
1155.6742
999.29124
1204.1885
1097.06
1094.4168
1335.5584
1253.5707
1203.8429
1319.4166
1519.2713
1220.5834
1458.0033
1219.5775
1261.1329
1287.5085
1337.4156
1115.5783
1143.3772
1158.8663
1116.1995
1291.2074
1436.3292
1258.804
1525.6053
1632.7043
1342.3367
1284.8759
1270.2947
1435.8674
1251.8601
1200.8341
1191.9111
1192.9492
1260.7873
1192.2919
1442.0394
1151.2504
1265.7835
1584.6174
1419.9539
1060.9512
1413.7496
959.43251
1278.9324
1297.5479
1132.9701
965.47799
1089.5449
1165.9419
1229.8298
1194.5584
1300.5705
1255.1488
1214.7842
1248.2992
1176.0955
1093.51
1093.8809
1187.4871
1260.8202
1040.8624
1439.2747
1325.3068
1121.3488
1224.7109
1288.296
1313.9667
1217.7377
1310.9911
1123.6275
1377.0826
1253.0467
1376.8823
1218.5837
1105.1544
1274.8687
1082.524
1316.5151
1138.4752
1129.6591
1427.3602
1348.5532
1160.9325
998.10968
1340.8706
1349.2725
1367.5739
1152.6703
1221.7688
1180.9373
1169.9441
881.48793
1073.097
979.52557
1158.9365
1046.6149
1348.9791
1179.9344
1308.5412
1234.962
1318.4749
1161.1483
1366.4533
1164.3353
1401.139
1100.4982
1170.838
1194.6041
1028.2781
1079.0811
1315.5056
1261.6647
1179.7648
1145.0988
1152.601
1202.0519
1026.0991
851.88202
1142.0418
1080.8729
1486.0974
1085.1602
1349.7364
1276.1395
1532.8098
1155.8356
1147.6384
1323.1673
1373.4509
1134.3963
1214.8038
1068.7987
1000.1629
1285.6496
1021.5641
1260.5595
1113.7713
1343.9155
1375.7739
1296.0794
1186.9315
1383.3114
1139.0754
1350.8657
1371.8054
1187.9618
1325.8004
1288.844
1386.7053
1107.1322
1333.7619
1030.4791
1148.8413
1314.3607
1055.6033
1178.9797
1219.087
1156.1508
1198.7788
1192.3797
1133.3226
1118.5294
1357.0561
1216.2051
1205.8035
1256.9857
1148.3739
1199.9991
1267.2273
1367.2386
1121.8101
1141.2911
1313.7159
1321.1709
973.06007
1061.4268
1114.0206
1195.5796
1132.6929
950.19153
914.37777
1264.4834
1133.9832
968.40335
868.47929
1092.6712
1239.6077
1064.3891
1222.9602
1067.8409
1105.8318
844.13805
1128.2109
1083.4561
1327.6809
1044.103
1155.2318
1347.929
1080.392
1333.1505
1115.1023
1057.4072
1233.5491
1456.2501
1331.442
1095.8916
1186.1708
1302.1476
1339.0906
1159.2696
1324.7788
905.41533
1092.3671
1088.7012
1237.6678
1344.7859
1180.6822
1156.4298
1111.8196
1162.3508
1117.8631
1221.9186
1002.4407
1117.6118
1099.1938
1241.5453
1058.2063
931.86526
1054.3963
1215.6213
979.15341
1169.0224
1041.5346
1080.9979
1254.3944
965.88359
1168.5144
1367.9079
1020.3179
1051.6673
867.66538
1041.5348
1114.3452
1106.1675
1116.0209
1183.8204
1224.4295
1198.1949
1259.229
1119.044
1120.3154
1269.5039
1008.8898
1195.9375
1359.1771
1153.129
1232.3565
1239.934
1004.9187
1198.2823
1026.7103
1290.4174
1090.4026
1499.5266
1078.0752
1214.2747
1149.4082
1060.8066
1069.9071
1117.4235
796.8411
1009.6531
1279.7904
1200.2883
1033.0153
1144.8715
1395.2863
1368.8484
991.4168
986.59513
1073.6212
1105.7932
1120.5288
931.9721
1167.2772
1004.0622
1222.964
1096.5508
1177.2485
1421.857
980.89378
1117.0093
1223.15
1137.9907
1028.2703
1247.371
951.35409
1234.5474
1068.8999
1020.6356
1094.7521
926.72422
1251.7601
1220.3698
1216.4379
1051.8738
1306.4499
1183.485
991.88001
979.06757
1105.6539
1095.2837
1060.587
1278.0064
1329.3583
1002.4974
1193.1016
1214.6441
980.09464
1250.0045
1385.7612
1240.7321
1214.0301
1191.7063
1149.3902
1130.0834
1343.7083
1504.3917
1091.551
1080.0266
1259.4133
1098.7706
1064.9642
1142.2063
758.28162
1015.3423
970.1266
1090.6819
1188.5451
1010.1253
1060.1375
1039.7995
1168.4344
1282.7755
1127.2569
1139.8533
895.25188
1158.5786
1031.3982
1314.9925
1101.1254
1322.0393
1265.8636
1088.8575
1141.3189
955.81722
887.54846
857.29443
966.98715
1171.3856
1232.1857
1134.6676
1143.2998
994.3783
1135.837
1041.2905
834.29427
976.2188
1188.542
1326.3353
1053.5486
969.00683
1040.8263
1150.4432
878.11028
1088.2451
1168.5042
1042.6631
1038.3716
932.49781
884.32218
1138.9087
1165.488
1007.7099
943.08225
683.67093
901.57183
1212.7001
1309.2251
1032.3508
1244.9606
1112.7962
930.96029
1083.3201
1181.7257
1119.0692
1078.3699
1234.7077
783.07453
884.05565
1319.7092
1254.8312
1167.2563
1401.873
1186.0507
995.0828
1185.6314
1042.2793
1011.3816
1012.878
949.86787
1090.4463
918.70214
1060.7002
937.27733
1008.6803
1035.1623
1003.3037
1079.2301
1018.3502
1080.6261
1063.4557
901.49178
1258.7249
955.66399
1229.2626
1124.5023
1048.0808
1056.0243
924.75198
1114.7096
1347.2694
1190.7089
1350.2801
1299.8251
1124.7188
841.55318
878.06569
1169.2614
1278.1126
1096.1117
1165.1918
1143.2643
876.33463
1089.8542
1029.3992
882.4341
1200.9246
1212.5159
1242.9115
1083.7697
653.64316
1020.8151
1020.1982
1030.5461
1049.9058
924.37245
956.05474
1148.6644
1083.1348
835.02159
790.10662
920.06886
757.90243
894.20737
1050.4491
1034.5211
901.7424
1087.6286
1060.5681
967.96696
1081.1081
1197.8911
1029.2663
1070.421
1140.5974
1217.4079
1119.5361
1131.0001
1018.7862
1375.3482
1286.6625
935.01361
1020.0995
1143.2333
1183.7496
1343.4096
1199.0843
1018.862
857.8259
1208.059
1228.8006
1223.8549
1274.202
1311.9533
984.30159
876.55043
884.86032
976.67994
1050.8651
738.60653
1211.641
938.77949
1061.2609
828.09218
1052.7563
985.1326
1241.4749
1191.737
939.00944
834.60559
875.47344
1207.5761
1063.3921
1386.2457
1106.57
1276.1896
1104.165
944.8615
1046.9086
1043.0145
1079.1955
994.58166
1143.562
736.85686
1193.2094
1115.5233
1050.9564
1197.3068
1260.5762
1029.1625
912.49576
976.59515
1051.0455
1338.012
920.2637
876.98551
789.91629
1007.1627
1120.7815
1138.1084
1066.8023
683.61809
928.47674
918.73497
1123.8616
1138.4233
836.89064
1011.8289
954.98821
1277.8345
926.00506
739.632
949.55838
1234.967
951.76669
821.7381
785.51256
1098.571
826.98659
1070.027
1134.8251
947.62255
1092.7082
1033.9874
1380.6088
1129.1331
1303.3419
1045.407
1194.1899
1218.7568
981.6471
1034.6797
949.2359
1182.8454
884.15314
1354.1573
1079.7418
1208.0121
1246.581
1198.08
1148.4364
1060.0175
1005.7508
1039.4993
1025.418
1033.5782
987.28278
1175.5358
1109.7046
1177.255
1201.6598
1029.2171
1011.1957
939.70998
1074.6794
1019.0482
959.3856
1010.6564
959.82762
1164.9139
973.95511
1152.9546
1074.9845
913.8725
1018.0177
1190.4324
1185.6584
1142.0298
1045.3673
957.59058
830.74807
969.34327
1001.914
1262.3933
1237.4278
986.88008
1200.2524
1165.8522
1028.9448
817.98917
1252.9418
924.18448
853.61401
1102.5426
895.71449
1162.8215
1066.5027
1342.7369
1077.8595
1188.107
961.33671
852.51366
806.52139
1066.5473
1204.4886
910.86288
735.80337
881.28711
852.73721
783.33119
950.07376
1058.0301
1111.9544
907.35513
807.77253
1020.587
1368.3075
925.69963
745.36457
1001.4806
822.12256
970.0898
926.63266
1112.7326
1010.5307
1043.9029
1043.9427
830.78834
738.00835
828.9899
906.56121
963.60808
987.49422
997.75082
1085.7371
1217.8073
911.35565
961.29707
904.57863
1071.7372
1071.6143
1028.0653
879.11431
1230.8876
914.17015
1137.9959
1281.7187
1142.1633
1204.1062
963.51938
965.45192
968.96557
747.37652
1022.332
1092.4396
1109.4684
1075.6592
1150.9338
1198.3291
1117.0176
1395.6794
1182.8624
1191.3311
1023.0646
1130.4918
1093.6589
933.85248
1252.5876
1106.6372
1019.211
1092.8151
951.01692
1299.8396
1083.305
1172.6541
1404.1549
996.73623
833.50043
905.3948
801.69653
886.738
875.52021
781.66186
945.43479
982.38463
1062.0033
1004.2636
1234.4681
862.62411
1072.4304
880.62464
957.66189
717.40698
708.12811
926.2303
897.55797
971.29044
1295.1555
856.12792
1047.0395
952.08183
1113.5621
1030.495
710.46603
889.87693
1038.4177
835.70742
942.66124
699.17134
941.10491
967.98901
1005.6234
848.56997
932.12183
914.46613
1050.2368
979.36727
978.54857
856.62667
997.67799
1033.352
899.79902
1031.8153
888.61797
791.55489
943.24911
587.29535
756.51179
677.11799
784.8787
754.63993
794.84044
937.56007
1198.5277
875.76993
1176.7278
1239.572
860.24981
1013.6109
782.35681
1052.6728
1189.9355
1009.3516
889.45716
835.03139
803.11942
1004.7468
1092.7329
817.62261
1029.8658
940.75159
874.15295
1143.6406
903.72845
787.53908
870.56798
739.82202
684.4834
1019.9283
1018.3647
672.6609
773.1091
1000.1135
994.57575
943.69929
1016.5716
1139.51
915.44241
926.45469
842.61558
1013.9253
639.07307
841.19291
901.81858
1056.2428
1257.5916
746.63789
847.55647
1129.0154
873.9874
904.60223
1064.239
1009.7496
964.95453
733.61704
756.67754
1031.9273
1043.9082
997.94732
819.01312
917.81574
893.28824
834.19907
985.22855
628.84542
607.45882
927.75685
1120.0372
1120.3856
1171.2436
924.33413
874.91916
902.38148
1006.5177
1035.378
1018.1594
1065.0494
670.85299
858.53913
697.62203
1071.033
1080.4218
987.9492
1039.587
915.9994
804.67647
1017.3911
1015.453
1100.6422
1009.0516
866.71574
1228.4062
1123.4519
1106.2349
1099.1229
1020.294
974.30571
881.23754
872.58756
936.58568
959.73374
1200.0944
1159.8372
1070.2741
1183.5572
799.09194
1272.3789
992.33072
1170.1556
1114.8974
961.20616
988.90883
937.88295
1044.793
1101.7133
1096.2572
991.58009
1212.1338
885.73326
1089.2623
1087.5223
1039.8568
1164.3078
619.91782
1062.0641
882.66708
1064.1996
1084.9374
928.9309
844.12785
837.48524
1002.6672
1032.7491
1059.3339
791.10048
717.32276
1067.2877
947.54745
1062.6849
858.83746
767.87348
657.67698
778.26062
859.73238
840.29886
779.56773
751.89351
934.56328
1120.1241
1026.4478
1131.2189
936.40637
945.92769
860.97581
1028.311
991.59455
983.14599
876.23021
786.85918
750.27982
854.191
1123.5654
884.86979
747.73767
867.19668
910.37215
837.51077
824.70021
967.46839
790.13892
974.53593
905.68362
1064.8875
857.04053
1214.8931
1181.0073
864.90894
918.51078
1081.7054
1143.5734
1237.7106
962.96645
1232.9445
1087.6186
830.07653
885.56858
796.79723
845.22659
813.13774
901.83137
986.06415
750.94443
913.79312
1243.9497
1214.3545
918.9046
1096.5871
1106.1456
1155.4161
902.03821
804.0089
872.6349
926.68807
959.72155
1291.0429
927.01883
1157.6408
803.14798
952.70788
978.94764
968.54222
1207.4554
1251.2635
992.21493
958.74141
1234.612
1045.3763
998.62121
1004.0338
1125.9922
1069.0212
1027.861
789.50729
977.63418
774.21607
1165.5197
1102.9689
834.42076
1039.3731
877.52148
662.06266
852.24912
798.52431
822.30436
947.53932
1086.6007
1003.5169
1049
1143.5079
1024.7151
984.90819
776.47507
666.05368
690.27527
838.01025
1242.6831
1384.4213
854.84232
871.54096
691.43943
722.58987
814.96346
739.04722
974.79822
1021.9322
926.47003
876.78846
886.79381
972.14819
874.66743
917.88801
783.76434
955.25299
948.71567
825.35746
929.17561
1026.8081
1192.2123
764.37559
987.5088
764.91847
981.21186
763.73147
1113.1362
1109.0388
1044.9583
253.21035
526.06121
1062.4095
1149.6785
834.46908
1119.9102
889.67632
1358.6136
821.14264
935.8828
1137.8509
1076.3002
1212.6258
1246.5091
836.26971
675.28559
687.58456
1179.0011
1077.6477
1134.8278
1200.7757
1081.6548
964.19334
922.28332
1048.2923
1267.6431
1166.1552
1198.5559
1334.8634
1044.233
1059.7722
969.97192
988.98441
1187.9272
1055.5081
1048.4422
1213.8445
1067.8768
1236.4718
1290.6126
1021.6303
1136.2435
971.21191
920.41823
654.94295
1253.769
990.4223
1133.8542
1204.4017
1274.3634
1287.059
986.79175
1382.0532
1249.4912
1113.9365
807.77653
933.49764
1027.2321
1217.7904
1038.3187
1010.1997
1226.5104
1319.0506
1138.1502
988.40734
1235.0465
953.90245
774.4995
987.1719
1015.9089
1115.0279
1030.672
870.94383
858.2248
958.01997
917.20762
990.79838
1043.7047
1044.7643
897.07
1085.4506
1123.6636
1109.0951
643.23443
631.00348
845.8002
995.30973
973.53845
1186.984
912.89681
902.9604
834.93758
1072.3828
1106.1338
855.96034
879.38591
921.12396
828.44549
972.8427
697.4638
872.65929
884.56986
819.12747
1042.1838
830.07699
1157.1089
1006.6799
972.15681
1040.4946
1006.1383
970.05522
683.4026
1178.2832
929.63756
941.73052
1128.5689
1123.4134
981.32064
889.32664
1042.2221
823.79999
914.60133
1005.1984
982.33762
947.71794
922.50539
766.87496
712.19505
1035.789
1046.9907
1057.6336
877.84481
993.20998
794.79413
1030.2117
964.00754
791.1775
970.14425
1109.0082
934.14918
1131.4758
900.61936
1004.7821
614.0971
603.29892
1006.1637
920.15697
1168.1807
1146.6239
1293.5329
1039.0254
994.77593
1105.9662
968.29028
1032.652
874.52423
951.50153
892.07625
1012.9601
1003.8397
1025.3081
905.12698
817.65715
1060.5646
839.29696
972.55868
1002.5066
959.17638
1090.9366
818.85999
909.11356
905.01719
1080.4774
1064.8059
867.0997
871.68795
892.76388
739.5911
949.33788
1084.6798
1245.8059
855.92395
1051.595
954.28435
1021.3521
989.16131
1024.8652
1119.0244
971.8165
1103.8908
1137.5059
978.02743
1182.6524
993.85736
887.67815
1105.7623
1006.7966
761.3293
853.57937
909.08184
985.86363
1047.7004
1218.6154
1136.6354
1188.273
1165.7179
1039.3157
1050.8127
959.79107
1104.6889
858.68239
889.86408
997.55343
903.36497
872.58316
795.23433
765.45808
530.6207
1023.8335
1163.0642
1180.4249
1074.4472
823.36767
787.72875
881.14251
832.09928
1145.1079
711.06024
788.62009
896.22228
863.73593
1056.2585
999.98944
804.91266
1022.3631
893.03426
719.87719
757.61906
1529.3275
982.18303
928.34747
832.29222
805.68633
1017.1469
995.8683
720.25206
710.68924
692.70075
710.80973
781.37299
967.01673
505.85065
637.94177
848.05242
826.33584
1156.9344
784.79103
988.0759
660.74388
967.44446
785.48976
872.27992
1216.6122
832.0373
720.89496
1135.4754
953.20635
759.06261
883.36946
945.12491
935.88728
793.43828
658.32546
868.67004
800.97015
857.59755
710.63346
866.00388
857.86646
1188.4782
987.03372
1119.5665
1141.819
1164.7057
964.98775
779.13716
921.85358
891.59476
961.4065
859.90613
1156.4373
955.39386
796.51355
578.81572
961.22425
887.2899
1242.8785
965.89242
999.7922
1018.8711
865.01532
1009.8416
707.34116
1179.3178
981.83824
675.7754
778.44583
731.92208
834.97036
1001.2789
1009.0495
1125.5855
730.64501
767.45005
918.00593
888.76904
890.01609
671.83838
1051.0704
1014.224
970.37341
945.95201
907.66704
1217.603
1035.932
797.79861
856.67757
1099.7652
856.21102
927.19628
1044.3213
1045.1123
1121.1148
805.12916
1028.8792
1132.9773
1156.2695
828.67044
814.35907
966.16424
1080.166
859.29143
1081.9959
815.27927
772.1367
1006.601
1055.5481
919.60541
854.53222
759.1153
823.9848
634.53095
810.35897
762.36387
797.69008
763.45552
628.36659
721.81048
858.68477
700.18537
972.98702
636.87658
914.88533
856.41404
832.88814
863.90277
849.51386
886.82176
1071.9797
907.80518
738.09196
730.54918
638.75575
973.33936
1081.7364
1033.6222
760.73145
981.04477
620.08715
947.77062
892.54145
782.48596
904.18077
743.52324
703.00086
1149.8352
915.76344
900.61829
976.43088
915.07338
921.17841
1059.919
730.16568
791.82623
890.31541
1191.6963
910.11007
1104.9008
848.40515
881.35242
880.31499
1466.2298
905.03351
505.74408
817.3045
1172.0613
985.35108
660.7029
698.21827
645.69572
923.12693
768.40355
945.55914
799.22254
939.24498
506.68296
927.74496
850.4461
952.58177
911.85873
1226.1807
1053.9304
912.19002
1110.4928
1107.6048
1015.2416
912.99877
827.56723
922.58279
822.61436
779.05675
731.70013
877.77862
824.25881
823.66909
851.06681
992.15518
728.75
987.62058
840.70215
1041.8772
923.66023
1025.8186
1014.268
1078.065
911.75031
1170.7755
969.59847
897.79669
766.84699
860.98315
702.95373
1186.8549
981.48955
834.62492
952.19256
1003.274
946.35541
937.94041
997.1274
1052.5584
996.94524
1207.0996
1301.6392
927.78779
1154.8187
1134.611
909.28841
1150.8068
702.00527
1046.4264
1021.6221
839.9987
1055.3006
776.90842
744.6857
831.60341
758.05958
723.60581
1159.9552
873.77134
1043.5711
870.33723
790.62703
852.09175
975.64787
1066.678
908.28243
852.9491
1075.3951
970.08601
981.81381
1029.3822
1014.6359
733.52966
1073.7278
992.89556
1061.0914
912.45912
754.9047
739.40746
963.12114
925.81963
848.66783
908.8702
1039.4384
1130.4309
970.42873
900.14979
750.72129
1066.5892
1059.9051
848.1511
967.18356
1009.1335
875.65102
970.92219
994.65287
1063.1014
943.80872
869.59061
1155.1808
997.38942
929.73338
703.67764
794.86527
923.16219
694.17862
973.58885
981.86892
1060.9924
845.42636
548.14967
772.82494
1099.2385
1127.1894
791.47226
956.53816
845.545
822.04613
906.83731
767.61027
900.39444
987.05075
852.0768
899.73962
856.85189
936.0405
817.61415
850.22108
1056.218
1018.1533
888.31822
790.72776
529.60879
834.94032
944.03842
807.45158
997.22687
976.10388
1261.3165
947.9719
992.69475
899.05204
975.65755
923.65286
821.01839
830.63047
606.95341
806.42835
872.63878
912.35415
852.05939
888.10172
761.23768
586.22373
904.35436
1094.4283
960.7922
980.99711
760.18343
1120.1341
927.1583
1095.7464
1204.7762
1005.225
852.05341
1116.1012
797.24578
1027.0119
852.98209
961.501
814.21362
951.68422
957.4411
1039.9413
1213.4443
1048.7045
976.64185
930.20472
803.02266
818.43691
885.08302
941.91787
1112.5594
977.35366
830.17374
997.93733
888.29628
671.31787
917.92709
798.09798
928.45904
1002.2205
900.14199
1011.1701
942.59783
779.63802
771.98087
864.63905
820.96375
849.10185
788.44091
872.10028
955.90053
831.89083
868.70564
726.45943
848.06738
705.3197
999.95419
873.3788
561.58012
724.4788
698.55389
620.30352
810.7062
943.47194
1121.1775
982.7792
630.02328
835.10638
866.03993
877.87345
882.17082
999.65462
653.4576
520.27228
826.84602
813.17413
812.92308
1100.2363
967.04669
879.26731
789.41246
1052.8597
1140.5116
921.32548
770.62002
856.67968
925.19482
975.38119
1213.0504
1092.8195
1166.9623
834.60329
832.95532
909.00838
900.5738
864.12122
759.32676
917.46312
959.41113
821.75023
713.33464
808.40797
812.9897
719.28867
620.50619
837.1758
592.00285
917.88629
993.63417
1051.7398
942.84685
1014.9827
795.84663
678.6041
799.92685
930.08482
906.5023
872.07763
889.00585
840.06039
828.83507
960.16531
691.46223
524.58275
1112.8115
1217.0424
1143.607
1202.2506
814.04424
1080.6866
676.47372
952.99634
1098.8728
1164.3887
931.16054
905.01919
762.06102
983.47062
857.58706
966.77345
789.15002
943.79602
335.10538
746.50816
915.17382
984.22553
1031.4876
715.62134
977.63346
956.34365
969.46703
898.88947
826.45999
716.67951
1021.7773
1028.5615
658.33321
791.60275
963.25018
570.70857
880.74852
720.60469
643.85589
983.80488
973.04782
634.0084
947.19767
546.45622
747.57259
890.15052
779.31289
743.64473
762.2307
870.74186
955.51228
830.39962
554.71177
961.88593
896.55309
600.53138
617.697
718.36595
708.95013
798.46131
723.17331
918.74805
742.91706
496.74089
700.43282
779.22531
906.9812
872.8621
1021.8905
744.64709
669.16214
718.52364
439.68496
986.40423
934.74592
830.2918
852.86819
856.87688
832.66858
697.02223
1011.7504
1072.2695
1118.4487
953.70422
748.25628
796.58101
690.4303
640.92963
1012.0679
735.00361
543.00555
644.43839
774.51079
803.91723
1177.0204
921.47792
657.93671
827.32518
893.87415
687.66346
727.60573
849.72787
950.40992
540.63139
612.77979
735.31447
718.10342
746.88096
758.24343
903.74529
689.87335
1029.0184
858.56255
1049.3957
820.15444
1013.5324
927.621
946.0637
734.18517
809.11228
614.50591
957.76608
967.87078
620.29865
777.02441
307.71855
846.44117
618.14844
751.44584
771.72626
911.41254
513.64537
684.63932
882.19306
966.02888
648.70107
774.14386
840.62795
520.78279
711.9029
802.55292
950.61198
895.99003
959.02473
672.31187
757.26817
711.23007
310.07322
821.44895
786.22338
782.01585
912.44651
821.89822
1041.3558
588.9607
602.76967
764.62274
796.81011
695.23189
907.49825
881.99797
947.44337
909.19084
830.38878
838.98881
959.23162
703.61748
796.82508
700.34119
921.61193
697.98021
1005.7694
880.23861
866.40628
748.69172
892.57045
772.57285
938.70896
802.84253
637.00748
583.79923
746.01187
817.93088
731.25403
875.55829
801.84278
767.76439
777.08905
812.45842
868.3624
699.64852
932.48285
865.64196
786.7523
923.77497
801.73398
879.65726
849.9723
906.92959
976.81817
955.78956
977.58869
705.38179
951.62114
825.48713
788.9402
764.07446
897.7881
701.97957
868.12604
892.05126
638.38096
833.18379
801.21387
855.88485
789.45659
696.23443
938.7949
836.89952
803.03414
710.19883
990.21525
874.03039
985.54442
852.82311
742.28832
791.96507
843.57876
534.04841
437.55921
746.89172
790.72839
723.28517
737.89379
534.81752
879.49973
1139.3844
746.71909
546.98201
856.33004
790.18093
763.27499
1027.7166
987.53555
786.44997
761.73342
455.46893
639.0796
755.01421
806.20304
746.77579
676.99262
632.48644
610.86725
600.43073
1011.022
820.21936
880.32779
989.4531
723.72013
706.81934
785.69941
999.25936
705.8106
813.40953
691.15271
527.49139
697.36255
988.21141
812.8252
1097.1184
1094.3219
613.94268
719.3739
588.64982
813.59322
1117.5063
1079.7511
803.37335
986.85288
761.13375
765.31571
872.07452
866.87195
786.99189
555.13165
812.77366
445.58677
1015.3841
742.39517
809.1163
756.69478
794.1342
679.42266
682.1691
957.95647
1180.3766
736.17227
555.91942
522.53637
766.68383
834.12891
753.07198
689.00614
527.66666
440.64132
827.33763
617.19848
576.49467
350.39153
575.23419
737.71029
906.85131
626.52766
718.94907
444.37674
932.68956
834.96325
721.14858
783.53071
835.60883
754.19856
652.54165
692.74822
770.9784
1178.7287
1042.6698
656.27944
722.18936
657.03965
993.45157
865.21413
1026.426
715.70837
956.1677
697.73596
534.79662
704.54123
544.70093
649.60949
607.65114
474.03266
441.43273
711.55052
743.45768
825.16757
738.93395
803.23531
714.35223
650.98499
797.88392
850.49139
835.60679
959.38975
903.45216
721.63965
713.77791
727.55512
1093.2932
912.7395
676.72259
712.53514
825.57988
872.2417
822.06006
723.89431
738.37638
812.43826
893.23917
914.09995
792.49151
938.86594
709.5582
778.25081
530.08603
673.72021
573.06079
687.84138
794.4026
633.52896
607.36463
949.33281
599.52628
691.24904
1079.8273
974.68252
808.67228
1003.5707
1043.8101
934.10824
778.03817
1004.9799
886.17442
1173.353
882.11172
577.07054
385.01239
677.97861
739.01181
785.28337
972.45587
1021.5143
888.92833
927.54025
949.47393
560.23496
450.07849
590.65883
698.75612
430.14672
459.16144
961.64217
1105.4481
539.15924
604.94494
1129.2947
943.57373
873.93828
874.7133
1062.7469
749.42108
908.00564
1085.2034
934.10388
929.70407
650.90566
886.12157
759.11737
907.37393
752.37152
782.99024
910.53385
859.79397
925.85512
704.88733
1039.4835
883.42619
910.59699
900.39926
739.043
934.98645
966.04838
611.28889
754.36309
688.64547
845.75388
999.36268
900.21123
830.97994
812.88524
880.85775
736.35305
816.43548
893.60535
1009.1322
866.96349
1047.1074
703.27132
1211.2794
1023.3352
899.41918
737.50618
1162.2119
1044.3667
961.98415
887.82044
846.2834
1087.5379
813.58751
637.04642
987.84986
934.26217
986.28672
1080.5454
858.8087
867.18043
960.37389
904.52112
991.13808
1086.248
940.33534
832.731
805.87124
1128.5637
1090.8201
816.49475
1078.1337
994.06899
990.39194
846.52076
1222.8508
1116.3955
911.49207
908.32143
1265.2092
1198.963
1047.7439
926.94627
725.52036
1018.1283
906.24665
988.69409
995.28826
1116.0918
1006.4503
1038.9305
786.06385
769.81727
824.83959
997.75078
1076.0475
1090.0566
1023.1028
913.69841
991.2858
916.15365
963.26449
1361.8494
905.76408
1003.2804
911.44327
585.96258
787.696
1088.634
905.45593
975.74381
969.37598
910.86528
1096.1172
1229.5572
1313.6598
1014.2954
904.03565
897.32343
984.92201
931.2438
1060.8007
1047.6915
1165.0489
974.4182
1103.7015
1258.8699
892.70919
1185.0091
861.80306
733.65646
782.06002
717.59657
958.8839
837.2855
749.18239
796.62582
1178.1093
1212.6503
964.55584
890.01291
871.09059
1078.5265
910.82976
848.85745
880.75393
813.96583
1058.7274
890.62794
950.44137
968.11239
995.02996
1077.8515
934.20078
891.66805
863.20556
997.5871
1134.2489
954.16826
820.02732
932.78461
859.35333
1111.17
892.8744
881.97423
826.91523
872.29125
947.0243
705.07392
1018.104
906.80076
806.1276
894.17221
916.88038
632.68131
940.29892
965.72217
1233.7203
979.31938
1071.2757
911.49733
911.67041
827.27134
1050.5299
724.55848
664.00336
893.62216
848.61296
967.53125
1025.1865
985.55539
853.48542
878.08359
867.70569
871.19361
642.34768
1030.7352
839.52459
873.61796
867.71122
907.57978
897.52745
904.80369
836.70446
727.82187
896.9755
784.96317
766.66331
822.16784
1016.7676
875.12253
1202.5287
1167.336
879.37293
938.70062
949.53556
1002.1902
921.66034
1027.778
965.83458
1024.0402
978.18787
1004.4434
1175.1056
871.1263
1114.0804
618.48126
859.46371
989.85201
974.90635
913.60262
919.02535
931.47207
965.65227
1303.447
926.36106
908.1858
1023.5056
948.44077
888.03223
806.92531
839.05999
930.96776
861.37852
911.82354
992.49565
1251.9309
919.58515
855.45512
873.86019
1106.0515
1307.797
1465.8616
1166.2551
1035.1267
958.36471
871.5225
992.0357
937.61149
720.13765
855.66042
1028.2593
1021.7148
800.71007
1066.1017
1072.2649
1175.4565
1115.1974
814.7985
1165.5748
1196.7259
1368.4723
1034.5703
976.1213
1029.0723
593.21544
983.1339
1046.2129
819.72518
913.99509
793.50912
778.60863
620.6778
635.65478
672.92051
794.68625
651.69723
975.00061
1033.0411
1085.0343
1167.7059
1046.9416
922.0818
1179.7945
950.86275
1076.7343
1160.4897
1091.8122
1007.5072
750.69734
970.53318
933.40978
1296.3361
1200.7159
827.12692
1033.5093
874.47096
768.20082
1045.8379
960.21897
1142.4093
1003.42
974.87371
807.44653
912.27361
1106.1092
883.3178
830.56407
756.50383
833.4201
853.87984
902.39709
1240.1134
1153.9376
1133.6427
987.76123
981.06198
970.06394
970.91154
825.99863
917.60983
1085.0456
1153.8027
916.33125
1005.3617
1159.889
1196.9873
878.20135
1224.9428
1092.6894
1288.6936
1088.0157
1003.4054
882.44861
1101.4899
1027.2773
964.38535
1055.2083
878.07141
872.74515
892.32309
987.57962
938.35777
1001.9343
1035.3475
1103.5509
899.88501
934.28419
1135.4948
993.09892
805.14101
690.50468
594.55762
623.72801
641.17239
629.79533
870.58638
726.30565
755.8293
905.34481
844.94552
718.1537
780.0547
938.61966
802.07266
1027.954
813.61417
872.22973
911.89126
1174.8568
882.59153
460.11523
753.84189
747.45618
945.87073
1019.8436
1034.5152
1039.6818
862.59385
1025.8809
944.00701
810.09739
851.52791
935.05043
996.92478
875.42977
979.03413
935.33447
1286.3928
867.02694
880.25425
905.90999
833.70383
782.2392
752.80278
704.69939
699.24755
1086.4584
1025.7064
1048.6903
1007.0032
1068.2624
862.03923
857.19602
767.27979
761.76187
1001.0907
930.92275
980.24613
825.17846
755.89703
929.45259
858.1116
801.47114
825.4057
758.76684
950.97041
921.85248
723.55048
776.29383
786.19577
1045.7
1003.3323
855.7297
1012.1234
767.73412
1123.8671
858.49811
873.90183
837.67828
1036.5988
935.07785
808.53325
840.60354
562.3498
864.33324
1093.467
880.28566
713.38067
958.8343
868.2103
840.5621
929.76234
731.44569
659.64512
745.35773
912.9124
1015.1046
1016.3661
1165.8739
695.43297
731.33808
807.5741
629.55913
829.79145
866.122
860.48609
572.65741
504.3107
786.29599
888.88325
923.76668
759.59878
940.92155
842.45544
708.7016
926.03087
1085.0309
889.36651
1019.2033
1018.9632
795.34917
910.04416
906.10715
960.79619
1073.8867
1121.1865
1022.1622
1098.8114
738.62686
1060.4779
1148.1185
1068.9151
814.31534
649.73741
684.76487
809.91541
718.95285
724.80546
784.64827
771.90901
926.95724
1010.7252
921.37001
843.47526
675.88972
978.8408
988.39129
782.66529
812.31253
972.59856
1070.2191
984.05054
963.70932
851.55657
964.46493
854.85382
893.21056
917.95963
953.51528
795.10372
838.34586
1093.1864
853.08426
781.96707
867.7091
997.88791
1062.0184
1058.9312
754.32164
796.58766
1020.8997
947.4635
793.59706
1195.4696
1106.0453
1018.9859
855.29169
768.9515
867.76044
631.04678
1106.8059
1038.3328
893.74144
499.28548
810.87618
520.07945
822.1074
616.04922
1028.2502
858.39934
952.69412
1074.221
1093.6816
1010.0503
1035.8315
880.1161
993.88634
579.51722
631.95228
722.42877
894.6134
845.12101
849.49428
1014.3222
861.27242
863.16319
1080.8399
874.60715
960.38554
926.08996
831.62634
898.96843
898.91143
814.52696
865.12595
810.52777
1052.5799
1007.214
949.02619
1123.4406
888.74651
960.65618
819.03288
887.92926
959.37672
949.33489
844.91031
834.49411
861.07764
906.53631
668.21499
745.65143
1080.996
909.82951
1029.5752
1146.9117
938.61125
1019.338
922.17864
964.66663
1121.2898
1139.122
1014.5
859.45588
1003.2262
912.03603
904.55349
818.10354
907.43397
791.79397
730.55326
1142.4139
1069.6438
927.167
1003.6033
1208.58
820.84141
1081.1519
841.90719
1169.8722
811.49211
919.60626
910.76567
960.06217
1027.7198
1094.7011
1130.7521
995.52093
1032.5064
938.90789
1070.9452
942.74911
795.44962
1002.1215
998.82042
904.66997
958.2723
696.65366
875.62224
1009.6841
924.6148
1084.6359
1292.0653
1152.8664
1201.4602
1074.2025
1063.7076
845.35386
897.50174
849.40398
1171.3109
1104.7857
787.38568
779.31146
893.6976
1032.9826
1008.4318
779.33011
1168.1657
953.29288
992.72733
862.7597
853.0061
788.99952
938.77748
1039.9664
1134.8572
1084.2872
763.06027
616.45158
941.57121
904.00183
784.48407
749.26983
884.95969
976.87871
921.11555
870.84943
694.30097
806.06222
576.76018
1030.5998
769.64344
926.1958
855.08736
971.98399
960.49668
882.13216
707.47369
874.22974
809.41589
882.8803
759.53561
805.01789
825.29345
1056.4357
1016.3401
832.69621
792.66291
849.88497
704.8331
915.07905
1161.7767
1033.0788
1081.2607
826.15451
885.77816
900.59364
930.62049
951.37245
946.97033
1188.4331
1210.1928
755.11916
1018.4674
906.75788
760.52521
807.81228
582.75673
1069.2871
1185.9373
947.23041
1077.9898
866.22308
1051.6918
1004.4729
1113.4295
1037.5757
1083.0671
906.72467
1092.3106
1065.3899
1059.7423
1036.3714
1080.462
794.60958
1137.2271
1065.5599
925.65432
1026.9258
931.50303
1207.1781
1279.1507
1042.4785
1102.5579
1273.9639
1153.9656
1013.3423
1161.8192
1132.7041
787.37444
906.5975
941.92983
1145.6393
1073.5494
1107.5254
1132.9367
1440.9396
1134.516
794.69401
947.31961
797.85102
853.04515
732.92779
1012.8507
991.45847
885.44884
997.82096
765.79596
661.40442
905.98415
1100.18
864.08162
729.35273
672.74782
688.22689
752.32457
1066.6173
753.288
793.89447
859.46208
925.39932
825.46299
968.8582
1271.7928
1018.8427
1059.5249
1030.7347
869.64125
934.40529
1018.385
965.90533
955.33557
966.64693
897.8843
737.15254
871.74213
713.21336
950.84783
867.95746
981.45474
870.51124
989.93885
677.29922
926.85146
854.81061
777.91785
578.68531
848.67377
1100.029
796.89703
748.71221
399.77805
679.85821
846.25281
902.29292
1125.454
1215.8874
686.95075
565.73902
813.77946
1217.6091
1140.1667
828.41153
587.86285
1032.2152
744.53786
948.04116
1064.2371
1038.1703
646.63619
884.16515
1017.6307
769.47672
712.2131
577.57472
835.05319
976.73979
986.66205
849.70338
912.84698
1042.1062
790.83254
1072.1945
903.59957
774.60952
874.31689
920.67874
946.06584
1114.0029
1054.2009
947.64202
938.42533
867.53698
666.60946
958.36074
1000.8999
923.46828
919.85813
942.12829
654.88447
806.64511
675.25935
802.62884
1034.1293
1039.1301
825.25165
819.3454
1016.7939
991.95281
1139.4559
1084.4103
637.03458
931.65975
900.35089
838.49713
746.76518
768.0938
805.02855
763.63289
959.16893
701.55617
933.6352
1186.8129
981.02003
853.20363
745.28934
724.96381
947.61837
815.97203
889.15025
683.08334
872.93011
795.72994
772.09034
733.78268
915.86059
737.58817
803.77306
619.41419
434.8588
1138.0162
1160.422
769.47876
756.19286
626.09701
471.93364
770.70583
969.33726
936.76557
970.8667
937.74083
697.87859
839.82242
881.14145
1045.2702
924.78353
910.06286
535.51954
785.34761
1188.1623
1023.0233
761.96916
899.6571
637.40423
530.02153
842.14961
677.97414
677.11466
830.97377
775.91405
921.7623
943.69014
892.32461
883.91747
1037.1254
1141.453
843.16397
890.91649
442.13847
580.1385
764.92919
649.96392
788.22323
634.33262
845.91262
828.36822
763.76525
533.58671
1118.2443
770.84229
519.83999
909.87324
719.71733
879.95191
841.56092
632.49114
589.01941
715.10832
614.3415
573.67832
708.6459
857.54447
857.57231
916.82031
632.5747
844.17175
611.124
678.25334
766.70428
821.29884
676.78988
887.45046
813.38539
907.25242
1014.2635
870.78193
751.27119
780.79172
809.78016
725.33484
786.84878
419.20001
708.16452
762.04106
790.09248
864.92616
691.19692
726.07462
787.72694
653.92127
815.71192
434.66106
1006.9001
906.59642
809.765
858.64345
800.8647
794.33207
997.51277
799.70494
805.50055
862.07967
622.13608
469.83642
466.02174
908.88169
727.55581
590.81
691.08048
616.6717
484.7996
653.45318
617.32137
652.25896
580.58674
938.79945
661.164
829.80594
609.53155
644.09271
781.30751
853.42468
744.8012
818.00369
807.59436
835.47211
882.51544
736.1624
1078.7749
475.49895
702.73855
631.90738
777.73292
786.67793
601.96442
493.79842
759.35536
588.40679
690.44651
1014.7091
424.1416
480.79672
633.55915
859.27326
828.94875
1013.7475
1011.4703
770.64729
846.6138
806.42989
672.0084
1065.3539
885.68202
856.49612
772.59474
685.62535
587.41896
803.60816
782.6503
943.07745
825.85393
753.8083
705.60874
896.52215
888.95186
910.72077
923.80372
719.24858
783.21729
749.22082
1051.4595
722.33458
828.04798
843.18439
837.9725
1020.7062
844.27721
909.24414
898.47428
726.72473
1028.7035
940.21599
746.74857
857.0758
906.36732
643.45307
796.13723
870.94156
840.46764
724.11523
764.97374
959.76822
1030.6463
839.59031
802.43197
944.36078
647.68686
679.89233
812.02908
905.07917
793.55295
1103.1248
646.96937
660.17587
1015.9651
815.09865
965.67971
783.49378
828.28039
785.60635
808.50035
970.37309
974.3283
1093.8287
842.74797
1105.6813
1006.3863
841.54876
843.54701
644.64942
833.68739
615.15313
734.67131
519.06658
761.12975
885.90348
795.51921
768.60578
514.57951
818.70558
975.19033
763.14283
960.13962
1057.3657
962.09503
1029.7629
310.76937
758.03124
747.92153
752.81162
858.54952
816.00583
756.01651
772.87548
579.921
671.71495
939.06921
700.31316
1056.9766
724.14172
544.86689
733.534
915.63021
740.28342
977.03813
790.67364
615.06995
887.1724
637.63632
943.82172
1036.3182
857.49468
755.91138
918.71857
1048.9189
882.66847
1004.7674
762.43397
932.45726
876.16159
797.93111
826.31883
729.21634
519.53471
880.61873
953.69191
682.71889
565.85574
585.33978
583.13332
817.98491
894.00842
757.26119
670.70961
744.43275
787.43828
446.79263
533.99436
390.95544
926.01632
610.68609
554.18552
615.35344
903.53021
763.37258
789.20528
806.43087
829.59036
947.39587
852.73719
708.33414
863.25649
424.13198
578.86511
919.31558
758.69147
786.37033
841.82067
805.75417
665.34483
698.29769
674.59189
802.13158
847.46479
903.66598
935.70244
790.40851
542.31996
601.30569
872.15854
723.64445
504.87181
706.06585
724.18873
864.63288
924.12267
838.89343
759.40331
852.29925
866.03296
921.75161
661.45165
551.49612
557.76899
506.24102
738.46015
800.34548
671.54877
836.52484
983.41886
630.73137
750.71773
1109.2391
1037.8559
1081.0253
916.26423
824.81586
745.64368
827.54751
822.55427
531.70709
867.10613
467.79418
532.79363
721.18633
792.63037
975.08244
829.3451
1011.8891
812.28863
790.96101
950.31727
967.41513
983.91456
765.57407
642.31634
716.81265
882.4252
797.7814
678.04988
665.80362
741.43202
988.60233
913.8707
625.79038
727.53893
638.45099
566.97892
576.22934
791.21679
646.87616
566.13891
518.9027
618.94482
567.60101
351.33401
456.76386
553.55587
782.32233
677.94168
660.27279
448.2697
616.01596
535.65571
313.58772
568.38576
577.22408
820.99177
913.06968
904.50073
859.26813
645.60278
631.76134
729.96892
810.50062
741.01703
902.49775
698.66371
575.36821
668.79478
871.47366
651.38896
871.13931
664.23941
909.0494
750.24221
987.60605
1028.1691
510.61489
695.86238
427.58316
511.43752
518.56738
901.19243
937.52061
792.65248
1018.4152
842.13824
680.76039
1048.9864
747.48738
778.37696
712.70576
1038.8193
798.98561
976.86468
739.76627
918.33451
672.35615
753.38531
891.60859
704.38359
1077.2202
827.62032
891.76911
799.93089
805.71616
958.60515
693.92898
746.05645
744.69963
905.16991
1033.7129
1062.8691
909.00404
844.56401
785.4599
759.26579
649.84545
699.50462
694.68602
857.78929
864.27974
717.25861
776.74401
718.05102
1020.4653
997.54231
745.25921
843.01075
615.89113
955.19506
980.83406
915.13448
629.31603
623.58257
757.74531
706.23944
753.83268
610.98887
683.54023
953.41826
833.05457
923.09108
827.13095
707.78603
880.55308
655.81348
936.23208
495.73261
568.06794
623.24119
664.27185
1037.0193
965.25614
776.57002
830.2513
583.43068
939.81367
608.59718
768.72511
807.68582
488.18082
478.89127
864.68231
854.50113
678.77635
765.51036
712.80846
747.49779
907.18852
854.3872
788.41837
813.04266
520.81276
603.22254
753.89978
608.36099
541.37458
777.01558
740.06808
850.94147
894.71491
630.11695
649.24773
698.81503
767.41776
523.74521
843.58267
760.85158
786.37004
628.88979
794.07342
572.3491
689.01204
769.14894
690.13648
580.19613
697.183
702.00514
729.86014
439.62561
675.33041
627.63412
701.21
720.50376
798.01892
992.13877
648.24472
700.74805
1011.1628
731.3212
637.4798
832.98162
931.91012
886.63831
790.37856
337.31309
820.71528
748.62291
972.82475
708.21915
845.23452
700.3113
645.07461
706.83428
910.46299
821.11541
1072.0302
955.29009
805.17663
775.56297
729.37613
883.34293
794.6288
951.60842
662.49121
690.75512
703.11469
675.19226
745.4974
568.87371
413.54183
780.31614
552.24748
917.40349
899.67466
697.79504
692.15189
718.30728
562.50357
782.64204
876.35884
747.03202
673.24331
594.90771
684.51936
797.62074
897.59593
896.6913
835.10985
858.70198
722.87354
623.2135
567.20975
640.30533
314.85427
411.38224
628.40835
400.55245
398.19695
522.24588
664.93118
798.75327
518.11369
698.78334
383.64652
440.72258
539.62041
718.57819
652.97559
714.78873
531.44594
624.44505
491.04198
888.58078
1031.5006
636.81051
772.46277
1039.1282
706.48045
917.37794
768.34304
790.56321
709.41163
1046.0728
622.15377
986.0269
813.74175
901.10857
906.06529
742.95198
859.3939
823.46699
850.78607
1073.5452
914.54425
749.02033
874.25453
556.17052
615.79296
782.17687
734.36478
582.43719
743.72168
794.61566
789.3348
707.62147
853.19754
953.36503
1151.8338
954.01978
803.93907
1137.6775
816.62278
769.65632
525.28455
943.26086
841.4216
783.38859
609.22602
839.35803
812.97638
813.5172
820.77995
807.03562
956.67409
667.34922
764.41079
624.18489
962.48045
737.49822
951.01524
824.62606
830.66233
774.27898
1001.8122
812.80184
1010.1692
769.54906
689.93196
705.364
864.52079
598.08811
635.73017
957.33794
1042.3402
886.89107
533.68911
843.50859
286.89392
642.91519
599.66171
929.45049
931.07422
901.99492
935.22791
824.7528
875.17788
740.19287
917.65475
1074.1301
1039.5715
625.62985
736.72995
584.20356
598.25577
775.79713
846.24185
1001.8197
708.75907
661.53942
900.37811
851.30595
733.14531
601.95415
724.54805
789.96399
1003.5507
1157.6125
1152.2567
997.97864
770.65533
647.4844
901.59049
859.142
854.52124
679.27548
723.78972
601.38861
747.78056
667.93996
613.72414
871.43134
672.24602
574.11131
778.73971
929.65134
662.75507
969.1737
777.04782
743.42141
855.13558
368.90278
637.29691
475.72492
578.99979
709.19046
643.45416
928.64971
765.81863
601.01964
911.39048
423.90639
796.33027
666.47838
819.87185
866.33636
635.85816
896.84127
702.77542
569.84275
708.56719
623.28986
735.99716
747.44659
813.74952
1062.3691
771.93622
926.50464
796.95124
718.82422
741.59699
848.65024
714.79632
1054.6865
827.61321
478.16783
624.02159
702.77609
999.30428
987.5442
566.56385
731.19185
850.99542
965.98936
713.80184
686.26219
930.24768
648.36041
389.86835
968.53311
850.76414
726.96041
547.23215
587.35674
870.07636
752.85305
771.16986
669.72113
654.94435
694.84206
643.96414
949.14183
596.60427
800.30448
955.93201
929.83246
683.24856
891.63252
704.79758
542.61566
924.31152
883.06609
684.2682
660.55394
546.72567
828.20188
870.02527
626.31495
801.28534
642.27898
644.63526
748.42008
912.0325
875.20727
1004.9022
796.24679
759.17799
694.69732
720.24342
648.79459
920.87955
934.79414
621.28204
540.76288
782.52457
837.21697
775.66599
834.07595
934.16402
802.74451
785.614
641.00181
988.02733
794.46518
900.67801
1084.2001
877.87703
887.52693
708.51766
780.7563
793.97965
768.46889
777.98084
515.49469
731.40624
685.87934
723.21351
710.24892
905.60999
788.16102
985.66416
789.55022
999.0189
645.54616
680.58163
807.54156
942.76229
915.65902
800.00019
1011.1003
772.51005
917.56925
763.62669
919.62486
886.98707
839.76969
740.12765
746.1736
854.77605
865.09845
558.41203
866.563
859.70927
646.78637
734.50564
724.0058
624.52203
751.15154
434.40326
695.60376
672.06994
774.51268
978.64655
799.55898
695.7054
689.29799
610.65233
491.62976
886.46974
874.89994
745.70596
845.28493
875.18091
622.85627
919.90189
664.74533
758.47018
873.93773
706.08161
452.29348
558.28856
871.76627
881.56696
789.12927
791.28718
906.599
760.36676
608.39183
617.72546
558.99284
694.18642
977.34653
777.67298
454.28622
581.25594
685.00274
917.80441
1005.9142
1005.0897
811.33963
669.23249
685.88132
790.12573
810.3953
767.88806
870.21843
888.54876
686.07896
571.03308
637.73432
781.03476
690.52251
637.84532
978.94444
775.51322
698.94517
776.95846
724.39555
705.99512
877.22865
997.03012
802.26759
682.42024
808.30115
696.9884
763.92819
857.6411
1089.2664
734.20532
629.0966
751.97861
839.9697
675.57606
587.62427
862.37468
1011.9246
939.85476
448.70397
601.26914
671.89168
946.87263
826.89049
731.81699
919.84713
737.57522
892.78641
859.79517
866.8257
1044.1078
877.4079
777.5365
934.66954
666.02229
607.06713
732.83763
1077.4425
925.61384
877.48676
638.70613
563.54856
625.25143
739.07007
556.65237
881.47326
750.53553
932.24519
661.99135
664.4688
691.80528
978.8635
773.86822
872.74818
590.46669
847.59776
604.47051
637.48167
768.33359
572.79394
506.55686
720.54222
732.71963
875.54594
1005.4845
948.76317
588.28186
824.29607
788.14984
544.04324
549.40122
605.31046
519.97187
766.8221
710.19895
1157.5905
839.21663
906.7907
720.52538
847.1076
701.81119
707.82818
516.94701
727.3628
904.25293
837.69139
892.68715
753.64687
616.39207
770.01302
852.06784
835.4124
904.00376
658.62906
577.81659
530.01027
600.18989
906.94831
846.61192
910.39254
848.52127
831.63618
830.1127
796.16067
856.21093
919.26349
989.73161
