744.31107
1114.4674
1337.4845
1807.2003
1697.1855
1734.6477
1594.742
1224.135
1037.3914
1026.6276
1161.11
1208.4271
1378.5874
1243.4764
1280.0695
1121.2804
1446.7104
1459.1642
1457.2246
1408.9487
1397.6927
1550.5546
1073.474
1237.5262
1204.303
1077.3411
1074.8013
1236.7519
1263.8151
1321.7914
1761.4159
1326.3163
1442.5836
1522.5692
1518.2639
1247.0791
1506.4808
1460.7323
1086.0223
1252.8619
1345.1162
1232.2453
1189.7991
1160.254
1504.4883
1482.6501
1342.292
1345.0429
1405.2704
1357.6868
942.54478
1302.0173
1397.9134
1656.3866
1301.2452
1383.6521
1232.2872
1249.8549
1199.8079
1237.3955
1323.3708
1354.6013
1249.82
1550.4218
1059.5007
1128.9485
1249.1192
1165.9417
1122.3109
1470.9926
1391.2687
1114.6319
1295.9476
1377.6402
1492.3421
1110.8303
1311.8911
1437.0334
1460.8501
1084.7723
1264.4858
1265.7253
1320.5736
1477.5885
1280.8616
1317.318
1297.4626
1305.5209
1480.9824
1211.5324
1292.5909
1438.136
1255.8268
1151.7931
1462.2053
1344.9353
1368.7011
1527.6608
1399.9339
1311.9065
1297.9564
1200.2799
1241.6814
1127.3092
1165.7638
1234.3097
1266.8368
1177.7
1241.9431
1319.6286
1260.8519
1302.7786
1214.9063
1137.4881
1212.2632
1075.4604
1401.0213
1377.8537
1622.0516
1522.191
1618.4674
1534.6092
1367.9545
1472.1485
1353.5892
1093.6417
1452.9938
1065.6708
1312.7764
1033.6206
1296.8168
1240.0119
1596.9156
1466.5382
1483.2792
1212.9052
1342.8239
1177.1973
1207.8923
1406.243
1105.6145
1267.498
1171.9093
1425.8277
1023.1331
1083.2548
1100.5375
1247.2814
1348.4565
1465.9706
1219.2083
1172.7943
1550.555
1325.6895
1225.2697
1482.9084
1407.3484
1365.9228
1307.8469
1174.0256
1369.7017
982.83455
1407.793
853.22231
1254.5255
1304.6135
1352.9333
1340.0225
1152.4649
1322.3524
1293.191
1217.8719
1068.0847
1561.5597
1593.6493
1106.5128
1395.4561
1287.4287
1542.855
1441.8762
1178.3162
1117.2226
1338.9944
1302.5851
1156.237
1205.2382
1328.7266
1103.5832
1419.8463
1363.4017
1476.2444
1229.5004
1500.1779
1255.4562
1450.9903
1363.3801
1472.4607
1329.1366
1228.1157
1334.4095
1164.5316
1232.2847
1117.415
1365.4944
1439.2538
1196.7178
1431.147
1227.611
1276.6255
1531.8165
1439.8028
1274.3846
1329.2057
1257.9399
1198.8071
1346.6124
1276.2039
1225.9158
1262.9938
1129.9245
1416.534
1295.3924
1391.7775
1048.4601
1179.1224
1190.9846
1502.4341
1260.8206
1294.5268
1365.291
1211.8047
1264.0126
1344.0613
1310.7431
1499.7734
1540.9118
1364.0365
1218.6398
1462.2612
1187.3468
1287.688
1506.6085
1527.9745
1507.4635
1503.1855
1118.6437
1168.507
1239.0799
1247.5939
1225.1242
1315.6874
1390.6526
1331.8049
1233.1734
1178.7104
1322.8459
1378.162
1229.3111
1091.6511
1090.7313
920.87261
1272.6013
1433.3511
1232.6886
1303.5109
1153.6751
1340.3123
1216.056
1146.1248
1358.2948
1249.3436
1344.5839
1250.3916
1212.7376
1068.8835
1139.9263
1218.452
1339.2399
1238.3103
1258.6613
1352.7107
1197.2368
1292.4064
1497.4088
1325.7767
1226.4166
1286.9167
1122.0102
1222.7971
1112.2514
1204.6109
1269.3183
1184.7076
958.79678
1042.848
1341.3567
1258.4049
1315.5221
1365.0376
1417.0176
1350.9154
1351.3559
1248.6669
1357.1408
1380.5492
1281.1955
1089.9182
1214.1763
1419.3917
1304.7834
1274.2786
1200.7334
1082.3863
1092.3408
1171.5247
1119.2595
1316.2238
1441.1736
1133.4824
1591.7482
1113.237
1219.1199
1234.822
1272.6586
1427.2604
1049.8988
1156.573
1383.0874
1363.8074
1035.6212
1060.5995
1368.3093
1142.2294
1159.9996
1126.0662
1337.7811
1291.2579
1552.9445
1199.3641
1080.2308
1373.3965
1414.5556
1545.5323
1648.2169
1109.2207
1280.9215
1116.4808
1280.6188
1209.8554
1192.5917
1479.9771
1347.8104
1450.5391
1170.1019
1276.9554
1166.5142
1196.1781
1352.791
1368.2251
1481.6475
1167.5782
1417.1013
1334.1269
1381.7553
1178.0877
1464.9362
1307.8263
1358.4596
1468.9422
1165.6954
1053.521
1170.7913
1245.9477
1335.3164
1166.6252
1620.5978
1463.1235
1672.1606
1271.5649
1288.3439
1358.2958
1306.4212
1228.9028
1295.2441
1115.7796
1072.2095
1350.527
1015.0655
1395.805
1389.6885
1415.1973
1318.3598
1333.5641
1277.1705
966.4835
1064.061
1271.0678
1135.908
1517.7607
1135.0904
1116.6238
1274.7202
984.99052
1241.0395
1284.612
1103.2812
1279.545
1251.7329
1150.4444
1141.875
1130.0687
1250.3691
1002.3341
957.40688
1191.4413
1172.7343
1136.416
1275.393
1188.3423
1286.4578
1237.3891
1416.434
1116.1367
1102.561
1087.8374
1463.2607
1237.3851
1161.0163
1375.4071
1308.9191
1252.1561
1227.3063
1215.7637
1403.1254
1366.2512
1251.9217
1561.7139
1386.7553
1418.2025
1342.6761
1115.9338
1321.0884
1473.9319
1553.3729
1352.3005
1316.2751
1315.3236
1213.7234
1302.1379
1425.4275
1111.6776
1283.8653
1258.1707
1330.4046
1271.5132
1328.969
1213.1511
950.0261
1399.4673
1203.1019
1159.2177
1315.9565
1074.8451
1315.2189
1112.1741
1266.3977
1074.6641
1248.6933
1406.6907
1384.0748
1042.3162
1167.8508
1465.685
1444.0664
1338.6992
1365.8251
982.65615
1075.0235
1491.7549
1106.2883
1259.8398
923.4784
1125.5368
1372.8621
1179.592
1254.0021
1183.3043
1130.6222
1401.4616
958.48636
1054.0937
1097.8467
1278.0754
1280.6822
1170.4077
1188.8933
1364.2186
1239.5576
1343.524
1420.5265
1103.3482
1178.9782
920.35921
1282.6951
1120.8328
1137.7337
1360.6596
1240.5256
1262.6158
1556.3437
1431.6098
1321.4518
1169.4685
1260.2034
1065.3503
1184.5971
1491.3517
1313.4834
1554.2072
1450.8437
1268.009
1205.6232
1163.74
1274.1474
1408.0394
1235.2431
1309.1719
1347.9852
1344.62
1112.5054
1134.968
953.88291
1202.2929
1201.9267
1317.7037
1300.7491
1087.9303
1251.2727
1189.8674
1250.3152
1102.059
1273.5254
1110.5882
1043.8394
1041.6842
1466.2122
1099.6766
1357.3322
1172.5876
1269.4441
1401.7672
1329.3681
1378.2758
1285.7381
1370.1646
1324.7146
1233.5215
1280.3561
1082.3081
1075.6243
1462.9309
1228.9696
1239.8943
1462.3254
1400.2016
1307.8893
1243.0457
1217.9838
1189.2017
1344.0047
1289.9691
1488.4548
1261.5499
1174.4524
1019.4116
1277.4823
1349.8741
1050.7744
1361.9492
1289.6136
1097.0484
1066.6794
999.63335
1241.7794
1178.7456
1228.2637
1439.1611
1411.148
1103.1883
1229.524
1577.0343
1536.5599
1030.721
1269.4939
1149.5973
1051.3431
1273.2706
1431.6312
1240.6311
1195.6909
1030.0488
1195.4815
1373.5634
1411.1883
1418.4851
1256.2115
1161.7723
1352.7676
1113.2103
1138.4751
1272.5016
1325.4151
1582.916
1252.1315
1279.1727
1112.0849
1200.1422
1368.9084
1217.8017
1496.3667
1518.5309
1219.2585
1253.552
1351.8369
1244.0233
1025.8446
1534.9736
1280.9521
1437.5897
1174.1966
1259.3247
1353.9517
1249.7456
1140.319
1103.2375
1201.4765
1459.1402
1453.0441
1457.5252
1261.6204
1274.5289
1421.8123
1337.5437
1130.8678
1318.9196
1288.2893
1304.4279
1330.1859
1298.5176
1178.8549
1513.9264
1192.1475
1209.5146
1020.5876
1333.4982
1305.9709
1237.5096
1098.3076
1465.3671
1229.1496
1425.86
1388.3252
1211.7954
1301.0585
1237.6824
1213.1216
1065.2227
1404.008
1356.9025
1198.4352
1300.7699
1028.712
1179.0176
1203.2562
1208.334
1207.6537
1333.5164
1405.3135
1260.9757
1550.7879
1496.2254
1153.3074
1099.5412
1331.4211
1017.7412
1161.997
1462.4465
1057.5554
1187.0154
1493.412
1407.6716
1273.4996
1376.5427
1263.2993
982.59613
1272.4381
1151.2902
1143.1561
1376.3593
1128.2845
1566.8662
1294.0805
1283.8233
1302.2715
1289.2103
1455.5981
919.21869
1478.1881
1202.2645
1418.5301
1261.7224
1227.6512
1183.6138
1190.5845
1314.495
1119.8499
1023.0788
1240.1017
1214.9119
1082.2213
1055.6107
1188.1319
1329.2514
1350.4657
1422.1682
1143.9381
1296.5745
1331.2104
1211.0237
1478.7445
1111.7066
1041.7906
1463.5655
1211.8251
1150.8538
1287.8031
1350.2289
1378.3004
1211.2474
1151.5516
1168.9739
1217.9602
1521.8175
1247.7182
1277.2575
1138.2737
1180.1707
1419.9848
1301.9076
1337.5312
1129.5475
1439.4257
1339.4209
1331.9066
1122.858
1372.0333
908.13421
1241.4761
1182.8851
1250.6547
1122.5178
1028.1094
1161.5015
1165.5044
1225.6811
1071.1552
1252.3303
1166.7062
1262.1967
1097.7522
1092.8466
1240.6105
1147.4954
1169.3331
964.80419
1011.4907
1358.0886
961.05522
1224.3883
1041.7082
1179.2047
1137.6332
1291.0592
846.08672
1183.617
940.1373
939.32487
965.68586
1077.4672
1165.1772
1145.0933
1206.6699
1301.4141
1128.6039
1080.2035
1165.5682
1352.767
1421.5659
933.83812
1198.4333
948.53986
1327.6122
1261.5541
1435.8009
1086.9544
1102.3376
1332.5385
1018.5321
967.51347
1226.5382
1090.0998
1032.1632
1404.4073
1325.7284
837.94152
1257.9834
1230.0998
1073.5987
1367.1602
1030.943
1018.9912
1404.0701
873.38057
1258.7658
1099.618
955.72458
892.21594
992.12015
1162.7657
1117.8761
1145.7659
808.88212
1015.9296
972.95661
982.17969
1001.9685
1100.2129
1174.3495
913.32648
1049.5983
1101.2212
1322.689
1222.7103
1144.4296
1245.0379
1074.9756
1149.4181
1029.9634
1287.158
1070.2739
1020.0943
625.56631
839.01625
1078.6362
1140.0255
1353.3455
1433.8538
1330.2531
1488.5709
953.96682
1392.0201
1352.069
1636.4857
900.18766
1496.2753
943.58655
1308.3723
1088.4793
1409.2484
1176.0626
890.65995
1112.651
1163.7779
1290.6424
1095.879
1075.8908
1199.2884
1021.0437
759.63936
1018.055
916.13923
1140.7464
1090.9864
894.04333
1432.1512
1374.8619
1198.3097
1285.7885
1092.8087
1472.9746
1029.2849
1083.8839
1319.2972
939.75488
818.25134
1225.3897
962.38741
1101.3749
963.26547
1224.93
1224.2395
912.08845
1163.2913
1178.0745
1241.3447
1130.3095
1203.8524
1102.0221
1249.9986
967.48103
1222.4389
1323.5898
1199.3995
1149.9394
1162.4322
883.70857
932.45663
821.26043
1072.7642
986.10448
1673.0697
903.10087
851.98291
798.52954
1129.3587
1095.2816
1049.653
1118.1987
1106.4453
860.82298
1115.6564
1248.9528
1029.8602
1191.709
815.95217
810.26828
1026.0445
947.37634
1276.7867
1266.2046
837.62268
1051.9047
906.08256
1134.5832
1295.3438
843.62183
1001.1803
891.3452
1089.8134
1593.2409
1170.3766
1387.8607
1163.415
1084.4835
1099.787
1016.8666
1037.9553
967.71596
882.43299
890.55705
910.49502
1177.0467
983.86629
1135.4537
1163.4295
1301.8558
921.71277
1271.9144
1059.4988
1174.2579
1101.5129
855.47183
1216.9287
1083.8983
1227.4123
1169.9972
1031.4538
982.27063
1245.2083
1187.3119
933.7901
861.72838
1299.1771
1241.583
1041.1288
1211.9275
1064.0927
950.58053
1045.0892
1110.903
967.88644
1234.158
945.48175
1237.8594
1211.9482
1169.0022
1108.5185
914.27995
1119.6957
1280.9249
1035.6903
1131.4197
969.01677
1061.278
1181.0059
1470.7777
1312.0533
1255.315
1093.8161
946.58781
1018.1204
1186.5556
922.55294
1035.7496
1007.261
893.06098
1187.5932
1299.2486
1181.2752
1074.2917
1304.0661
1003.1894
1247.6421
1189.3604
1133.5026
1119.4193
984.29362
1276.0195
1105.7043
1003.4946
1128.3567
1060.4914
1145.1737
1418.8718
1343.5071
1126.751
1214.8904
901.13175
1191.584
1103.9667
765.00568
1079.598
1197.6428
1203.9253
1047.6077
1186.0746
1056.8248
1112.3303
953.50443
1059.3031
1028.5694
937.894
1076.01
958.52099
1385.1775
1651.443
1319.8575
1134.3918
1226.0803
1009.2092
1216.2553
754.34713
897.38691
1018.8281
976.38905
1390.051
1163.7455
1047.819
879.98631
966.73426
1045.6499
972.43582
1108.9157
1105.2494
1082.9281
1032.545
872.01288
1086.684
956.47654
919.19551
1029.0947
1375.5111
1161.6634
1134.396
956.98282
1221.4672
1291.9966
1243.3494
981.1763
816.87094
1035.0031
1232.1412
1279.4537
1102.9816
1224.3076
1084.2505
1291.5028
1111.751
1115.1644
1366.7944
1232.7895
1388.5475
987.16763
1386.1951
1215.9073
1300.4815
1270.024
1379.0041
1208.5124
1120.881
932.00333
1057.7566
1202.7689
1373.8041
964.52401
874.7509
1274.3009
1126.5826
1065.5758
1147.144
1063.8511
889.15417
867.92686
1123.314
1165.9309
1211.8239
1220.2259
1043.5658
975.15412
1093.9101
1015.246
1139.268
1065.4046
956.71811
1238.4541
1232.0581
1307.4127
1541.6076
1126.1449
1463.6482
1136.4421
1028.7486
1234.8196
853.75722
1031.227
1337.5039
1488.4601
1064.9624
1108.2957
1020.9083
1197.132
1134.8236
1068.5125
997.42744
1203.8117
1312.4077
1260.8686
1014.0773
1004.2324
1236.1438
1086.3321
1133.4292
1190.7739
1102.0281
1109.586
1061.5136
991.58097
1105.5046
953.02786
947.0332
999.41726
1085.0468
1212.4053
997.22456
1145.5767
1069.9474
1210.2356
1012.1095
1169.8525
957.983
1017.8834
673.08785
1279.0839
1042.0236
1128.1498
1231.3003
733.16133
1121.3297
1028.9739
1103.2778
1114.0172
1241.2102
1055.6772
1360.0984
1169.1046
1257.5907
1168.2029
1309.3387
1244.1644
795.23726
1112.9176
947.36435
933.30728
1029.5172
1306.6306
938.28572
1353.3724
973.35162
1207.6089
1290.6688
1157.9764
1006.151
795.44001
880.81032
1184.295
1078.2872
1081.665
1149.3214
1270.7143
1222.7746
1007.066
1102.9846
1094.3559
1146.8958
1035.5352
1277.3698
1102.9368
1343.4256
1233.307
1123.4227
1033.1229
886.8865
985.94869
957.61586
1130.4628
888.24443
965.25919
929.79757
1013.9237
976.0451
1025.6988
1047.3214
919.69909
1366.3613
882.16883
1149.7321
1220.3615
1021.4794
1241.4175
1337.0715
1325.0268
1228.0792
810.35387
832.57606
875.57534
992.75156
1059.765
1196.6482
1138.1883
868.35831
869.63372
886.68627
1084.48
1240.2389
1011.2159
1213.3926
1064.1924
1284.1409
1167.0463
1187.3001
877.49017
1242.9136
1145.6615
1053.4111
1130.9009
922.10377
1380.7886
833.75951
962.84971
1142.6122
958.77339
1329.1288
1221.9856
1073.4313
1267.8511
1317.8168
1225.9502
1030.1586
1317.4219
1002.2939
1425.1413
1366.4065
1025.8265
1026.3264
1161.4549
1318.3982
977.06108
724.59435
871.80766
1024.1488
1115.4275
1188.6955
865.18977
1203.2322
1192.6242
805.6835
1061.3992
989.17579
894.29299
1161.1035
1252.6828
927.21995
1113.6917
1176.8712
1171.1594
1179.0768
1133.9602
927.47378
934.79981
950.53408
1178.1052
997.55037
1315.9575
1137.2616
1143.6184
1481.6865
1348.4448
1412.4096
1506.7669
1340.2284
686.76965
763.4787
918.26572
1028.617
613.96352
1136.2105
1076.6002
1003.6845
1258.1116
1132.9004
1318.4988
1205.6289
1082.1352
1107.9581
1203.3676
1483.4813
1294.1045
1420.509
1220.933
1315.0017
1274.4276
1234.4269
832.01761
743.73544
1096.0828
1375.5836
1272.3077
1297.7289
1091.1392
1321.5741
1099.3931
1133.934
1354.0702
1230.0124
1093.452
1123.5189
1080.4747
1170.5778
1250.6771
1137.6946
801.51424
1117.7038
899.71885
1085.9365
1198.0041
1345.2982
1345.8402
1154.0226
1039.8789
1431.4251
1094.9295
1139.979
1047.8885
1225.8966
1189.8538
1235.7912
949.23141
1061.8984
996.45662
1346.8313
1230.1756
1223.5378
1405.7508
1314.8267
1030.4231
1170.9985
1057.2387
1052.1327
1252.8576
1210.4384
751.50368
1339.8184
996.16332
1454.5597
1381.7763
972.70868
1216.0775
1039.432
1346.9415
1027.7864
1356.5789
1075.0479
1216.8916
987.89448
833.95554
1364.5276
1442.5445
964.66577
1169.7274
987.55877
1318.4737
1019.6434
1074.1387
1083.3776
1147.7777
1166.8878
1113.7501
1113.4491
1080.9106
1046.942
989.33081
1101.828
1081.3241
1382.9208
1217.6691
1001.7021
975.80599
825.54762
1095.6012
1158.2192
1192.0256
1339.1935
1321.7197
1297.8286
1101.3076
1365.188
1014.21
1201.7007
1245.7685
1488.1169
910.77387
1337.7591
1352.2924
1175.107
1338.6799
903.9032
1344.1825
1354.8149
1367.0404
1281.9207
1099.038
1176.9187
1023.6866
1171.4206
1383.1378
1228.8842
1347.2307
1056.2145
1131.1359
1224.8739
1090.5854
1027.6892
1076.4258
1201.904
1427.5844
1207.342
1370.1599
1186.1379
1069.599
1145.9799
1207.3914
1154.6911
1190.6743
1355.7414
1236.0357
1106.7874
1003.3867
896.87864
572.35476
1442.5538
1543.2783
1426.9154
1143.5804
1232.7769
1095.8494
974.89389
1250.7519
1264.6949
1463.2662
1064.7075
942.74029
1121.1813
1214.6503
1052.4153
1163.0823
1136.2651
1286.6088
1160.6955
1230.0307
1222.7492
733.33774
1187.6719
904.08015
1016.814
1036.2809
1325.9838
1353.4079
1214.1364
1101.7513
1339.3006
1116.9787
991.26061
1172.0674
1221.8039
1216.8065
1298.5694
1275.3572
1187.9912
915.36453
1007.6572
1392.2296
1181.2901
1127.5333
1347.5487
1336.1977
1111.5567
1343.7861
1106.2861
1405.0439
1131.2045
1127.1761
1002.734
1103.3019
1155.4046
1109.8401
1090.2032
1188.8344
1317.1994
929.85072
877.03197
1126.3063
1191.787
1293.1933
1284.9334
1535.9944
1317.1437
1387.5627
945.86118
891.02652
980.95562
1237.1148
1315.8361
1227.9128
1266.704
1064.0821
1118.6366
1177.1959
923.32465
994.3421
900.85882
1129.59
1296.4674
1088.8021
1339.7269
1124.4311
1140.012
1083.1265
1390.5833
1358.6715
1068.0077
1429.8197
1242.6319
1079.7883
1167.1804
1090.4635
1293.5514
1253.0843
1347.7724
1105.7919
1236.4818
1092.2237
1030.6195
1086.3894
1282.4583
1249.1453
1302.7867
1396.2487
1184.7874
1184.5955
1115.1241
1132.871
1215.0488
1258.4731
1209.5588
1225.8888
1076.0787
1050.0206
1321.2764
1032.1707
1036.639
1009.493
1327.245
1518.6308
1288.3289
1127.7816
1328.0051
1225.6347
1249.1243
1153.0523
951.29436
1410.7959
1228.2235
1219.5955
1071.4656
986.91088
971.00644
1026.4977
844.62822
936.52572
1015.9365
1317.7012
1174.5259
1131.341
1200.862
859.61786
935.11041
878.78365
842.04075
1116.9572
1187.3817
1345.3908
998.90893
1210.9178
1243.7842
1365.5426
1417.8738
1259.8086
1183.8808
1123.0195
1268.5921
1008.0168
1200.7876
903.19508
1299.8034
1187.4738
1213.9428
984.51313
1211.0516
1194.2627
952.2205
1147.8202
1118.7049
1080.4706
1246.861
1012.0028
967.01589
757.54678
1379.1693
1457.6523
988.23797
857.9614
962.67771
1120.4605
1133.3152
1055.7192
1117.5609
717.08685
1122.9078
1264.8662
1239.7242
1258.8602
1034.4489
1111.404
949.69164
894.66142
974.92474
1219.6844
985.19581
1136.6511
1218.0117
952.40566
1164.0395
1186.3852
1260.4925
1460.1088
1158.782
1094.68
1052.9067
1247.8701
1119.4357
1099.8061
1358.4901
1084.6897
1092.3376
1036.6893
1199.8213
1056.0838
859.5689
987.2083
1201.1702
1159.1538
791.67661
1053.5311
764.27073
1136.6781
1282.7534
1119.4044
1198.4291
772.82199
807.25608
770.71945
1070.2975
1021.3038
1313.5778
1155.4495
981.86772
1239.1513
1091.5433
1412.3922
1220.6196
1326.4615
1350.5622
940.07352
1264.7629
1392.2662
1332.2237
931.18842
1146.6933
1044.1089
905.57399
879.2036
974.74686
1168.3725
1033.9933
1089.3046
1222.7631
1261.5056
993.00988
661.58998
1080.6757
1080.0428
1038.4396
1184.1616
1117.2177
1347.5687
1440.1325
944.5524
1472.4723
1193.0428
1240.576
1119.5805
1127.3681
813.93033
1067.838
1413.061
1176.1314
1356.4574
1225.7378
1343.4121
1340.3294
1057.8021
1287.5752
776.56999
1035.4354
1077.8072
997.91173
1007.1322
1095.2522
880.61396
1207.84
1082.4392
657.92953
1141.2305
1331.4022
1474.8785
1004.9808
1306.9294
1334.6699
1296.188
1225.7675
1013.3376
1034.2185
1148.875
1074.2325
1432.1679
1402.3392
1074.6248
1159.816
1128.8405
1231.7158
1311.4917
1254.1656
1013.1121
1045.7947
1092.4482
879.80319
991.40586
1132.6198
1155.1333
1200.3215
1257.8154
1235.3805
1136.849
1382.1104
1374.3926
1220.6627
1329.5553
1423.9013
1396.9274
1230.4628
1277.0379
1316.3601
1485.027
1343.1571
1292.5412
957.33515
965.90086
1035.8305
1071.9332
1160.841
1173.7877
1440.1642
1257.3904
1217.0366
1186.0363
1059.3914
996.15102
1019.3477
1262.2308
1347.1537
1165.1259
953.65115
1151.585
1009.6761
1531.6016
1353.0753
1058.806
923.45329
1378.7824
1170.5857
1342.1191
1520.2438
1266.9146
1402.4846
1535.6522
1399.7933
1321.828
1105.0839
1289.6526
1170.5678
1437.9273
1426.532
1180.0327
1129.4392
1133.4123
1359.1215
1392.3833
1340.9964
1380.9695
1152.9593
1308.2612
1220.8767
1045.8016
1212.158
1088.1878
1232.6397
1271.6074
1040.3406
1285.8239
931.98205
986.98328
1629.351
1221.3171
1168.2276
1347.2731
1139.4491
1340.6536
1366.1561
1256.969
1348.3681
1079.0051
1152.3547
734.18478
525.70906
530.73867
1320.6806
1288.274
1321.9443
1199.331
1224.2527
1313.317
1220.0734
1063.5277
1303.114
983.20801
1504.8786
1223.6011
1352.0594
1290.5367
1231.9873
1101.0608
1217.232
1203.3943
1220.2594
1535.4988
1231.3102
1236.724
1115.1751
1112.1606
1151.0235
1027.6726
1157.8331
1176.519
1104.7654
1207.9106
1273.9026
1162.7867
1107.4068
1472.8718
1280.4163
1132.9999
1108.7708
1072.6063
979.1747
1038.5468
1365.5522
1175.3904
1260.9846
1070.1694
1214.2372
1257.5042
1467.5451
1289.5064
1261.8099
713.01489
993.01952
1036.4723
1245.9081
1336.2632
1378.8078
721.28571
1218.6214
1429.0583
1248.7099
1214.7885
1389.915
1346.1893
1231.1742
1002.9497
331.28664
511.33117
872.23109
660.12646
521.17652
918.52046
1556.1042
1076.0414
1252.5588
1476.6535
1123.4058
1155.4333
1055.8373
1417.9052
1154.3169
1173.0651
1490.175
1312.0388
1189.498
1153.9373
1136.3815
883.61952
1105.3386
792.24526
1099.6088
691.80694
776.74201
865.64414
641.34185
1270.6303
1181.1533
1006.5059
1193.8944
1192.3927
1311.1974
1369.9526
1259.2641
1244.5018
1329.0788
1024.4549
1458.0859
1156.5547
1216.5687
1035.8222
1092.6042
1510.9716
1407.6351
1149.9714
728.17216
580.64885
1124.2015
1208.6478
1159.2194
879.72252
832.31521
1221.4244
1006.5936
825.36073
778.41644
1046.3659
1309.0348
897.89961
1387.486
1203.2861
1207.2546
1305.7952
1473.0199
931.1118
1129.8766
790.01526
952.82389
884.75367
847.24619
992.9634
1059.2734
1327.5426
1266.5888
1449.8119
724.76564
936.34267
740.00403
858.33548
1044.2541
916.71918
947.16488
1143.8136
1305.3325
1118.3043
1142.1534
811.14065
787.30264
800.57648
962.97679
954.3364
877.50364
1265.8085
1129.4745
716.40107
850.02017
687.25418
995.23961
816.81098
943.15687
1221.8217
1075.7735
1072.2173
1303.6033
1131.7115
1067.3941
1242.7941
1160.1815
1320.3609
1423.1688
1225.88
1298.7529
1103.5267
1079.3643
996.31252
1007.1643
885.68843
1132.093
1243.2656
1069.4115
843.95561
1198.389
1227.4575
1336.9231
1338.0281
1255.8829
1142.4058
1235.3911
1257.1124
1109.3704
1043.7516
1221.6455
1353.8241
1315.9584
1190.9742
990.85231
1204.391
1256.575
1030.5194
1078.3997
1387.6311
1239.6667
1327.2122
1182.6052
1029.4829
1166.1937
1231.06
1335.6151
1285.0848
1376.3587
1146.9646
1360.0815
1360.2258
1320.1847
1525.3767
1578.0707
1409.7194
1404.9546
1335.6609
1375.7227
1432.5922
1227.8287
1263.5997
1325.3827
1464.7373
1366.9175
1128.2661
1183.1125
1116.6352
1404.8148
960.17803
1158.889
1314.1732
1106.3224
1328.0109
1143.9368
1094.9574
1008.3606
1428.9143
1226.8282
1177.2451
1340.3366
864.54033
1377.1168
1106.3974
1377.6806
1207.9316
1059.1421
887.04992
1219.8818
1249.2779
1048.858
1275.9282
1133.9936
1144.2226
1090.06
928.77359
625.49364
803.13474
671.84564
1195.8565
1192.0552
1262.7078
1034.9703
1172.5136
984.13527
1166.252
1141.3037
1006.0511
1267.8195
1043.1129
977.43034
953.0079
1122.8761
1218.4453
1002.2832
989.0542
980.72856
1107.1935
1092.0511
1112.3081
983.69583
1261.6681
1239.5413
1428.4551
1219.1226
1105.7438
1459.6684
1196.7079
1155.5316
1022.0486
1106.4824
980.90865
1008.9346
1045.6772
1013.8219
932.62414
1210.5243
1065.1185
909.3
983.88172
1069.0619
1183.6543
1239.972
1017.0794
1504.2964
1453.4653
1245.1609
1218.9998
1256.1069
1087.2364
1010.2192
1315.4857
1198.6021
1259.5626
1204.5842
1480.2628
1206.947
1145.3295
1346.2616
1165.5348
1224.9205
1335.5385
1100.8323
1458.8927
1062.4406
1235.4905
1125.9526
1442.9507
1032.1754
1360.7697
1231.9649
1245.6379
1082.5183
1435.3677
1068.4366
1217.1906
1254.3774
1089.8264
1317.8955
1269.5217
1289.3518
1148.3007
1170.1629
1182.915
1309.941
1184.5888
1111.2298
1090.3135
1204.1803
1001.9555
1240.1255
1122.0919
1029.9935
1332.994
1213.248
1273.5268
1236.8593
1199.4181
1182.8908
595.37103
1012.9966
1206.5571
1114.9835
1167.6803
1306.832
1313.6086
1599.1403
866.63091
1274.8566
1192.8061
1270.9458
1231.3117
1225.5313
1084.5227
1174.9632
1308.9733
1108.2737
1173.7043
1411.852
1603.7565
1294.1751
1157.4185
1401.425
1400.928
1066.76
1345.8133
1324.7326
1243.8269
1375.6692
1525.0162
1550.926
1551.0514
1485.5285
1834.2182
1262.8272
1442.5073
1363.4542
1155.4924
1264.3631
1232.1118
1049.082
1400.6395
1350.6089
1557.3126
1169.4815
1306.6347
1270.3294
1424.3209
1176.3927
1156.0058
1317.5507
1227.5266
1237.0876
1308.6605
1084.6431
1367.2805
1005.7334
1489.9819
1064.8726
1248.5332
1278.0798
1492.0504
1379.1526
1034.6615
1154.9221
1176.0211
1471.2469
1245.4354
1448.997
1061.5087
1428.3446
1055.9387
1170.925
1371.5742
1589.45
1366.3839
1267.393
1245.1874
1137.4272
1347.3415
1172.357
1219.5533
1329.0365
1494.715
1244.7188
1272.306
1233.0951
1207.8474
1427.1899
1214.5076
1106.8351
1142.607
1217.2175
1431.2882
1011.4384
1526.5977
1273.4854
1442.7815
1336.0712
1285.1445
1353.4726
1222.4382
1110.8267
1123.729
1347.4825
1511.4431
1010.211
741.7656
957.59215
1033.5746
866.46604
1150.1662
1077.8451
1410.5536
1502.4114
1397.7461
958.28592
1228.8521
1018.687
1032.7033
1550.385
1344.3951
1224.8548
1056.9513
1148.1833
967.46547
1221.2394
1018.2658
1135.354
1062.0281
1372.3667
1426.2739
1373.2923
1308.005
1364.7341
1044.408
1050.6376
1032.2009
1141.875
985.83236
1378.4123
1150.3305
1091.7361
895.0391
998.84739
964.0335
1216.599
1228.1629
1370.3139
1031.6437
1102.8891
1106.3892
1029.455
865.97333
1110.6455
1261.6266
1216.3167
1294.0527
1184.4263
1033.3209
1149.377
1278.4402
1186.436
946.8865
891.81694
1410.2389
1252.9047
1380.4931
1336.5952
1203.6231
1204.1422
1417.3933
1288.0596
1066.4406
1289.0122
735.61134
1089.6326
1162.5194
1052.965
1164.5053
1558.1601
1039.4107
851.36593
1239.2206
998.13627
1284.0706
1070.7453
1146.2548
1200.7819
972.17856
1136.0281
1101.3093
1200.1838
968.43627
1127.4693
1008.73
1174.7706
1272.3187
1137.2041
1116.09
1143.8892
1372.5103
1240.8168
1289.7414
1219.8111
1065.5295
927.58622
1217.2682
1162.3323
939.47381
1084.7309
1020.2295
976.81825
1251.0055
1152.246
1098.651
874.47016
998.21453
1137.4486
1114.7446
1180.0977
1137.6385
1120.7535
725.61153
914.32581
871.60062
1174.4515
683.16616
511.2209
436.98557
664.80257
860.29637
798.00147
1045.7779
1117.8781
758.69106
858.04792
1282.462
660.49249
850.64236
920.73578
989.32558
1122.4392
1237.9868
548.93156
917.97512
1186.7039
1275.7688
1071.8668
818.70601
775.05185
1217.3099
920.14448
1104.8172
904.40232
1059.6128
956.55231
1048.7768
797.58653
942.46575
816.95174
1047.6438
877.75731
959.33261
1144.4029
1116.9057
1207.5135
936.96352
1046.9462
1207.1427
1010.8184
1124.805
1122.6102
1106.1061
926.69094
1176.9402
1086.8311
914.21542
1064.1579
1047.7665
1161.4047
1215.8229
1150.7153
1076.6381
959.5214
779.82652
875.73065
852.83638
921.07399
860.88446
1129.7461
1032.5585
825.49675
851.00333
1053.3507
739.59315
849.73735
946.17361
925.76033
928.25629
1076.3076
958.79498
1133.3818
765.24596
1033.2006
695.72797
702.46364
874.15035
854.85067
1334.6225
1325.5863
1130.9278
1054.7693
1096.4123
1197.5977
1321.4932
1143.9562
912.38315
1071.1935
907.33399
1027.0023
1293.2277
1060.6933
929.07865
1086.4024
908.8714
934.46981
1252.4875
1102.2569
1077.3658
925.22122
812.98691
1189.805
867.96561
780.5163
888.99337
933.30489
1198.0975
962.39974
1165.1787
1188.1188
957.40299
1062.3851
998.48015
799.87407
1223.7922
1113.5591
1374.7262
1102.2514
1105.0377
1313.1998
1432.8351
1376.433
1104.351
1139.2471
1064.5057
909.69927
1052.2948
1102.4247
614.19287
676.43262
899.16522
1166.3168
1254.4582
1157.0702
1158.1477
869.78143
884.75932
845.75906
1197.0108
1026.302
1066.9492
1035.9945
981.50189
735.7111
998.29353
874.49706
785.87635
962.7572
935.97185
857.23208
964.95516
988.8411
873.81443
975.08112
1025.8948
1000.4221
902.13966
896.98085
882.72174
1096.2988
958.88824
1099.3891
1101.0007
900.71856
1166.8321
659.07732
831.51322
1099.1457
1056.1359
1124.1175
1393.8098
1066.3967
1040.1919
900.56619
791.45008
1433.2461
1255.2081
1300.5078
1273.7364
861.26045
1436.7168
958.46203
967.78148
996.14604
1114.6254
1430.7465
1508.1323
959.50227
1254.7549
1034.2637
1057.4942
1330.652
952.99319
1073.1923
956.20302
1285.1476
1178.5924
734.70235
901.52865
1094.2514
771.54073
1131.7463
947.14083
1192.4784
1121.0196
1158.4924
1204.8378
1200.8411
981.2463
1259.9939
1348.781
1193.4457
936.58813
845.92435
1005.9472
1021.2579
824.87966
767.80849
749.66211
863.02911
1083.5669
1227.9353
850.5682
960.8374
824.90272
934.95866
1032.7964
916.04814
1042.0599
1126.5394
1196.3578
1231.7161
705.57987
983.04647
1065.8671
1157.5255
1178.2436
865.24011
946.48879
1003.5049
910.94717
842.54526
1077.7861
987.151
1192.2704
880.72831
1147.9444
975.32223
924.39375
893.88664
1252.593
1327.5398
1160.821
1216.6678
1152.5035
1222.5064
1105.3108
1479.9467
977.9928
1052.3378
1064.4606
1167.0439
1532.7015
1262.1432
1079.3331
1016.8795
1296.17
1182.2083
1467.878
1463.1002
1255.727
1036.807
1150.5457
1394.9428
1157.5133
1084.6547
1155.4047
1119.4178
1215.4308
1026.3013
1502.2776
1435.6329
1024.4833
1231.9493
1158.0948
913.90069
1150.0208
672.46969
806.50447
969.87426
839.9631
946.58608
672.28116
1031.9969
1196.2646
1081.0907
1074.1419
969.27044
1172.8267
956.57875
1130.703
882.60333
994.52206
886.43348
1060.9808
1214.6466
1130.7066
1122.6685
1124.2611
1182.4743
1071.3752
785.67455
550.73365
1049.1828
1136.3631
854.75366
1376.3955
1468.295
1378.367
883.73387
1149.2448
1408.3378
1532.3401
1415.459
1026.7915
836.43689
1098.5872
1072.0225
1185.1985
1094.5374
1144.9032
1238.1769
1495.1151
1030.6982
960.16524
734.46007
1064.3881
1015.6332
907.32699
1128.5547
911.06354
913.2394
1087.9199
988.36252
935.44056
1231.1396
1293.7702
909.63324
1025.8173
1157.0097
1242.4852
953.16987
1114.1966
1059.4295
1087.8854
950.32563
1025.7841
1068.0149
1287.8304
1082.0448
1195.0644
1052.4252
815.16117
1075.2768
1049.5862
1152.1656
982.94932
966.82756
1073.5282
1194.0561
1407.8229
1383.2439
1197.0721
1172.244
1105.2086
939.54387
850.79975
1053.835
967.03362
1000.4419
1087.0817
871.92115
1267.795
1274.8906
1081.9189
1112.8258
1063.6713
973.98084
1187.7586
996.22698
1159.0938
1118.3187
1290.1875
1075.6962
939.65645
1108.9047
1100.0693
1047.4055
997.38512
1296.6701
1219.2997
1146.5665
1094.3028
1173.0048
1200.8611
1112.9903
918.06105
933.12927
1136.1066
852.65078
807.58953
1027.4539
1053.537
993.78965
974.87695
865.21203
1000.4197
650.18945
924.74427
868.05816
821.17655
801.83323
1234.4764
1068.8525
996.13595
1288.2229
1231.168
1121.2892
868.6439
776.8818
1043.5387
950.82544
1142.6479
1132.4872
1075.9347
1053.6615
1197.1521
897.08614
1155.6354
1081.6667
1036.7032
910.08318
1395.9203
1239.9214
805.0739
962.2623
987.25477
1044.3047
830.00915
1071.567
903.78687
1390.2805
1356.1835
1458.8187
959.24071
1297.0667
1202.7641
1175.4873
901.36885
1012.8589
1228.2361
955.09424
926.45215
864.74137
1048.3185
825.86439
1362.36
1034.4178
1148.7352
1183.7076
1208.95
1095.8676
1345.8672
1082.6944
899.65696
1166.5311
994.78438
1321.8702
1282.4367
1228.0258
1102.8171
1321.6611
1181.174
1209.3398
624.84973
959.26125
1113.7906
1176.1614
1086.3784
985.70857
945.1685
1182.2764
1098.863
1078.9547
1098.5679
1199.5985
1101.7626
991.35096
1081.341
803.61642
908.12072
1056.8405
1090.2989
1158.211
993.45872
933.75268
1147.1078
1119.6232
639.40338
1265.2428
1013.4241
1226.9976
981.06914
983.41348
1257.3422
923.75536
1267.7753
1143.6857
1107.6975
1048.0686
979.78007
1088.2952
1023.6732
865.10393
646.61184
698.95825
1108.1518
1265.1123
926.0692
960.55326
1048.2022
1038.0305
1038.8054
949.53328
979.65794
885.02526
778.17629
1062.8837
1311.494
1161.8386
1182.2303
724.0305
1091.5383
800.01143
946.32692
1220.1844
1065.0585
898.10341
1129.0901
1120.7892
966.60886
1157.1419
1101.1975
1103.0214
931.70354
1036.1322
983.49741
833.92692
1167.9906
1020.0265
873.81719
1069.8522
820.45508
873.90932
1043.2058
851.39413
1005.2793
1156.0583
1086.6814
864.852
753.94691
935.39938
796.04182
1109.0113
840.69232
1010.1262
936.08528
1001.8015
755.09021
1098.4722
736.79816
965.30671
917.21819
1087.1306
1017.3055
1083.1548
748.96756
1165.6749
1089.2305
1146.0933
885.79848
1017.2087
673.73026
1187.9712
1092.0464
1264.6759
891.5236
1368.5155
1228.2007
1300.3394
1068.021
1137.4502
1269.3363
1210.0994
1384.5411
1305.0529
1228.0438
894.77517
1167.6181
1304.2188
957.00521
889.98975
860.72137
1255.1201
1099.0064
1135.2836
1060.9492
1141.9063
906.03803
787.64897
924.57823
953.53538
689.97838
725.44414
1231.2114
812.35459
1199.4979
1107.0934
1186.7032
890.25368
901.44293
892.15916
1143.5214
1018.0082
1056.0066
900.12564
936.27185
939.42233
912.54266
1282.1412
1217.4048
923.3432
1393.4292
1152.3509
972.11661
1352.1544
1114.0485
1234.5389
1279.0243
893.69195
916.56087
1096.8186
917.76836
1194.5219
747.36803
1182.8491
974.44562
1268.5807
1155.3472
1219.5956
1092.045
1189.9491
950.20492
1008.9475
1096.9206
980.01614
1041.167
1178.41
1280.4363
1237.5815
1253.5056
1477.6728
913.65548
990.29882
1074.7143
768.25853
840.3542
1089.6517
1077.9444
1209.062
1310.862
1232.65
1163.8041
1033.7663
1056.4274
1177.0837
1025.2685
1127.2567
1110.3144
1037.3497
988.75288
1087.6919
1079.8892
1443.4163
1058.4947
864.74437
1195.7731
784.24293
1059.5069
1273.3033
1278.0464
972.3664
1211.1967
1279.2448
802.47314
1151.9162
1166.5969
979.1917
1176.0791
1301.516
1309.317
1239.1594
1248.3149
1166.0508
952.33292
1094.6656
1432.5926
969.93224
1138.3792
1204.4111
1096.5258
1241.6177
932.97515
948.0263
1150.0663
1070.8535
1446.0748
1465.5742
835.35943
1311.6069
1060.7361
1195.7058
1295.8299
1353.3563
1089.2635
1236.7826
788.80432
1150.8668
1057.8429
1093.832
893.97639
1131.2944
881.17223
957.67307
901.8147
1053.1215
1296.6199
1058.5778
1117.0086
1217.055
1331.3711
1014.6721
1071.4872
1012.26
1246.1351
1330.763
1161.0458
933.27303
781.40554
715.13876
1035.6117
880.52508
1146.9331
909.53486
1046.3071
1033.8489
1295.21
932.09252
999.64587
1020.1989
788.56525
1008.3974
964.12426
1032.3617
633.50047
1121.8555
1191.8466
940.17962
859.07031
746.65266
816.7535
1082.8006
949.87294
927.91823
1075.1702
1143.5464
1003.3769
1002.4522
989.02469
927.20129
954.76781
968.75569
725.20676
1035.478
951.41598
939.77423
768.31181
1144.6975
893.29606
869.11125
704.41161
819.76587
1010.3749
977.79326
1227.4539
941.7578
976.38302
954.13026
1017.2636
1141.2103
1002.3129
1053.661
1202.8269
1008.9466
872.18411
774.10589
1241.0484
1055.6816
999.92553
907.93248
1057.5513
1099.3526
831.86056
1106.6117
1036.2504
1177.7037
863.54337
993.37529
1163.0788
1016.489
1104.3825
985.47206
1180.4473
891.7764
925.12729
1160.8536
1195.3602
1140.4473
969.20426
773.78766
1117.9825
959.8895
879.52746
1364.0354
1006.2446
1126.1599
984.25587
1030.0808
881.82811
680.46302
719.56934
1184.1721
1059.7866
1186.0958
958.35798
1041.0111
935.34624
996.72
895.8369
1056.5906
878.65986
744.59005
798.53005
869.63587
860.06187
1002.5796
1135.9491
1057.3036
1079.4692
1127.4466
951.37837
1309.0669
938.09893
1033.9604
1031.9798
806.74929
1144.7293
670.50704
680.2159
1106.5615
1080.1503
1267.8709
1125.7835
1029.0958
921.83101
767.23298
1029.4457
1056.7292
1112.3621
991.84333
872.66831
1192.1836
1171.334
1168.3766
1173.348
911.10194
1124.2755
1208.1292
1195.3933
890.89927
1111.3092
1145.2823
957.77325
1119.4979
1029.6467
884.43355
981.87822
1116.8993
841.16301
1187.2045
1015.035
857.05609
1121.9267
907.82775
1260.2118
1146.7207
854.66622
1110.2185
844.26605
1225.3183
802.35626
1003.5875
962.30538
1015.2573
893.01733
1216.5375
1301.4486
1053.3091
1254.7339
1028.5796
1215.6528
1176.867
1093.4287
845.1584
912.22841
914.86344
1036.5426
920.447
1197.4379
1068.3581
1029.2019
864.31958
735.09375
898.17034
1046.8661
1091.5682
1007.3809
1382.5128
1177.6088
1100.7281
1050.6567
909.92102
1022.0031
1330.428
1160.6267
867.68355
1092.177
1231.3598
1115.5585
1068.4018
1379.0091
1078.4463
1061.412
589.42996
921.23778
1011.999
912.97463
971.3428
1198.5205
809.28582
747.48346
792.2339
1116.6025
885.28394
831.67016
1029.4741
1217.142
880.75494
935.54158
1158.5518
1044.2207
1003.0908
920.88414
875.89776
830.60539
1241.9973
1002.3672
930.23605
1185.3591
983.30167
874.97441
892.02752
1090.2005
1051.9345
1244.711
1147.2139
909.48951
1306.8546
1137.2577
1187.5523
1094.2424
1155.6156
1313.3263
1185.2648
1262.1173
1362.3159
1256.6622
1159.3761
916.42694
1056.323
1285.7111
1394.5176
1308.3995
1292.252
1123.9396
1089.6816
1108.7261
1225.6696
1076.479
735.50391
1654.4776
915.03121
1052.4927
954.67861
858.1872
1004.7535
807.90136
844.95407
1137.7683
970.47608
901.20299
1065.1202
1011.5845
1101.3407
946.96304
1078.7052
915.66482
917.58709
1192.2403
1269.6143
1157.2448
1101.4059
1261.4635
1043.1444
1019.0842
1109.7154
1183.2981
925.47432
1087.5697
1208.8513
1180.8739
1056.7215
1165.6213
1093.7068
1185.9414
858.8626
1194.0096
1308.7976
1113.274
1340.8617
1132.4109
1126.1399
1235.4837
1124.5628
1005.6487
1333.5237
1371.202
995.10225
1192.4347
993.11296
1125.0466
1271.2388
1097.8492
1124.5038
917.75524
1139.0663
1444.0938
1216.0643
1306.5597
1144.8399
1136.0493
1670.9441
1177.1662
1241.0343
1105.8551
1114.0008
1147.2353
1450.0999
1243.8752
801.96641
1014.2306
1047.0048
1051.5387
1081.7022
688.32302
911.35824
1254.9364
1335.7481
809.16967
1271.4808
1005.4644
1109.426
1016.5134
1233.7021
1020.5537
985.19683
1310.329
1078.6182
1220.3922
1151.159
1111.6649
1319.9298
1216.5134
822.48205
1189.1388
1241.3111
1316.3425
1070.3249
1295.6035
1333.2614
1093.4786
938.63407
892.55576
1113.6746
1101.5155
724.65495
985.14034
1192.9062
1020.9695
1068.3308
1062.4035
1255.7065
839.15021
765.6086
1148.4485
1316.9824
983.84502
1160.746
952.98948
979.97712
1227.5407
1015.7114
815.77484
795.33436
960.48073
737.44291
965.71028
1042.781
850.57316
1280.9505
985.39727
945.51572
804.82901
715.93687
1133.9632
1010.2996
1021.8467
1327.6269
970.86072
857.68956
899.48632
1001.0662
1235.6658
1181.5651
1524.7798
1162.2026
856.14253
1079.1909
1328.4742
1018.5123
1059.8388
999.13517
837.6012
947.36608
859.96136
1249.6303
1032.5813
1169.3743
1036.3338
1122.667
902.90766
979.70786
1106.6554
921.23945
876.00503
1009.9394
991.38056
980.38122
1025.5009
1031.918
737.91294
564.72324
611.67231
665.4312
905.36543
943.01986
1208.1994
806.09419
875.57768
928.28197
1221.8774
905.23937
1073.8304
998.78365
883.16758
1434.2657
949.84761
790.06525
865.94488
915.01783
920.62697
924.03871
1233.3622
1129.8486
1124.5032
802.40555
1298.2318
1189.7849
873.02477
1073.9749
1209.4126
1124.6509
875.52659
1052.8144
1079.9384
867.63917
985.70497
1088.476
991.69633
1226.1664
808.74593
1071.2824
996.68962
1288.0655
1238.6241
1098.9166
1065.5232
751.55747
1171.5574
1126.5245
1254.9443
1002.7234
1066.8431
1070.3811
1065.202
1260.8175
1413.5501
1194.2349
1247.5235
1398.0334
1104.4384
1083.818
1152.8034
1218.3255
1068.4757
1226.4206
1098.7299
1235.9959
915.87143
1185.9932
939.06277
897.48665
817.83346
919.49109
604.10822
1191.6591
1174.3291
1343.698
1159.7124
1010.8072
1336.419
1070.5916
1310.469
1276.8021
1017.9098
947.87489
1140.49
1181.9114
1349.2175
1151.9855
1074.8158
1263.2684
861.34357
1118.7579
1005.8998
795.12567
851.42903
969.12582
804.1787
1126.8673
934.67787
1016.1286
932.90776
1088.0363
1370.6479
985.42652
901.02136
873.75132
970.62507
986.00584
1008.7826
1162.0364
1126.6249
974.43917
869.48432
978.40486
706.33811
1020.4367
1002.4945
913.97041
735.48076
1122.8564
1033.7748
787.09213
952.05898
882.6727
892.96979
945.99668
1244.0183
825.93624
1092.2069
1216.1579
1129.1144
1521.4738
1012.8279
1257.1439
1102.1355
1165.9131
1155.3847
895.14497
866.8903
1069.3054
761.08503
707.85673
1006.6401
954.90107
916.97679
986.90806
1370.5731
1013.4727
909.73172
1361.1257
863.93581
883.13442
899.49125
1059.3578
1094.7917
1228.6629
1190.2146
1017.8413
1365.1934
1068.0121
1058.8912
909.37582
1089.2557
1085.92
1138.8574
766.18199
1282.002
1251.0736
903.57772
1044.8502
1177.0412
857.7809
969.75841
866.99858
941.58945
996.5623
998.94124
1010.5456
1105.1668
1265.4893
1047.49
1047.7542
1052.2246
941.34899
928.42908
1030.4
1003.2744
1011.8111
1155.1583
1189.0921
1072.8904
974.54026
782.76672
940.85179
759.69279
837.44278
681.72606
1087.2076
1047.1679
985.31958
926.29364
1157.5725
1094.191
1162.4713
1085.2049
1145.5363
1310.9396
1012.5329
740.19875
721.56983
731.73538
905.29521
1014.6118
814.53729
754.16818
1263.2167
1139.5345
1096.5
709.28791
929.5327
948.53343
886.45856
1196.8632
1333.5053
979.09958
1075.7322
962.84039
951.24517
732.78345
805.8117
964.43465
813.10881
1100.9011
1119.0062
1022.1913
1051.9314
972.9232
744.65488
723.98554
958.99972
1204.4246
1141.2748
1041.1147
1091.9945
917.91096
810.49908
885.10815
1055.9745
1095.5738
1008.2239
1387.3718
1029.8915
962.08287
968.89593
1022.2955
1303.3035
1051.7221
1123.6151
642.89242
827.38109
877.38748
757.94539
944.76625
1136.4532
1169.177
937.84338
1323.2101
1118.488
993.45878
1157.8828
1210.0902
776.71217
945.0816
1150.0995
1143.6238
937.13988
1090.6744
865.86255
1083.4027
1339.4218
1108.463
1192.5425
927.57228
1165.2854
950.66445
794.4245
1017.5028
960.90396
1017.0647
878.83456
984.99858
1054.5053
803.91792
1021.0989
1037.7098
732.60065
1038.8225
1071.6806
871.82877
871.5221
926.7578
495.60678
997.93166
938.3741
1060.1353
1056.1173
1029.6024
1079.497
919.29581
1041.6624
744.75321
1392.5956
1055.3929
1152.1309
930.00079
956.46325
986.12256
1126.8395
1131.3738
1139.0293
1071.6103
1244.998
1023.2533
735.40578
831.92209
973.4705
1099.7137
1268.9286
1252.1948
1280.4256
1276.9012
1269.0026
1185.755
1285.2131
1063.3337
550.7627
952.51359
1221.8344
966.85786
1151.353
1317.0902
1166.2281
1155.8235
924.18945
473.58103
718.47777
1256.3219
1278.0864
676.30716
1250.7406
1009.713
905.29103
852.15442
1157.9454
853.34645
684.64986
682.22725
728.43643
406.26408
1080.0136
1070.8977
1135.9866
980.29917
902.06795
1119.3088
885.98685
1078.4644
1130.8185
888.8715
862.87068
752.8404
1109.9662
1018.4178
1171.1615
1163.5987
1287.6909
1179.4358
1084.828
1082.6988
1138.5548
1239.3871
1138.6661
1165.2218
896.93005
1224.1496
993.85737
1082.9542
1126.5914
1017.6729
1112.9292
983.69662
1203.0526
889.16117
1037.0567
1145.904
1299.2355
724.37587
1373.2523
954.25364
838.5622
1202.4013
783.29435
573.14874
911.47399
806.46859
960.38507
1008.6645
1196.0212
1147.127
1000.2227
1545.7718
1335.3199
910.24907
1274.5161
1235.3408
834.5286
1184.863
967.74129
881.06003
1195.0894
1062.241
910.50528
1072.7489
696.36378
941.40977
973.17515
1045.2285
792.91864
946.12163
1260.69
1332.1196
1130.962
986.63992
998.61602
934.43574
822.85778
639.26642
1198.4008
879.648
731.06745
807.03248
1021.6636
1055.8801
1202.6134
1018.719
1242.8839
893.34374
1127.8494
907.92388
1020.2404
1309.726
1321.6907
1386.719
856.58505
910.88051
1118.1172
1074.4973
946.2224
1152.4688
1296.824
1024.4789
984.0193
797.80704
826.98282
995.55252
1131.753
1212.6739
660.27678
710.37521
907.53105
924.84708
864.81891
833.18582
681.1157
857.90772
857.99774
913.10477
1014.3347
922.89687
1104.0722
854.26711
826.86034
781.91754
1113.9015
768.36067
990.66589
897.80937
1241.5471
841.19202
602.39676
886.67862
966.52826
998.16216
919.10933
756.68006
1093.7098
909.44276
1059.0193
1010.6491
713.23592
827.99974
691.0999
916.04514
1179.9898
1167.8723
1030.7204
862.42467
1017.0896
826.30692
1118.1161
1112.0978
1122.2083
944.4538
839.26381
906.07039
937.31247
932.936
992.59348
781.63868
872.84455
785.34516
1055.0033
845.62604
934.37008
1227.9389
822.09154
910.72723
1032.1787
1054.6849
1210.8648
747.13286
777.43266
1113.3371
802.53617
1030.2115
879.61985
1002.4032
906.72693
820.58898
1041.2457
872.06347
916.78299
893.75007
975.83712
1113.8358
1115.0591
826.38652
951.72287
1061.3022
1111.5482
920.34312
924.38135
1162.2517
846.9347
1003.1499
1095.6531
874.46613
732.9474
1016.8437
821.35223
1003.4761
745.75712
959.47641
1126.5179
951.90271
880.32552
870.86196
878.49081
1020.2235
1165.5785
1056.5386
1015.6316
1191.3182
998.70061
1052.1422
745.91499
932.82336
1075.6601
1056.4127
1334.7095
1015.8686
749.9008
503.66026
1086.4163
1263.2446
1166.0435
877.84513
1231.5117
919.51694
953.77212
935.47683
889.29294
899.59712
901.43244
831.99507
974.78018
967.10076
1003.3029
906.53327
783.63371
999.82166
855.48308
837.28197
652.80431
793.126
718.31655
854.90091
752.75834
754.09863
493.67439
741.55945
707.36427
613.74888
797.62931
705.75086
701.8743
927.50953
866.39218
929.44758
861.24053
857.05727
877.73053
431.69678
696.1142
832.44893
915.55908
1012.9764
1193.5822
763.49812
924.90621
831.46751
1100.5926
686.58599
692.80183
631.45605
1015.5429
797.75122
836.25155
911.78354
868.94898
893.66464
990.69311
1069.2149
832.31783
710.81849
846.11612
916.33392
1062.6493
1008.9598
1071.9772
1120.9079
1031.3654
1038.9223
1079.9128
1309.5873
1230.4761
1033.4488
815.92763
909.7775
1080.165
961.74407
844.72596
939.30236
948.74233
796.96337
686.71178
962.03715
919.39583
909.88681
1093.467
942.2119
1129.2399
809.54114
1077.8429
862.15933
932.38123
889.8051
1006.3494
997.41047
852.77311
502.40076
1154.9039
1007.0306
1261.6293
831.55904
847.47385
933.56836
735.35779
994.16199
873.28352
887.54477
995.07716
1052.7464
864.92571
923.13573
738.2393
804.53918
682.42738
908.49188
687.09344
607.04327
713.87017
677.89772
734.58561
771.35369
1006.3479
1025.2191
1040.807
900.7824
734.0683
772.2895
799.39783
763.27257
880.83655
1025.9046
989.82072
1043.8175
769.88838
667.8125
808.14586
672.10384
761.85704
871.99382
979.80242
592.48187
750.32345
760.4905
963.41738
1055.454
899.74738
803.88808
714.06429
789.14704
855.11643
981.2949
921.05579
793.0862
568.98721
838.43228
558.94312
650.35748
843.74306
686.43778
670.85346
715.97123
1016.7402
621.72372
777.67415
503.80219
667.77727
1124.729
867.38185
785.56972
710.28729
823.3426
850.39237
966.12206
1049.4827
995.24166
1105.7228
786.59263
640.86774
519.09157
288.78244
568.94156
612.60061
622.43638
814.67373
753.62895
734.87407
810.5871
784.6024
783.05053
949.20203
1051.047
669.6667
864.09153
651.49129
825.62195
566.2037
645.4394
497.22368
845.41256
669.80168
830.86085
735.19688
562.63208
481.43471
639.60951
628.45592
730.61435
733.20655
837.76537
993.45291
925.80265
835.62736
847.25089
681.54626
439.5418
489.9936
790.77301
810.22003
686.13339
1374.9269
1083.6407
653.6984
683.6679
601.23196
931.49523
641.02591
805.46857
798.01141
1015.2446
1096.5445
1085.2137
791.41345
569.65115
556.24091
886.02422
804.69639
850.14645
708.66232
857.36402
877.37711
560.01636
791.44524
880.23026
859.53611
921.0092
844.03582
1018.8644
673.7377
1046.0896
571.89438
841.3983
840.59952
878.39184
634.39599
1024.7738
984.72514
898.00192
653.35975
692.15108
614.45981
581.26556
853.24656
1065.5727
758.31755
840.67634
778.34819
648.75932
556.04498
852.07511
949.58054
920.13554
735.21154
862.05397
671.19237
712.24989
749.72617
299.79186
922.27166
872.6759
755.12958
960.49117
1011.757
570.20441
544.17322
506.6952
716.67414
702.63688
702.0703
945.53236
918.67714
678.61644
553.43738
536.12632
713.33584
479.92201
564.11365
333.70645
508.26168
653.24786
654.33765
497.84215
596.27729
745.60076
511.12853
813.61012
634.86982
996.34028
659.89095
1063.97
983.06001
921.43329
860.33623
867.31541
854.84767
853.64499
400.13353
659.87629
653.74364
815.23592
781.5356
747.66294
752.53023
876.53244
730.60655
455.07842
780.50544
710.2927
936.37962
799.63454
520.24313
713.64731
712.15434
922.01715
910.24641
1130.7742
961.37252
927.68683
827.11259
901.02802
828.89929
939.85621
849.36202
899.61837
1039.7798
802.08882
890.56993
979.73246
703.41598
904.74468
892.22111
971.24449
926.81225
748.82753
779.03824
917.58111
747.09833
824.8747
994.45236
1012.0071
799.08969
828.85033
1151.5757
1132.7545
1106.2302
916.53021
797.47189
860.31702
1181.3585
729.99486
1095.4082
1180.3995
734.91679
908.68183
829.44587
938.79183
1256.0589
971.45162
922.24668
833.15131
821.85577
1167.0639
724.3416
643.2728
876.24906
1011.5422
877.87822
849.5298
1080.3232
1222.4467
864.30918
818.31073
821.11207
1032.7812
1017.8
906.78754
938.09477
1108.3408
892.93543
815.59438
1125.1399
929.96176
825.85132
869.25484
876.16564
816.28336
1216.0529
969.93299
1139.1356
953.08196
825.11573
1017.0147
934.00208
1010.9846
876.49255
1068.3375
1049.8658
801.60553
810.92692
714.60476
1033.7146
944.98591
1243.776
885.76218
1112.8549
665.88984
977.32768
795.25636
1065.1342
797.88007
958.83809
1266.5041
817.29398
808.45481
1091.4005
694.64444
705.90309
946.4258
713.22008
844.45296
688.69255
708.24002
876.14957
778.25313
1073.4669
1148.3984
1065.6571
926.40095
1110.9733
896.74032
978.68183
725.42356
687.71316
1177.4551
1048.6233
1216.3325
1098.8363
1128.1822
908.79875
1000.3933
1051.4276
982.56042
756.14409
767.3156
797.90261
1122.5163
1005.2251
747.77142
1038.3808
860.09098
835.14414
1108.0672
1046.0867
991.37921
690.3051
1049.5568
728.49057
792.96076
662.14125
729.1572
824.00201
980.55719
882.10946
1004.5113
744.36129
710.2128
777.63437
952.49493
1093.0172
1084.2962
1278.5662
921.53799
1052.1834
1183.4551
1158.752
646.91031
989.45198
946.65538
774.99084
1036.7417
984.7187
753.32702
1115.966
1023.8919
1148.5693
1149.215
828.9067
753.52496
806.16276
937.07515
988.54792
718.47384
1006.1766
952.87846
895.16855
986.12806
1143.7932
909.62294
575.96134
868.42616
665.29983
804.67296
887.48204
949.33948
992.66995
812.13318
852.38698
864.89724
766.85313
695.36783
599.64964
878.75623
713.44483
877.61134
1009.8677
705.08337
694.17587
796.61968
826.18595
1053.5292
560.76433
575.66319
626.45693
458.2991
504.18658
1026.7455
983.43997
829.62547
625.47932
769.20368
1089.2964
980.98385
1166.8931
972.63494
1068.1012
837.28095
802.10958
940.37926
701.14186
1124.1699
599.19454
654.99303
761.89794
832.25781
1047.3229
1016.9106
1106.1758
600.37868
738.16673
759.25065
796.88944
728.10399
701.07262
640.14994
809.3337
806.97825
1001.9186
899.65541
1027.2774
1133.6382
934.82999
824.31525
886.68936
844.50333
712.71691
982.86272
945.94512
995.56507
653.69998
764.29133
870.12034
967.26551
1021.359
720.92788
767.26727
829.57047
655.76013
682.35993
665.79043
934.97842
1007.5821
795.6773
1010.8823
812.0977
639.98325
842.54185
973.93383
923.81513
940.99925
705.94818
793.37374
680.35572
825.35355
928.10249
706.64337
889.68318
891.44255
1093.0291
821.66322
860.1367
1075.7651
613.92383
808.67714
823.54736
845.31561
843.35452
1012.5941
839.52422
830.99279
1054.2639
900.79497
647.02102
857.2903
565.52325
1219.5946
959.72437
935.71646
968.2355
1065.5553
986.8751
657.32313
715.6438
779.81496
763.51926
1192.3214
1205.4708
775.52391
578.52725
854.68335
810.47635
871.45425
782.33755
919.16729
680.80226
747.17571
934.3171
991.72737
940.8866
965.016
975.33413
1002.0807
825.53679
942.34359
814.86134
1018.2315
879.4461
1059.42
1006.3332
840.04369
788.42972
845.52832
893.3662
846.45493
827.52085
656.39524
793.33018
706.22962
993.06707
1050.732
939.83594
997.23903
892.19675
788.70717
716.15973
376.16311
385.05757
961.57557
908.45944
823.47312
954.83728
1040.6968
849.92282
730.59018
723.83623
867.02034
851.80587
899.20354
1072.4753
855.21013
794.63408
567.55929
806.55962
1052.3868
883.91583
792.39155
465.16675
705.97916
663.09779
685.92439
1022.3852
890.60853
574.0786
837.86306
870.91026
915.13503
800.60992
946.03467
1050.5419
777.05614
1020.9724
799.33265
672.78973
739.63758
717.86468
670.21279
760.21043
806.49284
799.31854
725.69098
1013.2724
834.22166
1042.6748
975.3052
1057.0857
659.28556
969.2449
771.53451
804.38665
927.62976
884.49674
841.15332
761.35573
641.86715
719.0567
690.97066
745.40558
584.46755
758.00052
650.79409
723.31231
528.46656
779.21367
409.74126
766.19839
586.71607
532.38802
653.1987
849.37483
907.8529
873.94406
639.00734
1005.9415
938.707
755.89822
754.66891
742.96671
728.35915
647.97222
788.58283
1014.6796
705.54129
821.06894
925.7618
891.70644
897.44157
901.17377
797.87912
872.55279
788.93545
600.84348
756.65707
1017.8727
1029.8559
737.36068
933.51066
1137.0163
954.62236
536.67245
738.59163
740.87967
814.43892
948.95396
1046.864
887.50005
875.74618
686.88234
984.41826
896.77981
635.37976
1032.5269
894.68526
863.30492
1071.4366
1018.8012
776.25697
557.26892
621.46482
667.61516
732.96491
715.31039
669.93361
774.31457
667.80477
726.55716
944.79352
577.41612
725.28123
698.96865
700.63407
746.61986
621.36793
695.6167
780.99211
820.15966
896.53645
669.03704
877.82058
791.82288
341.5718
584.33221
452.7815
576.86151
1031.3326
919.21641
767.62933
574.19979
524.04657
827.56429
602.36821
783.17625
802.49307
851.94164
1055.8201
850.65818
583.30937
712.6357
816.84074
495.03316
678.14923
954.80565
844.49451
631.59322
705.98079
831.75034
682.9936
731.24686
701.48463
638.76986
601.28985
933.94521
1000.8538
827.0386
644.25455
701.67709
825.03289
868.207
525.63469
559.80628
489.30085
805.00617
1132.685
1047.3935
508.71777
933.03007
667.73449
695.50415
608.95548
848.68269
895.09547
853.36529
835.71518
663.75711
785.71043
589.9958
684.66132
822.2436
632.26738
922.09057
814.79087
687.36482
943.12625
865.01987
763.40274
469.57989
925.72738
835.90907
972.73117
824.25054
697.99542
665.50647
851.93216
890.66978
590.57102
556.61486
598.86246
988.78826
871.12472
944.74137
759.76975
682.03983
473.44058
854.16517
544.12121
199.86047
980.10684
685.17732
701.01475
571.82682
700.5776
848.1045
824.63292
657.26463
611.52635
467.64047
691.77845
720.2419
912.2553
835.65592
799.11737
740.94763
314.41928
798.1884
522.36913
829.59295
746.02557
593.68708
718.0452
884.55422
505.78294
536.9069
739.32779
482.31565
671.53226
899.66937
710.53758
650.7266
595.51825
327.60402
809.59486
910.45829
674.49697
887.02813
423.25566
572.93562
495.93211
548.95961
482.79135
357.98163
432.84437
550.2143
650.18205
604.1815
594.48623
707.14369
701.70749
137.30036
487.65502
618.1358
434.97291
881.3901
806.53664
741.65523
812.15112
717.41639
805.17574
863.6416
932.64637
859.10029
651.45162
816.4029
829.74224
775.85625
726.94607
695.27132
632.69068
454.28244
434.05082
785.50861
739.08212
551.41419
479.93799
351.95704
351.86405
496.75205
477.24101
794.9921
540.2154
425.671
911.73941
344.97536
891.54814
444.55392
434.49379
607.90696
631.41737
637.97761
794.41707
757.68795
756.31735
516.70269
491.68945
980.86178
980.10031
972.92432
684.95471
726.66422
630.42648
613.54293
790.09179
789.02452
466.05948
962.60319
624.44903
533.00948
745.28704
617.12662
706.69985
407.86205
871.51815
669.47649
697.66313
608.31154
691.46388
558.30761
691.18018
683.03763
768.38247
644.832
609.85767
574.38553
693.16433
859.46087
619.15627
693.26303
647.12491
587.75748
659.19959
571.22279
551.44654
449.07236
691.91447
775.07742
707.42626
871.41593
642.93676
524.12212
683.48482
484.90318
342.78346
415.54839
594.82644
641.75144
571.04198
868.02826
1010.5808
598.4739
817.94305
672.39197
640.6387
608.73682
614.56981
375.69534
561.17173
739.25185
759.91937
926.07509
710.12068
751.83049
879.7247
670.10187
470.3062
636.69096
649.91353
976.11217
424.69919
744.29094
274.62521
814.36871
1211.6362
694.68605
917.39467
538.25538
567.2421
600.02829
945.62777
960.61078
952.11914
835.51245
634.63223
610.60616
805.80624
820.39456
634.00163
862.64911
982.16126
862.51095
757.45219
690.31719
546.36698
362.90231
412.64581
323.0817
472.18647
1081.1471
1110.3557
724.16206
632.50436
424.75026
939.17144
969.61349
574.76844
521.96804
569.58486
484.64153
837.33395
997.76437
633.58892
647.14349
624.1222
712.51189
923.86374
608.41253
1155.0605
612.02924
824.83853
755.97422
828.76168
731.76036
840.75755
746.08737
731.26241
821.6692
820.28383
660.11714
674.89144
875.64397
788.28527
820.59748
613.23844
462.18946
656.90819
574.69189
713.80063
660.96166
816.45271
664.73023
842.58235
783.75468
758.24272
799.27406
594.46886
604.29484
735.27739
666.26695
842.96347
739.905
555.06304
73.302264
410.91651
264.78365
565.47021
754.35051
753.36814
619.97137
587.60608
666.78008
778.31914
1042.1426
1036.0537
861.30188
872.80906
1005.381
686.26693
1143.0834
876.58069
348.94808
533.90407
773.37989
1044.2451
560.97476
634.00777
622.69239
459.18045
1127.4395
607.96843
901.23047
837.35809
1160.1745
626.48733
806.36908
740.85187
665.5556
656.18044
677.68934
623.54747
535.9056
679.46386
598.47972
639.10443
764.95472
788.69518
886.33209
947.94087
925.71554
899.06475
741.73285
843.5615
749.07521
780.85538
844.60521
753.02674
763.72117
734.78064
641.20794
887.87105
704.78818
884.17747
878.28485
912.4595
734.03932
567.65201
850.10577
836.73997
670.10958
652.64396
630.70714
847.32152
938.45706
385.37222
807.51291
950.70198
942.24645
741.20539
738.60086
773.65725
853.01157
673.686
725.97045
1137.1624
555.3371
1142.6319
848.27425
862.28394
904.36112
863.3416
726.81851
847.93852
744.16856
721.3133
1018.2508
976.46899
1006.061
913.83907
1049.3994
708.5997
615.54827
915.12341
896.90856
1153.5267
878.81696
877.99339
848.95087
966.52638
672.66493
649.52333
902.8668
735.56149
521.9318
860.73626
679.0214
319.24609
837.69842
608.69458
793.90735
685.34056
572.68423
765.05685
844.77273
930.23862
863.68146
629.89457
515.44193
586.74761
747.39752
995.52034
935.68423
567.27784
563.91499
572.44316
640.10291
604.35102
972.14263
682.27088
856.703
588.42238
559.64933
373.74193
462.404
889.24921
678.38309
619.80312
685.82182
720.41133
464.75258
757.71014
892.00206
783.76319
771.79442
820.47767
898.05385
858.87439
962.69258
527.0831
634.86238
597.13516
477.60753
702.15043
519.36734
698.18693
596.59956
646.6459
858.61599
922.29802
939.95524
953.44744
895.35963
620.32649
489.13967
605.9174
541.049
920.41538
529.46209
461.4617
721.20043
762.32765
920.80645
865.47537
915.76449
977.79655
703.97086
784.20826
870.76432
698.59661
781.49601
661.75109
878.69403
753.31681
685.01264
845.59052
633.64489
813.16245
820.12351
903.22945
704.51776
851.30742
902.44761
667.59368
702.68314
1043.9505
622.81441
678.02331
636.60289
691.9303
587.50866
590.38997
523.43059
814.03655
788.2182
798.83677
707.07457
1013.4574
1061.5706
969.15803
810.10886
824.6144
890.41416
695.19082
793.41211
825.18176
602.61695
879.8419
799.43185
977.30422
790.15893
690.02714
970.39377
684.69907
562.48227
498.79421
638.49957
725.69444
1072.3529
945.02878
851.3737
883.37474
860.18835
944.37692
639.76306
748.98641
918.7216
943.97336
870.4296
528.99156
511.76756
430.12925
802.8947
639.92094
626.03517
633.47232
706.44098
814.46315
905.28718
518.11751
690.3674
491.34684
679.54421
944.22426
540.13568
805.81612
396.82451
818.03067
815.99189
671.82207
823.29384
667.08397
418.39113
518.54757
873.51853
611.07189
717.31944
252.4152
561.43274
804.82123
787.72987
521.76189
722.43689
735.21685
666.78561
525.24773
461.60567
622.99051
574.1625
688.77212
845.78
945.98223
740.63361
929.13608
1006.36
688.9593
568.90396
1098.6078
1059.9322
680.9038
910.09044
861.46723
794.99646
824.70662
743.14058
386.12426
326.90295
632.15847
927.18982
526.5643
451.2866
748.91879
578.83239
601.64406
727.62649
856.58935
907.94601
847.7278
562.48419
835.33885
542.54438
774.06058
801.11324
717.45501
738.12649
686.98994
861.25166
732.01148
790.08491
779.67812
630.96689
812.41829
489.31893
626.39225
628.74849
743.18334
790.15357
735.33337
520.7577
581.70375
376.21937
436.65683
452.06707
641.8597
511.13315
602.01281
461.93897
564.40406
739.45486
427.75522
743.23818
675.42329
556.10051
729.28898
749.29221
496.40845
629.64222
683.70157
708.36057
858.40414
874.58336
389.8775
715.64808
817.64042
688.37493
518.85552
744.04554
829.64938
659.95436
751.67153
593.20313
694.34809
671.45602
324.95972
703.40295
945.83866
787.22304
777.61691
720.36718
451.46409
663.38149
818.9732
552.02575
880.81641
864.51771
949.11044
881.87072
1063.4385
678.05927
741.98125
725.32422
806.7981
739.03586
778.46643
625.22468
763.43922
784.87781
678.1004
807.02412
672.863
815.24473
573.9311
491.74244
795.99283
587.63132
498.53473
714.44782
724.80225
799.17995
1022.7073
936.13613
930.45395
746.87826
795.46397
737.76288
754.43122
762.71023
810.03953
1026.2131
779.05704
828.52163
892.03318
924.0709
879.00389
872.56159
613.88454
728.22483
843.42621
621.44267
768.78608
1064.2141
681.68702
835.64092
706.69185
911.58442
1013.3768
909.5229
486.16312
852.51995
738.30052
846.15567
663.21689
895.61865
1041.8492
836.46756
684.5328
681.89358
836.32885
767.18224
980.18748
701.20878
812.3814
671.58828
692.84497
651.94226
984.48321
902.26277
1045.0672
942.67496
920.73988
834.83575
860.40264
524.28915
795.32977
812.80748
656.46911
856.59993
775.52107
816.34584
869.26967
1084.3625
650.46481
768.62409
971.39625
712.53083
605.38914
704.63531
343.17054
649.44531
529.59415
394.74013
796.98319
748.76707
954.0934
687.35482
710.49661
921.20409
966.307
904.44541
705.02371
989.81829
691.49067
583.31594
857.11909
754.23614
1025.0883
841.73674
740.84941
684.6619
598.0735
562.35314
671.74546
638.55738
824.941
798.75681
848.78636
392.20207
397.69393
506.61507
687.42905
578.57518
301.01319
524.64145
619.33247
413.20001
711.53456
714.45939
721.74961
714.00663
587.69962
910.29877
855.03153
977.09294
663.6242
552.69483
678.92534
811.40518
767.56455
688.62685
794.66828
764.58295
623.67932
706.60181
648.64464
639.34456
430.17559
616.20802
679.7023
497.93392
876.80289
701.43081
761.76374
756.69699
827.06546
549.65919
951.46075
616.64307
791.42258
748.36849
672.30215
531.96126
644.3428
773.54661
596.73441
712.65224
718.07997
633.55374
649.98161
594.38682
434.40226
659.32216
693.66738
796.15262
602.55777
819.83039
750.4735
750.49805
582.08857
890.23952
752.8658
835.23252
904.12086
930.25359
765.07293
925.1283
897.2537
1060.5844
738.88859
695.1474
535.09627
808.52031
614.20483
630.40067
827.81416
915.26599
714.12191
726.04924
588.68692
724.1285
563.50465
717.86172
651.37968
798.94593
714.14499
836.25895
814.08494
685.18572
526.77361
589.2939
488.43133
669.33301
750.03306
908.86429
395.70816
586.71058
525.36774
695.05232
532.92818
567.5811
591.15822
738.97187
703.31395
643.15244
881.12863
942.88394
926.81261
712.5742
613.80588
706.8051
652.59442
604.90083
534.42464
550.79799
487.52547
781.24243
859.38002
542.72766
761.588
1097.8895
729.97089
832.39745
802.01828
716.45198
547.8847
750.06649
726.75086
784.23335
989.88308
775.90346
737.64398
663.84695
569.46509
621.99246
482.54239
636.85289
205.79033
261.80863
601.75417
592.17114
660.49875
953.64337
953.75437
492.465
608.72699
507.31933
650.36815
681.10899
551.3482
682.36711
873.82416
596.79654
756.5019
812.89203
824.65341
972.98176
722.79628
577.78582
721.44072
775.28796
706.07418
790.95709
769.27443
791.0063
671.50169
902.66302
786.01271
965.12658
1069.8895
683.52051
596.49564
792.62016
658.31835
769.60114
590.33736
638.93347
721.03455
893.26796
709.24307
1036.3745
694.4858
619.0979
787.12737
702.46491
557.29651
627.38213
753.00858
808.35809
559.22975
609.67159
637.40644
637.9164
458.15108
870.55123
927.04381
911.88151
695.80254
497.93377
806.24029
664.7885
894.06303
462.82898
745.89791
970.20774
628.26509
738.45013
805.3292
496.25133
491.25731
451.47753
700.2996
871.59205
727.54128
752.82951
587.47313
550.57728
788.39947
501.35262
917.58892
917.68071
785.07696
616.50643
891.68716
839.82658
763.59083
751.31377
677.19708
469.80425
765.39414
906.64704
751.15671
523.76846
671.26984
654.22504
477.57273
687.93037
736.18624
628.25066
836.64608
245.76004
689.73635
385.60202
745.30026
811.7944
649.18318
955.73106
688.01012
560.2878
561.62664
654.43378
949.37309
518.18373
577.35397
412.15475
418.63519
557.23308
526.91559
344.51096
556.82674
645.6396
899.80671
863.77253
664.85635
784.38534
657.86461
784.39441
461.06278
513.81056
702.80624
719.47323
631.70843
924.69625
769.52117
787.13519
668.78327
900.03665
471.13872
470.91902
312.46485
863.57866
881.43322
645.38508
651.85141
563.22228
769.54789
605.11938
852.53015
792.45978
895.35841
851.81145
758.87188
461.30449
752.08677
915.82954
972.5521
840.40901
754.16138
652.04869
553.36825
1023.6629
802.30591
1055.0883
545.12851
415.84436
411.52247
603.50839
459.4016
531.14092
235.63097
708.74481
773.50035
910.48792
569.74791
674.4439
782.40293
829.96375
793.2824
854.18564
1206.8762
872.51366
850.45883
468.34706
599.99246
513.17376
543.19748
544.57927
943.50485
640.44442
583.47102
624.74606
415.00611
1039.4261
871.11197
672.3902
588.56029
593.55188
636.76111
807.7227
741.5663
785.94662
631.28874
631.156
756.80664
796.35074
826.31553
803.16728
581.94611
454.96723
908.65974
866.02487
552.60677
749.15859
606.57017
962.59989
420.74095
838.65532
699.03501
1071.658
896.30865
652.95526
854.29132
665.02924
1104.5376
734.22568
797.73732
669.31936
874.78916
891.57431
826.52998
529.50549
968.25673
951.96366
793.77565
699.18989
982.40652
774.67214
889.31959
832.47281
738.86034
712.19551
1021.6053
819.42582
1001.3301
839.94477
951.44062
722.64421
1029.0135
732.27429
815.85691
678.81886
732.2904
663.70983
931.81451
672.69935
768.77578
735.60355
772.91025
823.03265
556.32176
586.17695
695.78298
459.32194
955.90076
698.14452
668.81117
685.85511
583.0121
656.07486
822.68866
626.10575
1005.3617
635.45039
869.46272
832.22733
847.59559
752.34868
760.47772
595.43474
638.22443
771.7939
905.31537
668.23878
533.89438
458.36421
861.09069
610.99293
1019.2327
693.66479
940.37066
915.5389
707.44395
625.14104
125.06264
811.39064
690.70495
416.12833
495.06939
897.00283
765.42529
633.33835
748.67542
870.19711
555.09676
758.75834
702.68579
1178.5945
359.63907
777.13278
591.22885
919.37056
695.39415
726.06935
827.25217
725.65203
897.10705
595.81094
806.81875
484.38297
717.97756
712.12717
600.94626
822.54436
950.63726
729.73869
713.64755
843.3875
928.72981
548.56434
503.87251
629.19353
533.44506
584.66514
555.47247
797.78754
466.39232
775.27575
594.62543
688.67575
794.30318
957.22571
773.71632
840.84011
734.21685
862.77184
897.48368
925.78315
868.14384
741.97197
909.76768
930.30516
676.07397
562.87045
1004.1083
613.00755
557.44092
816.18517
613.12513
907.92666
795.90422
837.41546
1016.0207
792.11592
875.8599
724.5043
695.41114
860.68359
766.63825
719.9829
750.26695
825.41991
929.4254
978.9469
829.19412
1141.6746
799.77517
835.09463
826.85321
674.73251
771.02406
906.84472
674.17095
1121.8555
845.71396
976.14059
900.84269
937.59382
658.90517
828.17954
668.60434
945.06489
619.4535
820.73318
800.75325
647.7842
887.77611
1042.8185
870.15621
1134.1835
785.75942
925.02253
803.06405
988.52327
826.15351
643.84132
909.94309
814.25458
687.78921
908.18659
738.15706
687.68364
629.51159
795.04954
546.17844
816.26921
1113.358
930.89484
692.77666
979.61302
792.46072
761.23821
740.33104
753.6151
706.40174
588.57023
631.6219
327.4337
692.27502
1042.669
776.4021
724.23107
593.7174
623.3507
523.5607
383.09209
769.2076
1032.4295
706.37379
667.72405
713.61471
792.71099
569.15758
985.15192
596.50895
648.09045
728.33086
821.37262
863.60586
1154.5037
570.89823
722.04434
840.75229
784.01439
826.90924
1060.7531
806.11256
668.96892
639.71699
696.09971
565.15227
566.43182
753.01436
540.94344
408.25828
406.62219
387.00237
483.32762
427.17749
729.71177
651.34718
771.11202
650.04013
740.66106
589.5536
789.34737
876.17961
963.75042
820.57364
840.13551
805.56562
760.26167
890.7791
825.8204
731.61531
885.11246
762.5015
678.92695
779.93776
779.75016
788.19665
831.57617
551.46094
874.31545
691.54814
939.82305
730.35069
711.03905
509.36998
856.75422
1111.7999
788.29518
904.48349
613.12545
756.46213
782.47337
502.74905
680.65292
702.04456
671.52459
527.36623
768.06963
687.6148
869.69505
665.07547
763.42173
736.66277
611.36442
762.11301
442.85831
570.86535
815.39878
816.52278
915.43292
596.76863
876.87736
385.5477
637.42236
765.11127
828.17765
703.30119
621.38548
741.34579
783.76381
675.7891
533.11745
571.58282
572.42118
618.79229
648.08791
781.78237
458.00377
494.65113
909.98964
776.09492
646.13921
524.36623
725.95576
509.05137
786.63323
652.90906
631.02777
805.73363
841.41375
578.78405
732.80895
691.34339
765.92219
624.8285
853.5757
657.52882
413.46993
662.32831
478.16668
811.03196
777.13505
917.05337
550.75544
623.35623
823.15996
830.64784
720.4348
604.76134
884.6692
506.52772
739.37388
788.48549
732.822
770.33602
1013.2385
632.247
951.96781
884.6803
617.56763
693.75857
704.86068
686.87564
698.59957
761.86336
699.07428
553.10279
698.627
651.3878
870.39829
835.79289
845.54564
830.51725
967.66796
750.89022
665.44622
763.66139
683.5074
831.07578
576.49406
845.8587
969.75056
881.58366
926.7543
787.72519
670.43787
904.1141
845.22861
704.4138
994.20096
789.70668
675.80931
672.14293
539.82045
855.1553
1095.2209
895.64816
960.97782
813.49382
708.61632
972
909.26998
993.17023
631.28625
674.26129
677.81139
642.87848
810.58999
933.10946
862.0736
600.52156
579.01368
789.82777
907.49506
567.62216
889.72479
1084.5512
897.54612
557.77386
739.28822
629.69258
720.63228
469.72663
166.13895
1158.1368
699.87511
750.04639
644.49732
518.10308
345.01283
853.07662
458.29435
519.03159
469.75831
889.91021
742.26653
759.07141
597.73894
797.27335
807.70119
759.48299
718.93637
572.77905
709.74171
706.27775
1102.4564
892.56985
505.63407
455.77941
401.00315
753.10305
935.64063
555.84109
914.74478
786.24782
859.64225
747.57692
938.85146
623.2355
434.11163
789.9207
78.976883
863.0691
796.7679
871.3791
793.24985
863.6083
680.53818
438.9394
561.39543
719.6447
892.00181
622.7872
1094.8896
412.66981
612.3054
571.39997
485.13456
553.50714
549.43366
756.61632
624.19348
576.34428
567.01132
655.76343
638.00539
791.14974
715.44229
390.46229
608.22627
371.03699
681.45804
695.9439
866.63132
739.91011
1035.6392
899.79874
802.10941
957.79755
736.56778
733.67541
848.5954
641.30087
828.68554
879.4212
928.91891
759.29664
903.42287
826.59015
668.31839
666.00875
600.48831
587.5091
411.4098
702.15958
839.45893
925.48102
717.95812
554.1006
579.37263
455.44995
827.29057
620.81785
582.73893
777.0347
703.95972
770.31212
712.01655
833.13745
877.94305
697.8766
633.26752
490.34728
649.43068
775.16768
555.22404
501.74402
539.80658
538.45972
830.86006
557.87331
689.27722
544.19518
478.12484
623.62932
638.64069
727.41029
568.2893
459.85541
754.16498
804.15151
990.73607
947.552
722.82615
870.8118
437.62975
582.55911
924.05297
692.29018
894.89859
854.25718
938.24338
713.34153
759.4843
737.78073
827.59689
699.65977
828.70488
888.46064
757.72101
1051.4806
729.66542
779.86338
736.85674
572.83458
654.62058
466.75886
646.1057
848.36999
922.34424
743.37731
458.16716
852.99507
698.64074
561.63883
576.02782
447.70058
364.24019
697.95269
501.63844
428.82601
847.28191
669.6058
443.87978
472.66631
612.48246
452.39361
447.40252
551.28515
627.69129
515.71481
774.42561
401.78577
664.12407
761.46389
468.50617
407.96355
681.60721
609.69709
678.68988
966.33133
686.51577
448.9181
474.2868
471.95208
587.80203
579.96191
531.84299
563.78933
499.54876
683.27737
518.19607
771.21834
424.27261
474.92724
394.45747
275.74251
249.33896
752.41176
568.43523
332.40634
746.15769
451.01046
453.37518
361.07623
630.236
499.3834
516.88388
634.90523
643.96427
633.50667
602.80755
386.5071
676.91562
760.73599
666.95023
474.25454
640.5384
489.25655
738.02289
447.71079
898.54664
541.4726
612.98189
388.45258
690.72492
624.21983
434.08034
423.80031
495.70159
503.73251
626.94143
597.38575
335.74951
463.76373
480.06124
585.41911
953.01771
1042.0703
743.57273
778.9576
336.00343
397.42387
517.81676
600.39533
785.47351
394.269
679.54524
674.08375
456.71765
213.97071
338.1832
349.4007
723.22719
554.91703
314.881
567.6492
467.32539
582.0859
338.03384
299.89065
583.83199
573.81857
366.87818
532.87042
465.88609
229.83113
461.48237
534.11777
654.17034
515.43498
842.52882
559.8168
596.85436
479.84551
556.09326
468.25257
391.84113
224.70109
838.46446
535.88294
363.85954
859.98123
710.96371
506.219
556.84138
484.68041
482.64051
590.68012
465.47667
559.04334
458.29796
733.48164
256.63274
532.29072
609.49086
671.34451
701.27917
633.66703
625.6958
528.64633
608.14307
840.0731
554.73212
695.92892
521.84544
384.48538
554.88724
466.00949
563.88748
703.7518
761.46315
639.46977
399.3489
606.97594
609.72338
822.73476
479.79465
456.97491
408.31622
521.71772
695.57776
535.04924
366.84268
781.8394
655.39512
425.17519
490.16572
570.89465
655.31608
622.5897
204.36709
418.6728
548.61108
729.5299
463.28796
854.88669
677.5704
434.04094
447.72216
662.81549
611.89555
725.40208
765.4415
510.41893
522.71055
679.36637
600.69152
685.85444
668.67902
602.98084
737.76815
770.22915
667.06364
745.94109
370.52573
424.79297
511.9412
560.95455
485.42973
694.92179
733.96959
845.26051
758.30377
765.48285
432.60384
266.06341
272.87239
447.83227
415.07615
343.21669
638.54304
644.18595
565.28311
547.98738
473.17565
379.8014
479.33887
335.64672
499.43705
662.20673
700.49172
450.15429
850.6401
543.63433
294.18102
566.67703
399.99809
643.34405
375.60079
472.16528
588.38002
340.82767
658.2533
614.20177
752.64654
675.26214
508.23412
433.30271
498.90947
706.93109
745.39744
459.44966
260.8762
461.33336
471.32924
718.68395
451.81759
339.55279
296.92962
611.63224
769.26977
389.97586
779.02305
820.92861
559.63858
583.32741
391.78156
544.94315
797.69783
619.91099
1000.8623
597.80219
657.00918
830.86317
578.26687
864.13817
721.67315
416.68882
719.37376
477.30308
499.59982
627.60339
699.48285
1016.5231
692.40546
453.25917
504.84256
791.74095
697.03347
574.64174
240.47549
505.50677
620.91713
567.85642
466.61622
607.5361
401.29807
847.32838
797.43823
559.41906
482.44339
504.09329
737.93714
610.66422
627.72905
666.31592
752.14154
680.42202
892.11415
700.88242
310.18653
633.0143
747.3069
735.85704
1007.7462
1215.2963
784.73476
903.52241
436.46416
535.06069
682.83769
674.96335
613.54057
741.89588
609.85428
555.53315
283.22496
471.33161
604.60854
345.8607
552.98121
586.49137
677.35757
504.62716
384.47545
534.70193
615.20514
777.4787
650.69736
839.39027
837.62961
774.37013
539.00967
605.82446
530.79498
639.20959
845.82911
754.46142
688.21569
625.0321
628.11126
512.22678
712.38884
714.53885
632.7242
581.18794
615.21469
606.9343
501.97183
701.98911
584.55121
746.31007
754.70462
632.95208
838.85584
583.59317
827.43444
688.77659
779.85181
534.29831
550.56989
591.23755
583.24646
774.80191
568.57259
597.19792
766.17247
516.18558
712.10472
700.03433
858.54419
486.56799
648.11657
401.75799
470.49883
695.32871
681.23046
1013.4375
660.71477
637.02875
347.46511
599.38139
757.33874
888.43082
553.03243
466.56697
619.1374
562.47994
492.24676
633.33394
735.50434
573.43452
541.91262
795.10291
704.80296
766.97181
639.95329
485.63693
479.59801
424.73909
424.798
708.10581
469.6721
655.91456
649.94889
686.2682
828.33173
779.59513
466.56966
460.58332
448.78784
453.66966
738.86749
750.68373
501.47092
442.01654
531.20134
531.55528
578.79013
357.15193
384.68457
441.066
600.98302
563.00597
441.10052
657.71216
538.48908
469.23317
554.86052
715.06857
502.8359
644.56685
777.11129
655.40315
753.83798
522.74543
771.67898
857.87713
704.42979
541.61827
538.39971
825.45357
748.13953
561.70561
383.0405
413.25691
568.32201
692.79483
302.5604
465.48673
505.26488
899.83511
431.38584
637.07156
556.27529
624.64395
166.51122
449.95486
573.88383
498.87004
767.86978
574.20289
504.6894
360.86298
626.62415
690.31845
488.44335
847.34679
560.7589
241.95536
464.25293
523.26178
492.67853
560.48385
320.90903
339.16661
447.70945
519.91878
615.8444
523.38544
298.95499
583.12136
520.7209
753.55704
607.23077
283.93969
176.21151
449.21324
524.55606
709.1726
732.17002
876.78372
836.55749
499.67144
457.09771
330.52114
413.60402
457.42186
206.39538
270.48041
667.22498
486.782
412.06789
427.66252
703.97091
603.76262
760.12906
382.42477
653.15006
749.68934
607.53988
807.85679
869.33808
1144.6394
624.10694
656.54733
569.52024
437.35371
571.43392
676.36611
243.2444
275.61582
554.96037
321.52325
640.4315
797.95852
594.44098
693.18009
639.63972
854.6669
576.20514
859.76261
654.53128
633.46273
591.76461
836.89127
538.88161
443.10343
689.36474
636.67797
667.53788
731.24053
800.39554
416.16063
566.59137
380.89164
771.28001
487.32852
678.80779
668.36478
574.80037
700.23698
637.22816
847.33503
545.96494
620.3885
353.35437
773.81253
468.65498
780.42045
817.63282
484.61253
627.16505
656.48892
726.82041
461.15872
697.16044
819.9148
642.27384
616.53366
727.42266
780.63498
511.67067
461.10905
949.6485
806.67247
742.15064
772.41803
733.8373
710.8974
620.77605
787.36458
768.71289
461.58192
763.42537
863.3942
675.79724
623.10044
603.26844
500.32469
372.81224
664.68051
427.37059
567.00729
545.67793
889.40733
572.76006
560.18633
530.33012
441.46618
415.21372
999.5671
593.30933
556.43859
608.88263
435.36108
691.75115
531.84506
288.19945
618.75844
378.31192
698.55513
642.5741
680.88567
653.59221
602.95042
394.06457
343.12575
665.42162
521.80983
902.43606
589.43912
375.91011
858.11267
547.95213
839.93314
481.17654
1114.8905
744.1575
663.29828
860.15941
698.23392
577.90038
870.28263
952.0654
885.84617
558.22758
540.93988
643.04729
539.85086
593.35657
698.90071
785.15025
689.61112
714.2206
563.69651
605.32959
783.00436
772.68179
550.03152
904.19644
349.83945
709.91619
673.721
723.73785
721.55785
592.95928
506.26998
616.74774
786.10815
904.65883
778.95393
553.53295
692.62085
801.49863
866.47606
705.8126
988.93949
867.24113
696.28693
865.88115
972.59422
685.72243
770.75693
670.88778
622.20728
872.00882
718.35049
670.36373
700.89873
553.92262
651.56164
713.44374
616.27976
1174.2363
296.2108
473.07942
382.96799
662.91557
799.11264
709.25826
922.16342
720.49817
888.68212
705.11996
589.83508
703.08138
698.34977
720.50089
826.70051
693.28396
689.04412
678.36464
476.39324
469.01132
252.9317
781.14969
553.3045
512.55102
1023.1214
595.58251
722.88438
491.15831
589.02317
568.41483
540.5552
554.8449
752.92774
819.69234
471.48969
533.08982
542.56114
620.20387
658.89167
527.13671
491.13514
430.39911
321.55651
665.48133
496.83947
810.35629
775.11787
575.83883
846.12782
527.51646
747.97001
650.47614
543.63889
472.89207
460.24693
605.6669
505.70061
706.58326
553.95667
725.46607
885.32752
731.17988
727.93087
1030.9229
735.92971
634.20219
606.37821
775.5189
837.97454
855.62974
782.80259
741.56796
734.91869
979.60514
1017.8506
978.71907
367.19403
631.9342
688.66135
635.09765
862.84731
838.84198
448.84665
648.96548
708.77538
807.72152
700.15622
891.02847
650.70854
556.30857
695.98901
631.66155
342.77737
1021.8093
929.38706
1013.0861
878.73441
829.52864
649.07592
769.64055
621.78558
764.41323
804.60836
450.02621
930.13357
649.75704
867.8809
624.9121
883.88028
835.89365
632.44732
408.22658
608.17636
744.06262
449.63818
762.74954
924.76371
955.53688
787.20319
854.05534
629.1172
493.81256
864.59169
757.54387
587.93224
717.95816
832.55778
730.37785
871.65297
615.70046
780.08443
931.25614
629.11901
874.65153
693.35237
789.04562
711.20317
484.31078
625.14886
592.35376
819.10273
655.93383
715.68822
916.35137
858.13626
687.78344
512.19158
640.43853
640.34771
709.93512
1029.7938
855.04136
593.77324
340.73594
707.97805
676.03972
650.88083
758.1573
694.76446
616.48614
678.61042
906.7586
777.96465
770.72412
699.32611
679.4636
685.76094
905.91457
396.19478
644.98647
226.6582
364.77166
636.71038
489.42812
669.29737
488.67434
643.38707
728.3721
822.88726
677.82854
719.59786
671.45447
780.38844
701.40097
640.19426
908.57388
807.80535
949.41306
699.41605
559.42088
854.92715
697.74558
738.73881
502.2137
596.4394
514.16259
995.91869
840.10233
593.71336
576.40126
850.07889
854.96618
570.09791
661.29696
751.19364
530.17999
769.50645
763.1169
732.86964
878.77887
721.1088
604.42001
730.14868
637.31365
530.65786
727.83117
560.26139
708.14325
715.58169
564.01049
908.96607
885.26978
679.03869
620.74402
759.85061
738.02458
670.04356
613.78481
350.93199
846.26269
514.41213
498.55546
872.37112
638.70881
634.00297
588.9193
518.69694
623.23946
661.61223
654.2186
499.84205
630.00855
621.74836
611.5704
993.71772
534.71755
620.64397
686.72371
666.73374
653.75294
601.26458
756.65688
735.17708
715.22475
897.21451
505.9827
421.02175
711.34101
804.81433
905.83004
708.96597
841.33588
760.63411
716.89592
443.46649
594.79505
798.85963
702.90089
494.13895
906.51468
818.03029
611.11977
642.33863
766.71884
777.96836
643.91773
505.08654
784.6975
975.43559
834.01466
467.01124
607.92473
643.64818
647.49864
729.67221
884.0274
1115.8876
734.56082
598.17744
426.20693
512.51516
836.15154
683.9535
608.52352
595.6867
608.7055
584.97927
545.1391
596.09999
732.59285
349.7294
433.28717
555.34677
481.91681
598.94409
587.50554
853.98568
644.95579
434.76561
583.1685
572.54701
827.65427
754.53496
654.79463
369.94498
681.01125
803.95123
484.24236
781.14537
661.67007
471.98801
709.47604
757.1126
703.76624
647.43228
705.19542
609.44161
279.73841
492.34875
447.8971
698.37404
508.36378
942.627
440.02666
653.48618
905.08546
773.80404
919.80876
397.84483
893.88162
1108.6303
580.48731
870.28447
920.59737
832.74648
859.71476
954.02549
846.12274
701.46957
1054.8752
845.20217
581.7966
926.96966
827.8894
387.30849
894.35782
848.12643
1091.4266
534.65543
542.08605
592.40931
832.4261
707.90953
656.84932
455.56353
493.75061
435.70628
576.13279
855.49723
604.16993
785.93409
737.06611
560.03976
535.19563
783.36046
551.24893
699.432
813.8406
799.90953
750.04004
645.71611
655.46776
878.97296
569.62202
342.7747
706.5516
822.79423
834.02667
1003.3133
1176.974
690.06255
612.10522
618.40691
947.7394
664.0807
808.26891
985.73714
864.86721
689.23102
719.76473
525.25162
575.14563
939.89421
514.22491
512.20224
642.9996
517.32066
627.41764
641.15109
617.90325
409.07222
615.34588
460.68603
654.35885
751.99632
779.39821
725.35162
671.90528
581.73568
775.15936
627.21648
769.36345
763.7313
671.14367
635.09168
541.97005
716.11325
495.11711
563.36091
682.57798
389.59093
738.31514
674.04347
780.19855
845.72285
750.35538
704.48079
802.29465
694.29222
618.93351
799.35589
826.15069
820.69094
672.02833
725.24746
663.19968
538.07827
521.32854
739.71136
440.92308
685.07029
665.39547
649.44359
662.11109
591.07943
484.502
661.87872
740.96506
778.68567
1082.1481
977.44483
655.15847
905.58769
963.95038
575.02577
627.60214
387.3345
749.29211
780.47491
580.22767
436.19321
403.05837
551.98153
898.09006
792.22118
965.7478
784.29828
652.37053
579.04321
593.45221
552.32575
519.25891
581.86482
734.21022
560.46958
683.90438
681.68813
908.31898
902.30108
743.11346
828.48597
730.29842
688.55164
845.44118
579.74497
663.37116
601.80837
515.9527
831.2699
708.68489
741.98066
651.97526
714.59977
744.78688
390.62979
500.07558
578.28016
481.04159
851.34205
794.66163
751.73043
755.21138
706.18506
506.64423
515.80036
730.18444
894.49572
775.25949
857.84631
663.73741
840.64715
613.43966
884.39484
670.95575
654.46649
791.94756
576.12328
530.03223
467.14782
861.59344
544.89655
781.81813
704.97994
646.92886
692.84979
621.579
544.78057
881.24008
627.55936
668.84495
911.29589
799.43423
474.83562
673.62517
634.69134
656.86784
797.16372
517.94057
762.52637
589.86647
563.63003
700.83628
628.524
847.6944
984.84585
608.73683
648.33763
631.22069
676.84753
672.04782
611.35191
563.739
840.00142
778.90443
567.46243
663.37451
670.60868
974.60935
840.15267
729.69744
715.18379
621.24951
1059.6399
814.71389
530.44562
572.09058
455.96629
615.39655
596.62881
488.05563
635.96272
675.37797
545.20302
531.8503
649.75432
518.49611
595.89993
521.99432
819.89281
860.97513
447.96693
630.52918
654.24323
761.92509
437.93897
820.68855
770.5432
719.27666
841.58939
1024.7808
651.54919
795.25824
743.70698
277.44672
579.48799
677.01783
492.88916
605.88023
746.88893
519.91286
765.35146
284.59315
448.80947
494.6183
553.16468
986.46851
902.52824
670.86452
566.58515
866.84395
520.54264
496.26945
384.34737
829.51638
829.42289
560.0022
627.50636
755.65773
787.78998
702.85407
623.15496
444.887
667.37107
770.85938
554.56948
715.60961
813.89811
419.17052
835.0824
514.8143
275.39631
534.36416
604.38099
403.50115
518.05064
740.09564
433.02102
704.66833
643.73828
413.7716
687.35409
576.63856
401.00321
763.41382
373.52658
466.64971
487.26191
418.442
693.04117
403.19211
732.20773
776.14083
528.1136
578.51904
499.36452
521.2825
502.40067
813.4907
673.55235
758.39339
664.77054
717.21551
353.57069
437.62829
767.6987
613.16971
736.11719
580.35097
582.51639
614.50789
244.73426
597.15101
915.53211
640.30024
504.12741
492.71412
589.8807
471.8837
783.96062
555.54461
1016.4209
548.05305
515.43464
500.19611
546.86569
627.75412
580.88288
506.86854
467.20311
632.26851
752.67078
799.39528
732.90813
903.38404
520.56077
424.2618
639.70523
546.53251
512.33255
224.78612
636.74895
673.7967
726.39619
528.00109
440.35069
717.32848
548.81555
542.44802
513.40751
628.49248
586.3716
654.27623
631.99653
827.55674
892.24125
739.25986
282.01709
388.48523
687.76814
501.95601
663.24995
859.14199
656.06218
429.15121
784.87759
618.02871
518.37385
587.76465
553.7931
629.61867
648.68515
658.66675
463.96499
565.20405
902.02995
627.56824
690.29233
613.60419
397.60714
342.51363
443.29241
624.35448
810.03406
661.64182
567.55913
628.40763
671.57972
772.76817
471.3684
311.10104
594.12928
668.62141
578.39598
589.79161
456.40235
582.39078
611.04428
832.48647
579.63732
528.83938
496.09541
833.56637
443.02476
316.86918
531.5704
726.20762
710.76033
580.40389
501.99469
457.56087
385.77162
774.93851
849.4702
659.80907
560.94359
505.14311
277.60375
587.08024
444.06997
719.95418
513.79106
625.10103
582.77518
758.11698
488.33539
673.72088
678.99651
708.59462
725.30438
755.3413
424.90043
465.32172
537.51101
704.57586
612.46725
502.72858
559.25087
722.18284
588.71627
1036.6979
785.85432
723.03806
760.14232
781.33966
655.61913
700.95211
699.78407
603.50537
708.56495
584.23384
494.50586
395.53913
670.01379
641.60525
844.86505
942.16212
912.82457
993.88495
762.74551
611.01015
651.29844
763.47139
658.16228
545.85667
944.78839
602.38404
784.27563
937.93286
1000.9259
600.43406
416.02192
413.61155
816.59037
656.45235
458.02834
305.57884
748.355
799.93511
542.97074
835.49312
924.93099
796.21329
499.17471
661.62003
681.01686
739.91669
805.41874
834.19912
472.46418
552.53896
388.33956
733.69083
687.29023
509.46973
594.78485
567.92864
693.86054
626.56623
755.59632
605.61401
729.89372
586.65709
281.05443
464.11613
758.97935
696.29351
751.82691
800.62638
444.86494
597.87635
477.29747
1063.9404
539.62868
579.33487
612.00666
609.46428
616.90596
754.15496
960.36872
709.64138
858.45143
687.5573
679.79645
498.11138
621.49475
625.21452
634.5849
777.96019
669.98121
562.41877
634.52641
504.7367
456.04379
466.21188
675.95146
593.64186
667.4052
655.57023
624.56215
526.58418
624.11471
817.50361
850.98607
985.09004
637.62008
730.24
935.61816
703.94736
902.68399
879.39471
743.89493
786.95123
647.00571
539.59704
540.56414
697.33992
760.72591
962.44265
932.17325
742.56213
663.75523
535.09679
525.71834
676.134
627.8222
677.58947
549.66374
416.52294
571.39907
631.10559
567.30996
658.77689
536.88993
725.03017
754.14128
707.25559
826.24162
516.63615
481.94494
509.68356
653.23531
640.55738
682.65119
623.34673
607.39254
769.5348
580.64645
711.4275
754.10869
391.57927
947.31139
1124.1957
462.38237
679.16448
652.96468
1006.5234
923.96977
688.27689
416.27416
555.71549
586.04314
668.91373
711.14041
772.12765
731.27881
826.54162
713.46166
739.87138
807.5482
892.12632
658.76081
723.74475
709.21353
671.66797
788.2959
785.80919
543.64928
703.02494
750.09529
547.55957
531.23724
537.31117
493.3484
689.96547
627.40461
474.95022
660.78015
657.2706
657.46224
530.92735
282.55789
182.65289
540.01173
498.18466
418.79249
622.27266
421.46671
598.07905
456.71402
596.09023
389.54344
632.11099
807.18129
463.96337
698.14078
765.23591
563.66327
558.21017
440.02862
833.65636
476.21925
615.03791
575.42882
495.2715
504.94606
816.51432
754.26558
684.94645
739.15637
528.13939
590.80015
709.47128
573.78538
445.41697
791.41959
655.94764
829.87898
824.22541
774.74791
518.69827
582.64135
925.77415
772.21079
566.92174
430.40153
394.00904
655.21709
574.34924
677.30339
384.9238
707.94841
682.96607
792.11251
344.56875
616.72734
665.68737
588.18591
763.92712
574.2295
531.7456
507.94548
428.87778
441.75172
625.35738
492.45235
375.21595
391.7807
552.99943
651.19897
712.53647
663.25056
654.43792
751.83654
583.07121
763.73023
584.38069
646.99201
533.48478
358.46124
654.38731
677.8771
676.63338
563.8741
587.22463
644.66848
767.81464
773.64546
721.60988
815.9149
520.05303
575.6712
578.30866
511.38339
606.24579
716.09978
720.06979
465.97699
313.91358
535.05111
804.10471
863.06855
744.78372
610.97198
644.66526
583.32621
231.6377
343.15802
748.91959
420.67927
455.09242
643.38271
573.02617
292.29773
606.94597
697.66598
502.46224
767.13158
404.72004
759.87338
464.09797
551.04363
474.50374
442.34807
616.49702
642.47979
520.41445
520.34747
598.33245
763.19462
757.37379
515.86595
505.81186
523.56031
526.42575
422.1432
353.46177
794.31516
824.12645
614.12912
694.11474
650.04951
684.47404
587.2763
598.38685
630.13336
844.21737
600.56029
632.43639
834.50612
518.05439
447.79391
554.45966
527.14987
556.2721
786.9428
681.97193
579.10538
208.31496
203.49149
245.4116
471.87056
798.04003
723.27141
660.07682
655.99486
532.16052
425.61711
316.82415
392.21475
618.22768
555.24763
570.16773
573.95115
448.92744
519.28313
586.95643
590.05389
569.34745
734.43136
525.6081
733.90092
554.64456
608.42118
765.35508
536.76499
278.60741
463.02397
507.69359
619.38693
618.93361
531.23633
665.94988
576.58542
373.50468
604.98424
744.27174
671.04719
376.68468
508.91151
640.1706
448.42767
576.3599
816.07086
648.64143
674.11079
709.77355
590.78589
462.626
552.38735
716.09767
746.50749
508.59869
587.21783
276.71416
445.83456
480.07562
911.39297
912.29238
629.09836
385.67486
478.25553
600.17145
545.9828
638.86986
615.2251
482.73439
759.81023
664.43661
675.35384
610.1099
873.09304
560.84209
682.93168
835.75997
667.18052
541.74617
728.9315
547.09375
584.51496
704.24204
441.31267
482.78113
464.97014
346.0192
454.19845
504.97249
534.64577
779.58505
674.17276
552.36101
543.86506
381.15762
457.43773
548.21963
480.25405
638.18104
728.45864
625.46542
570.69001
579.85859
283.80471
553.38231
613.27358
744.91827
502.05772
520.25336
536.04093
702.60744
568.63179
789.11753
401.44744
350.45061
540.28016
808.20276
459.9645
796.87447
655.04425
400.24901
681.58019
694.6176
214.26032
758.88339
644.21834
517.68854
697.34365
613.69449
577.49196
738.07163
725.44752
804.64879
628.33899
736.28979
521.0352
641.95736
412.57691
608.5545
928.04796
832.23033
565.85472
472.27482
572.55752
640.47792
616.01804
601.29892
537.89752
586.77492
622.55074
843.69271
709.94196
741.2646
697.20545
838.16292
701.17347
635.75625
541.51078
728.16113
281.51743
372.04104
644.29448
441.93735
621.51799
387.78809
793.38536
247.65914
521.0829
651.74418
521.99114
622.02255
539.41205
632.68096
542.83601
794.7805
573.13059
718.26041
726.75374
518.46175
590.09857
768.65008
1000.1952
819.86258
588.37295
351.70365
609.66409
691.00387
446.98198
421.84973
399.67271
246.16213
636.14655
585.87011
751.28693
511.61393
523.37876
602.36465
935.4916
779.53512
785.47154
752.1603
408.35121
632.24096
930.14576
552.4174
748.42724
660.14856
220.00897
416.81735
477.61302
603.7886
489.75776
574.44735
564.52101
328.61366
453.37389
408.86128
524.04558
408.90155
404.60912
690.68254
324.71521
544.04762
960.53555
1081.4752
664.61979
372.13609
460.97738
722.4471
659.02543
695.48725
616.44877
339.42764
354.32525
391.74082
663.36669
637.58145
610.95491
769.31929
573.3181
534.53877
409.18243
755.33716
590.94874
592.72747
557.09206
462.60044
282.14655
672.77847
857.52043
897.47463
613.56817
506.94622
610.56941
90.170415
679.28408
742.68609
578.70447
690.99901
293.8636
525.16147
661.64139
380.78992
406.71777
565.16312
355.77531
206.18703
384.08003
619.88835
452.90125
743.81126
712.55554
645.37682
771.92853
566.93448
838.58241
725.61404
563.62348
552.24387
743.73239
540.481
772.25813
685.7511
779.77705
799.20562
763.66917
499.42798
377.11281
479.4149
671.23799
579.63188
727.46837
407.68563
453.93063
295.0304
391.86887
488.87583
606.51459
750.51045
703.06793
710.96413
840.24723
727.26713
534.10714
564.59291
503.77755
485.95316
680.40843
676.26925
786.35806
532.28902
677.71164
661.55524
496.36257
560.62904
387.97561
246.84888
688.22527
513.8783
771.25444
762.50589
925.29211
741.85015
738.25888
583.04733
736.23622
712.18993
502.73348
655.65722
693.96283
695.70338
805.96746
638.62786
564.37087
470.21465
283.77613
409.26305
507.16855
418.02229
629.70473
520.2603
375.2007
680.21803
683.15773
467.02538
572.80813
451.44424
589.33467
584.51972
671.43216
427.90974
659.3379
410.53367
642.25632
741.02101
534.60399
437.13234
568.46785
817.6096
586.71249
529.93734
764.09913
589.41285
610.78872
471.45395
390.41283
491.11173
758.10119
541.00417
686.5552
714.10145
813.68494
363.36878
457.42341
825.00395
1093.892
732.06045
659.23652
733.34262
420.3251
490.35933
512.68201
670.96248
613.33315
555.45225
830.90293
846.26619
750.29071
434.71657
481.06261
805.66366
639.51102
686.81004
753.5168
799.38363
493.39234
587.03755
346.89389
435.03987
512.48956
605.91766
547.88458
547.84398
483.80465
517.7403
407.8298
755.61244
741.28532
723.38381
691.98062
680.99206
1085.6603
599.9292
710.21659
757.28932
740.57964
988.83139
1000.6369
499.93944
603.0955
759.44885
595.23521
319.79154
687.9275
729.69859
558.56587
626.16133
865.32471
759.43224
892.79812
525.71832
597.80685
536.53389
528.99721
663.05868
564.74367
675.58564
581.48387
893.8395
522.07001
583.50799
570.72252
662.30024
889.47559
472.23677
816.71645
621.86894
750.95699
684.63229
649.03432
772.94042
674.32635
517.95705
708.73643
571.86469
669.89797
675.53318
676.76242
646.90028
563.08277
716.42046
597.93988
659.46074
675.20857
587.73233
496.12837
408.06435
648.88831
513.05989
775.55597
717.43129
588.57317
371.1973
830.12227
814.16229
768.74051
635.11277
782.51005
1104.4261
725.80825
609.32608
901.18778
1077.5517
847.66616
941.99465
562.90072
584.77277
762.36801
836.25361
433.93172
486.40088
425.01233
318.58498
377.7631
633.29045
506.12222
520.19496
785.05414
603.52213
710.3768
474.26214
536.71141
331.71527
890.16299
532.11504
726.46089
935.82806
423.32576
607.12945
495.42773
106.01054
406.98115
666.09556
635.23438
699.36229
712.77911
717.64752
513.30656
889.43205
559.56101
232.64851
475.42138
453.20497
483.4764
724.52964
848.60005
611.96488
513.67382
432.82611
655.5428
592.54827
441.08914
427.15556
754.80595
817.20358
631.47335
670.78446
710.30781
656.49722
564.21306
539.49237
632.16208
821.66812
883.7943
918.01798
617.09221
246.73691
409.10089
708.01264
748.44882
943.86171
543.07288
501.97328
470.41342
371.16259
672.74728
663.882
891.54278
725.73311
624.24986
364.88685
395.6782
337.45993
800.27951
703.67859
459.9465
554.79691
609.3513
738.91816
408.99446
550.65517
582.65396
593.28288
769.6694
672.09047
321.00449
630.65357
710.85951
791.9807
868.22645
608.23063
541.58516
233.33693
711.63007
661.63442
896.75478
600.10374
814.50632
605.7354
543.25751
637.36672
596.92167
744.75048
636.91455
780.87176
689.61652
262.45257
688.50493
658.07711
734.29914
283.85633
311.24046
640.45932
717.60246
730.88137
402.30063
756.13504
752.52399
581.34243
768.65241
641.08896
963.54609
346.21279
629.10466
653.50074
850.7714
858.3423
637.55571
493.55652
798.02106
717.79431
546.92008
728.82234
363.91826
386.53216
444.49999
436.27022
449.67156
490.17768
662.55699
770.56966
562.88663
882.05979
742.4468
680.50386
727.67656
702.54571
703.0353
502.57109
483.83431
812.82813
585.19434
641.55669
517.47559
660.77565
682.02858
640.60291
694.81631
467.23196
494.18523
684.78005
464.11797
662.00029
743.4073
850.28754
793.71266
575.48639
534.20354
495.52749
661.42257
740.09596
618.81525
714.29409
809.1206
574.44146
381.74123
416.26854
285.45134
539.41173
744.37558
711.46023
733.46833
497.92033
550.65979
623.11565
476.12001
696.65489
788.36872
429.95849
352.96773
261.77423
260.61393
457.85463
812.10874
767.67179
627.67924
674.49344
588.99739
461.48713
587.23912
665.21521
673.74737
565.867
568.64574
507.87684
627.72908
530.50054
447.50969
604.70012
298.84401
539.6192
624.80111
625.27755
534.50659
627.64519
413.81183
878.33082
757.96966
801.45796
744.1299
614.31204
477.53054
459.84552
830.62328
616.03313
343.68007
571.71816
529.22083
711.80111
725.97654
639.30843
622.32717
326.50811
760.03049
755.59736
923.82964
728.30575
596.65307
735.465
597.59313
729.05453
393.96138
1019.6345
649.55577
749.85981
467.84781
628.88129
768.24209
940.3018
582.02041
754.32478
536.50383
927.01326
534.90288
980.78214
603.10224
675.18559
424.45317
682.5697
1073.9921
660.22617
769.83648
613.21972
683.08606
559.6702
661.39065
404.99181
707.70948
691.8876
648.14785
277.28604
501.03352
625.32483
731.52297
662.71944
505.77563
393.40628
653.76068
690.02423
581.43212
416.01709
556.77691
603.94368
377.66882
627.657
572.94635
680.48533
695.74596
735.07285
826.20369
716.57102
778.25386
910.57546
635.34165
577.43716
484.02549
508.79867
701.88111
588.97476
810.4976
648.65999
749.33954
709.4338
542.56018
580.03235
486.63717
699.52884
719.8166
600.16951
590.64046
337.51169
486.98752
550.82205
624.22039
770.0366
507.97391
576.75586
506.4267
817.0396
557.73855
273.47586
368.03368
425.34354
509.9412
513.67691
812.17136
516.60201
680.82964
840.23755
643.8128
479.97979
589.98411
691.7434
822.37531
574.21627
566.45017
654.52725
714.90736
633.18338
734.80273
760.62789
767.64765
905.73809
766.99445
817.04351
643.55956
721.77362
334.21506
767.15181
637.79148
782.46252
629.52586
467.16041
568.65995
784.55692
755.69101
925.59411
986.82826
769.41162
772.2095
556.03585
438.26725
715.0845
722.57466
276.99111
463.42208
663.67929
533.8082
652.19896
579.58058
419.87574
487.1898
634.09142
505.81457
541.98481
726.49891
552.64655
776.07296
590.50014
492.06092
896.5528
924.96765
366.28157
837.70561
695.09123
881.46137
866.16314
437.00007
390.29447
581.73494
624.61535
695.57681
644.44276
515.02154
568.45733
719.79245
573.4822
834.43221
404.91423
614.5617
585.37105
690.19413
437.13678
532.4419
568.0358
577.16332
518.76911
679.57384
442.47271
747.94304
427.98505
476.3894
237.33721
701.14704
498.64327
610.57648
761.30411
707.78392
529.00362
468.83587
656.45911
651.95888
590.47966
737.16862
889.23791
750.60653
647.31811
853.66735
646.08053
720.60668
892.64167
662.65613
757.43272
543.61305
487.67924
719.45349
712.96349
500.59357
848.4867
526.37054
738.32579
793.50492
666.5525
432.04147
635.109
696.16284
313.80646
555.53111
386.21884
768.29168
436.77746
1022.9309
405.32332
730.78787
851.4937
817.4785
610.58174
748.83973
582.57875
515.11193
435.34019
776.93712
409.78958
484.91991
747.08458
298.18975
446.44258
501.14811
825.00898
632.84858
631.125
480.9209
331.23885
503.26646
381.33789
536.06665
657.65428
475.94228
745.91613
719.38953
922.57755
886.07369
541.02765
618.30651
484.93359
622.92413
857.44291
672.86468
857.03161
430.53712
628.42296
638.87604
609.53753
707.25532
601.49018
453.60748
401.11763
474.11976
589.33219
507.3656
595.90492
660.5152
695.16819
568.60471
306.56319
682.39142
724.51729
772.44059
956.97258
588.80662
484.26647
758.01607
759.861
464.51804
476.97257
654.6341
661.66353
584.72066
628.44844
730.15649
746.41494
763.51256
588.34218
632.77691
780.33075
883.13937
747.67147
743.03283
629.534
819.83422
560.87717
568.69231
606.18423
697.27756
682.97904
650.01768
528.4981
700.03013
656.95079
646.84136
708.69931
598.9495
789.47158
742.40915
832.28857
872.61357
779.74638
662.70166
553.87333
643.59851
518.11099
688.03974
404.17501
683.28814
576.58131
770.44201
912.02947
762.86787
831.78297
715.44172
372.45548
577.04452
465.78147
732.73178
662.10519
662.9885
557.18792
417.08153
683.17448
632.25644
578.39152
1000.9661
602.74364
585.34311
658.27821
743.66992
603.14731
841.17805
502.85422
548.82445
454.90542
553.40093
514.50541
576.79861
489.48728
637.76136
716.00271
516.33684
425.16072
739.19689
661.61833
622.21216
894.82161
542.05893
738.16904
798.70579
694.67397
696.68507
855.76797
719.22101
594.60376
596.92842
767.95272
1038.4327
952.06864
746.29033
633.0819
609.06556
626.18604
1050.5831
546.50671
682.90373
840.46772
934.62801
779.79557
581.00167
583.29793
529.76493
722.17107
530.72909
595.56391
490.54647
868.12381
631.02331
692.58128
582.02992
438.88477
847.3025
530.94303
796.22534
860.17906
936.42789
819.0011
698.53319
773.43441
791.66312
914.07299
1004.0374
898.62605
922.54026
751.59889
578.26584
356.11411
1014.1234
784.54821
753.01314
741.95981
749.18989
656.98705
723.68852
677.86951
406.83823
801.72545
701.33533
799.49853
714.08426
564.59057
550.7834
472.44609
530.45444
405.75975
445.2339
440.94366
527.93825
721.75029
659.19831
624.40241
759.02421
763.05426
672.33746
650.73027
589.09831
417.42623
755.19718
683.04455
774.70375
739.25715
702.85252
1011.429
691.86455
327.89262
451.42777
742.94912
951.68823
699.54329
805.93366
869.81083
488.55075
490.10998
460.003
690.5851
521.99006
562.8173
868.15632
755.44661
604.87662
924.57245
708.51075
636.36598
715.8073
554.94468
603.39249
345.48859
463.87788
421.52931
620.43486
846.11965
841.51144
708.26164
681.86498
620.38497
906.86985
520.24341
622.02508
636.27748
671.21659
872.448
779.29248
635.75699
638.03642
670.8619
1011.8666
855.13351
480.81003
528.63369
641.59376
905.36319
972.23918
924.75713
537.44113
581.49396
758.03891
931.99467
497.66942
601.67408
888.67974
716.16416
658.28018
611.50967
379.28971
659.43267
688.75515
588.35983
998.64166
560.40413
547.75468
772.30205
591.15513
569.97304
565.62913
557.01836
387.69626
666.32066
833.31684
691.65344
773.71561
511.1385
537.73221
866.47652
557.34705
644.68488
783.65354
589.13261
436.73436
538.67599
322.01453
763.04718
796.63784
690.52785
812.56696
772.71467
933.63545
517.57883
858.58608
