847.25406
994.41937
1423.2362
1598.4193
1880.6798
1675.314
1530.8004
1299.7161
1224.3112
1145.2407
1157.9991
1409.3304
1570.0382
1644.7783
1752.0936
1579.4599
1536.6221
1535.0008
1360.1618
1155.1895
1368.5633
1281.7013
1385.9454
1372.3965
1221.2558
1206.8356
1074.8013
1236.7519
1263.8151
1321.7914
1245.0846
1529.5223
1443.2716
1522.5692
1275.7692
1247.0791
1222.5816
1282.3331
1086.0223
1340.2461
1345.1162
1232.2453
1239.8637
1611.3106
1513.7943
1482.6501
1331.1489
1345.0429
1273.1655
1534.3451
1318.1551
1302.0173
1374.0996
1417.7991
1429.3016
1329.3632
1466.3924
1329.327
1199.8079
1237.3955
1323.3708
1421.7703
1146.1119
1031.0185
1338.6901
1478.7076
1572.0729
1271.9031
1288.8233
1557.2276
1523.8356
1385.7352
1312.1862
1377.6402
1492.3421
1322.6298
1606.2844
1371.9483
1568.7321
1433.1111
1438.7372
1298.8211
1545.8142
1395.4511
1452.1029
1302.6157
1215.1037
1458.299
1458.9858
1211.5324
1056.9538
1344.0933
1255.8268
1114.7829
1497.5954
782.32258
1314.207
1335.3481
1253.8759
1488.3903
1429.2793
1200.2799
1254.1972
1127.3092
1181.681
1234.3097
1266.8368
1177.7
1150.8312
1319.6286
1138.9479
1302.7786
1286.9515
1201.7977
948.97102
1075.4604
1401.0213
1377.8537
1198.2442
1371.6455
1361.3292
1312.3491
1460.9432
1038.0348
1333.0259
1367.5929
1572.7899
1413.8184
1312.7764
1343.368
1303.4025
1244.8506
1120.2249
1286.124
1162.7514
1540.3466
1508.3489
1019.8428
1311.5522
1311.7165
1052.1922
1322.5348
1111.5035
1547.6954
1568.4786
1601.7287
1559.653
1479.493
1282.8007
1123.2239
1219.2083
1025.6038
1550.555
1385.1227
1436.3597
1319.5766
1315.9699
1249.9674
1290.069
1357.5218
1369.7017
1116.6724
847.6077
853.22231
1254.5255
1304.6135
1352.9333
1484.5083
1152.4649
1322.3524
1293.191
1217.8719
1068.0847
965.64157
1169.8215
1281.0165
1395.4561
1287.1003
1270.1885
1297.5289
1170.2127
1117.2226
1243.9508
1302.5851
1242.8922
1466.8037
1353.4251
1103.5832
899.3362
1429.0297
1476.2444
1229.5004
986.86287
1255.4562
1267.469
1078.3671
1330.9894
1362.0546
1289.9847
1226.9623
1052.7505
1336.4301
1412.4464
1179.9289
954.28855
1213.211
1007.7114
1194.127
1227.0452
1239.9588
1209.7609
1282.3877
1185.5953
1267.8932
1119.5432
1206.5987
1256.1132
1022.8885
1195.919
1368.6634
1127.9282
1328.2107
1391.7775
1048.4601
1179.1224
1190.9846
1502.4341
1260.8206
1294.5268
1365.291
1293.991
1264.0126
1344.0613
1310.7431
1436.6679
1540.9118
1535.8418
1218.6398
1462.2612
1309.2829
1287.688
1506.6085
1220.2637
1188.3807
1423.8335
1233.078
1168.507
1169.2573
1142.3361
1222.8823
1483.0808
1300.7302
1315.7524
1077.5365
1110.3978
1247.4526
1008.6351
1229.3111
1155.4412
1355.0788
1228.4879
1168.541
1142.8466
1232.6886
1119.4525
1215.8511
1333.2079
1275.2712
1173.6424
1310.0794
1338.0599
1174.4378
1199.19
1381.0368
1272.8973
1451.7951
1441.7931
1203.3262
1409.1628
1412.4195
1429.4714
1133.5622
1319.3062
1358.1289
1251.4517
1376.6549
1456.7892
1530.9777
1450.8861
1558.5436
1450.8988
1635.8472
1480.5239
1352.9359
1353.0325
1319.3385
1270.8338
1475.6987
1572.2323
1656.9443
1426.668
1463.9563
1352.7521
1223.8944
1332.5346
1452.6764
1414.9296
1443.3338
1380.4779
1312.6622
1377.7587
1611.067
1423.8604
1364.773
1348.3787
1238.2839
1478.8795
1535.9982
1520.3773
1275.356
1539.8292
1487.4491
1460.72
1603.4211
1586.5717
1604.8071
1475.695
1710.0213
1652.4843
1656.2101
1391.039
1459.2162
1484.2505
1126.0469
1346.4544
1316.3681
1227.3822
1449.8348
1421.4105
1491.7381
1496.6484
1660.9834
1557.9359
1594.9964
1580.158
1441.6255
1597.2461
1711.3827
1320.5172
1519.9721
1398.6578
1326.138
1425.9613
1364.1274
1463.975
1259.7856
1589.1934
1391.6726
1109.164
1252.7445
1488.6244
1320.8322
1325.8906
1486.3421
1496.8161
1366.9735
1476.8987
1503.8103
1283.8847
1314.8238
1451.6275
1562.3567
1538.3096
1563.6271
1330.0099
1292.3419
1181.0235
1307.399
1299.2636
1250.0718
1343.1566
1466.2413
1598.0129
1525.5352
1491.8783
1281.175
1375.0015
1418.7295
1365.6055
1400.0479
1388.3746
1420.314
980.61842
1534.9642
1538.0498
1635.3552
1465.3949
1401.9885
1473.3057
1498.2046
1442.6452
1361.9743
1526.2772
1409.4785
1646.7537
1497.2141
1314.5894
1689.2458
1658.7485
1602.0411
1189.0323
1438.3422
1473.4524
1260.489
1289.3575
1456.4831
1536.005
1341.483
1368.1632
1634.7183
1445.7108
1394.5741
1309.9782
1185.1981
1334.2098
1329.1411
1095.8166
1354.965
1610.9858
1481.7856
1124.7558
1037.5203
1223.8574
1377.3411
1214.2648
1225.4402
1152.5006
1177.5951
1474.9177
1244.7351
1520.4052
1412.2666
1440.0299
1501.9834
1544.3031
1620.6023
1271.3381
1584.5113
1090.748
1199.7902
1428.1891
1386.3352
1372.7454
1565.0868
1328.0806
1507.0508
1356.2066
1321.5073
1458.8478
1434.0733
1352.6255
1234.2686
1602.5805
1482.6209
1429.1607
1413.7018
1198.0332
1421.5631
1297.6716
1455.1168
1600.5917
1475.6763
1485.0572
1340.685
1371.0764
1251.2994
1412.6974
1229.6277
1464.8754
1450.2981
1451.657
1298.0383
1448.6721
1305.9561
1306.3557
1338.2537
1369.721
1359.8585
1418.9066
1420.0506
1369.4366
1194.2321
1404.1598
1485.4405
1362.742
1470.9384
1476.5679
1239.565
1373.7376
1367.3285
1438.0752
1658.7989
1649.223
1407.7828
1376.2138
1321.759
1069.8243
1255.0847
1415.7129
1402.4302
1428.8461
1577.1016
1524.9692
1493.623
1391.871
1616.6961
1429.4247
1380.3531
1695.0554
1478.5365
1469.9561
1509.6385
1428.7156
1390.0529
1850.3358
1567.8506
1454.5136
1171.2451
1442.3962
1503.1108
1614.9632
1195.641
1475.5295
1474.6204
1504.1372
1569.5346
1433.8699
1396.721
1260.1462
1165.8898
1429.8256
1376.1633
1517.224
1337.2819
1247.364
1562.233
1625.7646
1407.9777
1126.5835
1370.1235
1208.7003
1375.1541
1354.7509
1294.6418
1333.429
1440.6703
1372.4778
1606.5307
1529.6006
1281.4282
1548.5008
1458.7501
1650.8107
1585.4059
1611.7375
1453.718
1588.7695
1536.1064
1309.313
1097.3398
1713.1977
1448.6115
1431.7312
1431.3873
1539.3604
1321.1006
1479.8123
1421.2405
1464.229
1171.0471
1348.3509
1463.5209
1630.9221
1585.877
1353.2166
1309.2671
1182.0662
1408.2267
1315.5021
1439.6743
1517.6019
1474.9298
1413.77
1458.3109
1507.4438
1476.5344
1538.589
1797.6447
1414.2567
1472.6229
1447.1779
1232.374
1393.0374
1249.0756
1405.0222
1596.4179
1451.1489
1402.4652
1478.5912
1408.9988
1472.0444
1203.6243
1309.9183
1506.4758
1509.4858
1255.0065
1412.9535
1282.9251
1529.1479
1394.2146
1250.7879
1367.4191
1355.1471
1291.5409
1428.2942
1758.951
1517.0278
1398.5952
1557.9075
1413.1479
1708.8975
1292.7746
1098.5212
1305.4831
1348.3671
1711.8048
1462.4568
1487.0036
1635.6988
1397.4033
1558.7838
1249.8211
1624.1299
1619.1929
1581.28
1785.0088
1408.598
1565.4394
1412.0177
1756.5361
1277.6907
1166.4066
1210.9519
1595.0252
1355.4403
1590.6566
1412.2311
1269.9847
1500.318
1526.7773
1739.7202
1375.1484
1559.4739
1417.8436
1565.9616
1451.4015
1689.5419
1464.261
1522.7352
1441.4328
1549.6789
1552.0162
1438.1885
1298.3892
1399.7571
1448.1752
1717.21
1250.6421
1281.4529
1410.5061
1548.5261
1269.2693
1420.219
1217.2983
1394.0309
1617.7808
1370.271
1686.2936
1614.1244
1386.494
1702.1585
1312.3049
1501.527
1432.8254
1419.5651
1449.2321
1681.4151
1537.2452
1716.3333
1418.3415
1309.4308
1168.3135
1352.7919
1396.1946
1439.7886
1655.5884
1598.5033
1631.695
1481.263
1335.2744
1511.3114
1194.1688
1438.4286
1541.5055
1449.487
1450.2775
1619.404
1437.8307
1586.6525
1549.7889
1280.652
1329.6826
1311.5207
1630.4983
1501.2664
1450.4423
1567.6173
1393.2385
1353.9054
1432.855
1335.2546
1755.4627
1425.632
1436.2457
1430.6357
1540.5592
1581.1594
1687.7696
1557.8563
1594.1679
1525.0437
1617.938
1555.1408
1444.925
1132.8358
1367.0438
1624.5341
1564.9969
1507.2092
1855.7488
1588.6901
1372.1984
1213.3017
1169.671
1403.9762
1385.7698
1466.0662
1431.2373
1375.3929
1361.7338
1646.2987
1385.5314
1114.4869
1475.6301
1570.6725
1905.0406
1475.0254
1482.9554
1401.5722
1497.6644
1688.2297
1752.4507
1467.3109
1377.2125
1201.4105
1449.3951
1535.285
1380.0082
1657.6778
1303.736
1418.5393
1389.7111
1509.8111
1376.9284
1453.8765
1551.4951
1294.0227
1682.822
1372.4221
1444.6927
1751.1066
1352.9277
1372.7263
1400.5148
1304.8941
1293.4339
1321.8128
1563.8993
1330.5456
1382.6945
1571.1114
1406.0396
1575.7165
1584.9918
1397.249
1467.7177
1227.6302
1272.9404
1573.6362
1585.9162
1572.3043
1692.5942
1503.7374
1514.5172
1511.9686
1439.4105
1609.4934
1488.4935
1415.779
1160.2086
1404.1493
1522.5931
1604.4776
1613.4015
1511.1349
1632.438
1451.7569
1532.489
1266.1907
1502.391
1517.8652
1221.7808
1462.6478
1447.496
1435.028
1496.3797
1572.8942
1203.9603
1510.0778
1398.5016
1359.1069
1383.6333
1469.944
1770.5282
1543.3609
1209.0134
1658.2339
1250.2535
1196.2571
1315.1788
1332.6616
1737.4834
1392.7266
1633.054
1615.4443
1474.1232
1406.2392
1512.5976
1382.7068
1477.9111
1457.1309
1480.0264
1503.3161
1434.5575
1311.4075
1274.9173
1518.2432
1476.8941
1771.5886
1247.1921
1502.54
1338.9403
1466.0093
1502.5648
1484.5161
1610.9646
1344.0056
1480.2079
1555.8445
1510.1488
1499.244
1471.7063
1288.5653
1435.7018
1545.7754
1556.7768
1858.2649
1563.3481
1522.3728
1490.651
1456.9133
1443.4243
1520.2104
1513.0989
1320.8191
1467.6347
1401.7685
1369.3862
1359.6109
1436.0746
1524.2268
1601.8742
1516.7437
1394.9376
1347.5042
1567.0538
1311.432
1618.6435
1415.2803
1573.6561
1158.9703
1318.5834
1255.4699
1465.6079
1250.4671
1328.0784
1528.0987
1206.6144
1262.8421
1565.0398
1467.9084
1418.2294
1314.1428
1451.5524
1418.0208
1651.1215
1636.1015
1487.5104
1371.3414
1455.5472
1227.0898
1344.341
1363.6123
1428.7967
1484.2508
1407.1444
1415.4759
1055.618
1379.1583
1853.175
1708.1993
1474.8123
1260.348
1433.0956
1284.0356
1487.7945
1259.6324
1349.0759
1394.7223
1268.4795
1253.8574
1233.4757
1660.4172
1486.1304
1309.6843
1295.825
1487.3324
1501.1522
1444.2467
1314.7288
1299.9357
1502.8041
1402.5228
1359.8793
1509.6681
1471.0185
1603.5872
1740.0825
1624.4628
1437.1442
1469.5781
1581.2342
1435.6549
1781.6563
1582.0292
1396.1797
1629.8764
1606.0435
1375.7122
1271.8061
1514.5537
1476.3575
1356.777
1412.8192
1478.7788
1381.6687
1474.8718
1605.0561
1413.7995
1536.3453
1351.6978
1444.0644
1569.4598
1228.5168
1527.4485
1412.7612
1478.3247
1327.3062
1376.6559
1708.7703
1444.492
1552.1614
1359.6983
1395.3211
1449.9225
1379.0279
1588.9484
1335.9536
1450.1391
1450.0742
1611.7896
1594.3636
1797.8709
1757.9831
1495.8817
1503.2605
1563.4706
1604.039
1393.6983
1503.4551
1679.6888
1581.3652
1487.0399
1498.5007
1392.4982
1603.1166
1627.1638
1666.3852
1710.6328
1416.1572
1450.2726
1416.7986
1527.7633
1677.1315
1516.4849
1600.5289
1625.7692
1463.7925
1359.9461
1409.1637
1559.6044
1684.1359
1600.6505
1603.5496
1599.8652
1494.8121
1200.2471
1697.7599
1429.9689
1724.6839
1503.3503
1667.9732
1463.1964
1606.6127
1369.567
1562.3232
1513.8797
1427.7229
1245.6023
1521.8408
1530.6819
1530.8118
1798.976
1550.5026
1672.979
1338.3162
1380.3469
1175.4143
1388.4788
1151.1827
1562.7074
1491.8557
1604.149
1360.7993
1481.6656
1299.2855
1368.302
1207.135
1560.0419
1422.8657
1187.6536
1169.5166
1128.2292
1419.0024
1606.6028
1394.4011
1380.9292
1281.2562
1631.324
1327.7206
1531.4077
1542.4209
1343.635
1219.0965
1594.5592
1551.799
1160.0285
1439.8826
1324.7652
1437.944
1485.4593
1437.597
1458.0014
1244.8574
1328.936
1347.7485
1577.8485
1345.3543
1422.9235
1185.6943
1481.0955
1381.8714
1526.3868
1497.3242
1546.3896
1391.9892
1261.6317
1386.3479
1441.3289
1486.0707
1398.9679
1280.2319
1162.6344
1625.1804
1404.0263
1489.8066
1413.8316
1449.2437
1477.615
1601.4112
1511.8316
1493.9354
1660.3441
1210.0641
1366.1682
1416.1915
1435.0985
1491.5886
1289.7211
1259.716
1318.5182
1138.9509
1509.2891
1131.0569
1421.3023
1145.1333
1334.2389
1326.4197
1456.1765
1471.8195
1447.3678
1361.0854
1413.7829
1418.7237
1347.0625
1496.2064
1553.628
1327.8307
1474.2481
1298.7564
1554.7794
1561.3866
1346.6392
1343.8374
1173.5285
1301.0512
1359.8972
1529.6998
1528.8638
1470.1634
1441.4069
1556.9129
1490.576
1744.7553
1409.666
1276.7624
1414.8877
1462.3753
1486.0298
1491.0052
1479.7251
1258.7471
1248.393
1257.0941
1469.3274
1641.1046
1742.9034
1559.155
1409.8657
1281.3683
1341.0998
1412.4753
1664.1671
1438.2226
1325.7468
1657.4753
1066.9206
1381.6881
1315.2037
1402.8463
1488.9943
1606.6165
1389.6129
1371.1783
1326.8258
1323.1325
1579.9098
1483.9025
1594.2559
1518.81
1375.0137
1498.5246
1416.1658
1449.7983
1301.8057
1336.477
1536.3489
1412.1785
1541.7142
1470.1262
1506.2017
1552.6695
1542.4792
1705.8161
1391.2302
1598.3237
1610.4953
1249.9092
1224.9751
1584.9514
1575.6541
1411.7546
1317.6856
1346.7832
1365.8118
1558.5795
1492.8788
1571.3665
1516.7765
1528.9301
1482.8527
1438.1536
1357.6163
1572.5994
1525.209
1572.912
1274.8535
1226.0495
1521.8445
1847.5114
1159.2083
1563.1027
1424.6502
1547.4365
1566.782
1623.5972
1410.0126
1194.9024
1247.7084
1642.9818
1711.4975
1359.662
1165.6618
1391.2731
1343.5817
1200.6674
1179.1389
1196.893
1407.8156
1317.0952
1269.4794
1279.4418
1364.8416
1396.1576
1448.0396
1380.1089
1274.9979
1457.4148
1311.4886
1397.9788
1512.7003
1249.6313
1580.3712
1435.9304
1636.4651
1394.8337
1589.5448
1349.4696
1587.0536
1222.5499
1401.5236
1377.8166
1487.8417
1353.4304
1524.2179
1453.4829
1663.9808
1503.8356
1230.9235
1271.6242
1389.3048
1485.5221
1481.2488
1413.3538
1439.0556
1238.2929
1350.4477
1444.6106
1412.1827
1301.3916
1693.8153
1489.5724
1531.8748
1385.9139
1424.1039
1458.5631
1370.7234
1536.8952
1786.702
1527.1021
1451.8657
1584.0056
1431.9216
1166.3686
1496.8779
1749.8735
1550.3187
1638.4261
1714.7265
1516.428
1418.6363
1713.0407
1657.4003
1598.6343
1520.2917
1530.1252
1269.8653
1317.0916
1503.0566
1328.0579
1489.758
1486.9516
1330.5652
1328.1071
1547.4585
1352.5182
1364.742
1288.3468
1304.1038
1646.9246
1373.2949
1283.6331
1249.2051
1085.9933
1248.19
1325.8363
1454.5315
1403.6148
1901.897
1364.1281
1454.1731
1652.2775
1411.5119
1240.5831
1673.2659
1371.6717
1651.3669
1406.1159
1447.0173
1392.643
1562.5422
1525.0529
1508.6843
1633.2715
1634.3897
1595.3679
1668.976
1397.7003
1338.7466
1495.5136
1413.0158
1506.2462
1535.2232
1244.2632
1636.1085
1551.2621
1229.7768
1434.9241
1438.1962
1294.0653
1675.5004
1435.3287
1326.7751
1504.9727
1237.7416
1317.8687
1323.7991
1493.849
1403.6467
1399.7961
1577.8878
1261.71
1422.8857
1467.3166
1650.9134
1474.6465
1409.872
1495.2744
1466.3193
1454.5953
1708.9015
1419.3872
1411.6642
1262.9455
1273.9921
1427.1139
1357.791
1609.4709
1659.2772
1409.4817
1522.2354
1620.3208
1496.0218
1739.8276
1377.4906
1243.0431
1488.1009
1317.9338
1341.9834
1423.4698
1356.6651
1477.6258
1399.1982
1450.0793
1545.7377
1477.9146
1077.9945
1417.7343
1645.8265
1502.4165
1410.6599
1464.2968
1544.1675
1564.139
1611.3875
1526.3378
1437.633
1324.7379
1440.1875
1394.2965
1477.2512
1563.3911
1413.0145
1360.1099
1496.7194
1402.7765
1556.5679
1528.9291
1635.9862
1564.0942
1405.1452
1271.9601
1491.8372
1349.4326
1528.5498
1288.0936
1119.2981
1184.852
1340.31
1653.9017
1623.1351
1151.5724
1374.0549
1271.8238
1102.7501
1406.7812
1451.0624
1632.5647
1385.5997
1376.3469
1311.8934
1453.4619
1391.0101
1375.0837
1296.1306
1388.7619
1202.1212
1373.9918
1415.8376
1420.9088
1423.1117
1570.2085
1317.4865
1456.9994
1368.77
1627.4931
1317.1496
1293.4177
1180.1679
1277.1267
1198.867
1450.2038
1475.4487
1428.6634
1434.5047
1395.5065
1532.1532
1374.3907
1629.3265
1303.8554
1476.6604
1430.9152
1542.705
1433.6409
1412.5943
1305.1635
1163.1973
1167.5463
1558.3234
1403.3373
1543.1506
1377.8781
1258.6834
1360.2961
1251.771
1543.462
1655.5551
1322.3846
1412.3184
1411.8485
1134.3084
1412.8757
1520.2781
1560.1123
1552.4998
1328.6467
1350.381
1310.9255
1234.604
1567.5594
1289.9547
1134.7882
1331.4346
1324.17
1600.0543
1365.2288
1558.2472
1306.0785
1465.361
1428.9376
1325.597
1234.6796
1283.1878
1266.0842
1495.4058
1625.1331
1303.6746
1270.4985
1300.2622
1470.2434
1824.1226
1487.4748
1167.6225
1631.1234
1493.126
1267.7312
1530.124
1559.4494
1356.2251
1555.6067
1413.3245
1416.2913
1312.5845
1204.2376
1506.3889
1682.8371
1638.3773
1239.6695
1308.6705
1376.3581
1445.8319
1564.8585
1629.972
1509.2088
1577.1975
1505.8602
1384.3751
1427.7025
1405.1991
1613.944
1584.886
1901.4283
1444.3465
1555.5166
1409.318
1466.157
1121.8744
1452.6876
1276.8123
1407.5227
1568.5426
1555.5399
1346.038
1522.7827
1196.9991
1176.1646
1391.8543
1214.8762
1414.7787
1449.6185
1610.2868
1593.4958
1561.1444
1347.898
1334.4914
1354.1341
1400.7989
1297.2104
1617.6022
1453.3614
1327.0185
1373.7895
1375.5009
1524.5178
1259.1073
1356.3609
1327.7049
1363.4196
1390.3594
1211.9689
1354.3446
1268.1349
1605.7932
1569.2215
1552.2519
1183.7116
1422.6819
1123.6735
1547.4133
1488.217
1576.0021
1373.4094
1245.7289
1358.1776
1555.4007
1645.0148
1713.0624
1606.3599
1542.7081
1581.9378
1551.2601
1551.2213
1564.2567
1479.4848
1664.9941
1511.3224
1640.94
1298.1765
1575.6714
1341.874
1416.7054
1371.4537
1471.238
1489.4746
1553.7063
1206.2816
1718.3172
1407.7129
1188.5917
1599.3852
1649.696
1269.0478
1614.6828
1533.956
1487.9787
1236.8726
1469.6623
1587.3448
1622.5082
1065.7436
1426.6045
1606.6547
1504.6608
1854.3545
1687.0766
1481.7165
1695.7461
1296.0057
1383.5615
1544.0046
1292.9654
1253.6939
1597.665
1327.9741
1380.9653
1455.2133
1582.1579
1643.3227
1834.471
1643.2232
1526.9598
1299.1612
1242.7713
1249.7868
1597.4937
1593.7696
1396.0851
1429.8403
1458.8667
1717.648
1470.343
1377.8551
1695.0933
1610.6434
1599.727
1828.4355
1614.8997
1611.5244
1693.3178
1657.0277
1662.7769
1497.6345
1079.3685
1287.9043
1379.657
1381.9151
1373.533
1413.0423
1250.9719
1408.1678
1480.2467
1199.5644
1566.6274
1448.9514
1394.7235
1494.0795
1456.6588
1765.0176
1672.018
1357.6394
1363.568
1551.1314
1417.7726
1542.277
1721.0295
1528.4585
1524.1481
1310.8239
1470.3874
1567.9582
1480.8299
1464.966
1617.0147
1523.9478
1635.523
1169.1549
1415.0435
1499.7879
1670.8968
1587.3425
1462.4311
1270.2404
1344.4244
1587.6133
1624.3489
1588.9863
1429.8732
1304.1909
1370.7107
1448.67
1647.4292
1454.4446
1366.8327
1482.1491
1404.0913
1286.5757
1664.1518
1822.1268
1481.231
1497.5327
1441.1924
1365.3129
1423.6758
1327.7839
1667.0433
1247.9627
1563.1883
1643.0856
1844.6678
1578.8715
1504.4659
1287.9076
1260.4998
1320.4042
1625.2828
1418.4655
1519.733
1499.577
1473.4337
1365.8494
1380.3555
1341.3282
1418.9688
1383.6516
1451.0323
1600.4504
1489.4469
1639.2989
1285.9288
1568.1243
1451.3915
1622.5853
1737.1718
1662.9966
1423.2939
1404.7374
1439.1704
1267.9475
1128.7485
1844.9228
1462.8075
1513.1909
1506.2212
1473.6927
1457.8219
1235.2423
1787.8924
1605.3756
1380.1315
1552.4182
1410.8599
1594.7013
1480.1329
1668.6218
1574.4054
1572.4001
1310.1693
1318.2227
1386.928
1500.1386
1328.0632
1366.5921
1366.4379
1418.8132
1465.188
1466.427
1392.3429
1737.0228
1386.0684
1354.084
1423.9132
1498.0442
1530.4562
1640.7979
1582.3032
1689.3597
1486.5146
1491.5776
1576.3244
1609.4835
1537.6949
1405.5183
1277.3835
1484.7614
1374.8046
1438.1501
1471.128
1481.5642
1357.4423
1343.0395
1216.5813
1583.7965
1555.192
1286.1142
1533.9378
1329.7262
1433.7275
1143.4799
1495.097
1498.4604
1495.574
1496.4788
1493.262
1281.4526
1509.55
1324.0135
1675.3003
1484.2756
1662.6953
1443.026
1482.7262
1628.1763
1532.783
1577.0856
1322.7813
1382.0347
1222.5881
1523.2258
1397.7566
1740.6722
1530.0185
1540.2842
1416.1246
1468.3536
1444.4531
1409.2433
1428.5866
1760.3113
1407.7995
1568.0062
1408.8539
1115.282
1400.8879
1513.9116
1587.1842
1298.7272
1141.2702
1513.1015
1648.7667
1548.9254
1835.8318
1479.3686
1532.6468
1651.5951
1576.0682
1620.5311
1779.631
1449.0988
1436.3985
1515.8788
1535.8461
1240.006
1627.6012
1605.1772
1541.8899
1781.8469
1636.9795
1435.7875
1251.2779
1237.0532
1408.8398
1690.9366
1356.0867
1309.3532
1495.6725
1658.5224
1387.9206
1692.4357
1519.2568
1414.1389
1603.7725
1449.1697
1290.7475
1426.9308
1657.6214
1456.0469
1237.6073
1433.0336
1471.9237
1528.5186
1523.2225
1715.755
1511.8925
1382.3967
1328.9818
1505.8481
1590.01
1086.2368
1345.6436
1430.6452
1567.3291
1374.6591
1482.3852
1388.1516
1566.3272
1331.582
1488.9463
1475.9542
1418.2789
1510.5041
1134.9711
1333.0953
1371.3582
1566.0052
1597.9395
1465.0008
1236.8302
1549.6392
1596.8035
1509.1585
1498.4233
1384.2241
1447.9127
1364.4178
1353.1017
1399.6368
1726.4525
1712.6708
1508.8185
1433.8827
1172.8009
1146.1246
1309.8559
1498.0924
1465.2057
1580.2955
1443.583
1518.9718
1200.1628
1219.0553
1609.8779
1654.261
1265.926
1372.676
1422.5749
1386.5168
1424.6613
1416.802
1524.5628
1277.2773
1357.1399
1402.059
1586.4942
1393.2726
1664.6101
1418.9085
1292.0632
1379.8223
1438.1518
1559.3832
1435.7715
1499.4309
1146.8595
1322.8557
1526.2107
1506.0155
1647.721
1551.1224
1594.4143
1523.1561
1702.9966
1422.728
1500.6873
1570.9193
1579.8871
1426.7973
1323.0404
1410.5638
1419.3666
1330.9995
1656.1378
1485.323
1561.6615
1860.8272
1650.547
1473.5461
1425.467
1546.4474
1435.3169
1445.5376
1430.3348
1686.4835
1189.9513
1572.6494
1637.114
1477.8835
1211.838
1376.2233
1817.5577
1782.9155
1537.9494
1390.6728
1555.8759
1330.2317
1303.847
1465.3995
1323.4099
1491.8016
1425.5646
1486.9707
1419.7148
1400.4307
1873.952
1698.7944
1490.676
1415.2758
1454.9259
1190.7792
1410.1615
1335.3465
1545.9174
1409.8811
1238.5579
1294.7672
1372.0754
1442.0036
1601.1485
1730.0152
1700.2156
1503.8306
1533.4408
1538.4451
1402.5383
1567.3099
1460.2289
1501.2557
1490.6873
1551.6946
1523.725
1519.5172
1614.5244
1272.1804
1189.878
1546.0507
1521.6007
1447.7694
1415.8609
1169.2228
1329.9097
1365.707
1533.9533
1513.7834
1493.1654
1246.2344
1303.2414
1403.2002
1125.602
1507.1853
1357.046
1726.1373
1494.7924
1416.7131
1544.5055
1544.5532
1416.0002
1567.398
1407.0688
1440.5152
1242.2639
1683.6688
1460.3156
1550.462
1377.5595
1295.0508
1313.7991
1466.502
1107.7311
1571.1167
1423.5818
1304.4888
1509.559
1613.9586
1483.0483
1448.2736
1717.722
1443.9423
1479.2556
1172.3846
1449.4472
1540.4246
1726.2537
1606.4664
1611.2933
1519.8622
1517.6554
1335.9248
1434.8802
1392.1031
1506.8139
1374.9078
1252.7723
1602.7788
1357.433
1189.3574
1511.0615
1470.1456
1693.3688
1629.0719
1465.5399
1353.0412
1054.2802
1220.3808
1718.522
1296.1282
1387.6638
1309.3896
1114.6057
1305.6089
1532.8731
1364.1671
1548.4435
1705.0943
1426.7209
1369.2445
1332.9733
1568.4045
1583.5895
1417.1031
1399.5941
1479.7519
1501.8061
1573.1019
1450.832
1673.822
1872.391
1606.5828
1619.95
1401.4692
1727.2904
1489.9736
1539.3513
1656.724
1685.0647
1708.7339
1732.6895
1591.0855
1569.3078
1490.0165
1446.7443
1360.6585
1639.3425
1574.2975
1361.465
1772.3639
1742.2961
1738.7694
1365.1965
1341.9538
1552.4875
1542.5232
1338.4258
1412.5747
1504.1581
1620.4157
1516.0338
1447.4409
1750.3234
1512.4271
1581.1502
1788.0883
1720.5361
1597.6537
1301.3056
1706.905
1650.8348
1696.7268
1378.6622
1224.7194
1644.4808
1515.3684
1156.9933
1187.2927
1152.197
1176.2865
1117.3924
1424.5169
1496.803
1158.0083
1377.7913
1550.3907
1391.4471
1388.8777
1471.5093
1386.7281
1447.9436
1191.2661
1471.5835
1310.0812
1595.982
1497.0717
1590.8292
1563.4124
1305.5144
1517.9954
1505.7678
1517.141
1525.8333
1766.1259
1442.3437
1548.7697
1373.9134
1280.5464
1412.4388
1531.4521
1672.6944
1637.9411
1482.2168
1483.9122
1383.3056
1360.5024
1321.4916
1406.2832
1617.9316
1694.369
1561.8635
1817.9714
1534.169
1360.8084
1465.2089
1704.2512
1535.4295
1375.7622
1506.8358
1634.6881
1565.7773
1353.3458
1285.0639
1462.1174
1506.6686
1551.4705
1283.833
1657.2257
1446.2539
1332.8801
1367.7844
1651.3696
1532.555
1191.5535
1387.9066
1393.1375
1407.4253
1350.7499
1306.474
1351.2131
1220.2043
1418.3383
1222.807
1547.0955
1586.7475
1525.1343
1610.2086
1513.6486
1493.5342
1579.1063
1316.434
1314.941
1147.5328
1618.4779
1575.125
1547.3253
1477.0276
1395.901
1327.3596
1296.6943
1532.1004
1589.128
1365.8357
1630.4477
1438.4528
1181.8588
1451.9718
1367.4964
1458.8172
1324.0514
1626.4518
1464.7726
1601.2661
1588.2969
1386.3287
1328.8513
1350.9462
1354.4478
1311.0595
1431.4502
1425.9461
1353.0964
1692.6692
1483.1514
1494.5195
1439.6395
1677.5365
1509.0275
1563.1801
1763.4551
1549.3726
1696.9208
1551.3983
1346.162
1522.9384
1405.0641
1762.4231
1481.8644
1441.5505
1340.4811
1285.6749
1487.2902
1418.3982
1539.8554
1452.5791
1534.0329
1375.1693
1542.5147
1287.5987
1487.4851
1531.3379
1548.2378
1311.0358
1682.931
1486.318
1383.0089
1160.2099
1407.2866
1336.892
1425.3511
1423.6858
1506.7486
1343.0886
1326.9108
1298.3229
1541.37
1476.8104
1552.1722
1549.2377
1561.3367
1610.8968
1437.8961
1460.8946
1311.2128
1219.8927
1338.7685
1434.5014
1262.6444
1431.5994
1622.7599
1627.8396
1652.9172
1393.4649
1456.3684
1411.5448
1550.6286
1316.8068
1605.8922
1561.0915
1448.1716
1305.167
1165.3438
1504.9342
1806.7179
1356.3255
1508.8535
1427.5033
1097.2616
1154.5556
1147.2034
1263.9176
1574.3808
1550.5586
1413.5205
1676.2929
1562.7673
1329.7961
1431.2605
1612.039
1315.287
1196.0731
1388.1296
1388.639
1409.6093
1370.511
1363.8437
1355.6677
1298.6254
1508.9947
1577.8083
1341.9412
1364.5211
1470.3054
1544.917
1318.3681
1613.9893
1418.5047
1427.6781
1520.1726
1561.2164
1614.8062
1306.4278
1437.891
1067.2025
1370.1439
1356.0038
1481.2214
1629.6218
1278.1836
1294.514
1202.1556
1432.0404
1341.2716
1355.0031
1351.2086
1468.183
1302.9918
1321.428
1190.7282
1228.8681
1260.0628
1629.283
1363.2817
1586.0642
1513.065
1352.1427
1327.8279
1442.3027
1499.1327
1490.709
1450.5628
1412.7302
1222.8298
1611.9782
1524.248
1569.1846
1328.4335
1810.9481
1472.4464
1468.3853
1094.8965
1565.6425
1476.7605
1271.3299
1366.4908
1604.7281
1352.9052
1447.2689
1309.4831
1268.3093
1221.8686
1366.0865
1454.0544
1143.0728
1368.799
1249.646
1385.3472
1333.0954
1294.6318
1318.3157
1325.0197
1493.0517
1335.1044
1447.8439
1205.5349
1467.3162
1371.3202
1236.4888
1313.4833
1494.8508
1475.7432
1493.5366
1587.2214
1389.4963
1525.4081
1571.3214
1447.0989
1572.9005
1405.6124
1427.4197
1633.9097
1412.6181
1617.2015
1473.7109
1516.8921
1238.8219
1438.2891
1694.1515
1603.7519
1624.4776
1337.0647
1610.4083
1340.3782
1377.0636
1339.9654
1355.8254
1437.2337
1379.8571
1134.1967
1202.1112
1294.447
1227.803
1395.7716
1509.8583
1575.9575
1406.5416
1626.3573
1511.8725
1480.617
1439.2023
1353.6706
1527.6898
1513.3737
1388.0605
1456.7877
1576.992
1499.7734
1489.2806
1448.931
1397.6673
1224.0344
1405.3667
1311.7502
1698.4472
1529.7259
1502.3066
1477.3438
1734.8436
1513.7997
1365.6141
1469.9617
1721.1979
1580.7929
1545.8885
1453.3511
1401.9349
1485.8821
1259.1159
1289.1149
1428.6871
1250.2474
1457.0586
1256.0114
1357.3931
1590.0529
1527.6639
1582.5956
1604.6505
1431.5435
1395.7352
1381.1822
1268.6998
1327.8886
1224.6542
1616.9207
1495.1005
1661.7434
1395.0039
1330.1899
1534.4783
1465.8334
1660.8801
1318.4165
1246.5779
1354.2987
1757.0983
1483.4635
1416.4369
1295.4436
1543.4535
1523.4636
1519.7072
1522.1342
1372.5561
1619.4623
1676.6134
1726.112
1714.2188
1566.0766
1717.9038
1396.242
1247.385
1067.1403
1365.3743
1653.3644
1441.1186
1623.3773
1659.8586
1427.5458
1289.9209
1413.2096
1282.2983
1357.858
1539.738
1450.2545
1503.9496
1448.0365
1433.3599
1174.9166
1093.5358
1328.942
1544.3382
1499.7696
1437.9996
1454.3824
1275.1098
1437.2646
1368.4742
1840.8566
1510.8038
1419.1063
1307.5625
1503.0093
1347.4166
1218.3222
1329.4912
1444.0758
1464.4893
1157.3668
1233.2588
1541.1041
1616.3866
1406.8827
1598.1159
1341.8782
1472.0152
1348.5491
1695.5787
1620.5028
1547.7746
1663.0827
1179.1148
1352.9974
1274.6044
1192.9443
1223.5491
1604.4175
1609.7862
1676.492
1398.9934
1373.1358
1332.5176
1297.6424
1471.3497
1951.9635
1525.8979
1534.9303
1501.9691
1260.3288
1419.4286
1553.3427
1486.0009
1401.9102
1543.0277
1300.0923
1445.541
1258.4024
1445.9297
1522.4075
1480.0893
1676.7252
1854.8088
1530.5755
1351.116
1418.1265
1376.6535
1463.132
1570.6626
1683.9813
1479.2256
1383.3816
1390.7084
1232.9606
1427.9001
1677.3228
1482.7337
1329.8791
1469.9031
1255.1395
1606.9963
1459.1389
1339.2119
1386.8154
1317.5373
1359.84
1383.9394
1482.8519
1446.355
1325.8682
1610.7597
1545.5476
1434.4249
1414.3638
1240.5857
1172.4388
1260.1696
1057.3078
1135.4342
1507.3805
1583.4869
1259.3151
1510.2725
1647.6025
1424.3327
1383.5476
1399.1444
1162.9576
1296.4347
1285.1281
1262.1101
1261.5906
1382.8258
1579.4579
1497.1493
1303.7693
1338.5142
1366.2732
1509.8799
1532.0959
1650.7783
1482.2071
1422.5966
1433.1899
1467.9246
1534.7331
1312.0021
1232.5507
1373.4207
1568.4766
1597.6187
1349.9597
1386.6518
1396.3538
1451.6026
1347.1693
1360.4485
1270.0023
1440.7914
1509.8566
1459.5463
1327.6104
1358.4946
1378.7837
1528.3922
1543.216
1621.3077
1554.991
1558.6426
1458.6289
1485.5448
1528.876
1535.1354
1464.0251
1357.8807
1549.2912
1547.089
1469.5203
1214.8627
1583.2576
1506.3043
1350.8242
1491.8916
1661.6697
1505.3572
1534.5771
1437.4987
1269.4801
1474.1334
1313.1438
1552.1805
1374.5241
1291.6362
1643.6096
1306.9168
1484.5233
1516.5937
1654.1379
1558.6971
1560.2244
1399.3689
1555.9103
1452.8406
1367.8101
1469.7428
1447.7651
1657.8926
1591.0315
1571.0222
1445.589
1268.6341
1344.0898
1483.4455
1561.363
1469.2504
1386.333
1486.5958
1438.7832
1461.0423
1572.3261
1382.7556
1581.4281
1420.0506
1367.7405
1388.6327
1495.3517
1503.9038
1393.367
1464.5208
1294.3203
1562.746
1530.5788
1620.6744
1807.8736
1706.9582
1380.8727
1489.4403
1400.7255
1520.9875
1400.6805
1532.1722
1547.7068
1332.6169
1354.4303
1509.4645
1240.3546
1611.9267
1688.0485
1432.7985
1233.1243
1305.8372
1392.8656
1305.4584
1440.417
1472.5553
1727.2479
1404.2914
1402.9135
1461.4346
1622.2959
1429.8408
1435.8244
1751.0397
1822.1106
1688.7262
1426.8991
1485.5915
1843.5582
1509.5439
1549.1263
1609.716
1611.4084
1523.5866
1386.7024
1513.47
1689.816
1474.7815
1358.8429
1457.5891
1433.4367
1573.9019
1245.0219
1482.6693
1543.3239
1479.2576
1395.1543
1337.4633
1431.4194
1472.8889
1619.6957
1453.9454
1582.295
1583.8973
1327.2151
1331.7183
1467.88
1524.3764
1686.4433
1525.8774
1511.9741
1497.7982
1491.1564
1536.0513
1590.0206
1558.9804
1498.0158
1488.4729
1506.3224
1389.0205
1635.6524
1625.7991
1680.7983
1639.9183
1578.0425
1317.5341
1687.4952
1541.6281
1662.7125
1652.8825
1493.2257
1460.9411
1522.8278
1449.9472
1650.8558
1825.1464
1493.062
1544.2819
1460.4078
1488.3997
1523.8578
1720.0553
1597.7095
1788.6292
1519.9573
1372.4424
1183.6962
1484.0076
1276.9933
1711.6677
1426.41
1690.3552
1465.1308
1553.7747
1058.0525
1527.3453
1440.22
1360.0783
1381.4442
1176.2603
1400.3354
1709.5466
1532.5897
1611.1364
1242.8203
1209.3169
1571.3426
1508.1656
1520.5192
1313.8915
1337.7167
1371.0231
1540.1745
1780.0537
1568.1309
1359.5604
1369.5013
1381.5516
1488.1799
1256.9724
1481.9971
1485.1609
1494.8487
1500.7284
1631.3283
1329.4821
1290.9688
1747.2584
1303.3715
1380.0389
1346.1679
1385.5374
1283.9211
1545.7635
1492.1856
1380.2023
1266.2943
1215.3221
1372.4454
1492.5503
1345.5342
1563.5771
1635.3962
1293.2438
1224.8074
1667.6582
1360.9935
1291.3541
1541.7109
1597.4645
1629.819
1461.147
1750.6268
1545.6454
1646.5021
1381.089
1488.9545
1364.5863
1295.307
1386.9474
1499.6484
1524.5242
1458.7816
1220.8968
1532.4876
1501.2635
1510.8884
1356.5092
1391.7957
1567.2041
1357.6787
1731.6546
1437.6636
1351.2666
1686.1009
1470.4258
1613.3289
1421.7161
1730.1619
1389.5013
1393.0492
1550.7435
1074.3789
1421.2745
1361.1331
1236.8096
1387.276
1109.0432
1175.9181
1301.4583
1491.1785
1330.2197
1448.953
1534.2779
1669.5787
1706.8439
1571.6955
1722.5147
1602.9432
1388.295
1377.3344
1342.5593
1517.4043
1487.7449
1267.7069
1654.6691
1285.8963
1522.6803
1357.0633
1401.1522
1507.291
1414.3921
1436.9969
1426.6777
1545.6123
1440.3781
1436.6186
1405.5477
1548.1073
1435.2874
1527.0709
1284.3814
1502.0522
1519.0929
1681.8508
1533.5501
1553.4964
1553.4331
1502.7543
1331.2728
1483.9696
1394.8983
1480.9232
1603.8527
1434.7554
1509.876
1456.683
1208.8104
1404.2613
1377.7801
1420.7476
1554.7538
1743.8363
1357.1301
1424.3329
1477.9475
1514.119
1377.3099
1483.4415
1408.1828
1305.62
1497.9446
1401.1298
1398.4317
1254.7997
1286.9882
1318.5606
1390.8972
1460.3708
1412.8718
1292.4245
1240.7663
1436.4994
1479.067
1560.7635
1430.2849
1266.6479
1229.1291
1412.9668
1406.8707
1513.9969
1618.1491
1378.7148
1276.8868
1502.8021
1461.5467
1439.6543
1390.0216
1423.556
1331.9997
1286.2614
1409.0362
1757.2152
2051.2032
1601.2876
1633.0895
1376.6613
1274.8021
1356.6549
1416.4457
1306.9365
1533.8886
1330.7058
1402.4957
1617.6251
1653.2182
1405.9019
1295.3801
1589.4662
1507.2873
1292.0097
1354.2277
1507.9463
1323.2474
1474.851
1657.8176
1280.5022
1469.5425
1430.1974
1398.2507
1654.3986
1488.1405
1385.8681
1261.3868
1550.6473
1506.1071
1415.4979
1597.2219
1545.3012
1199.9366
1461.3608
1506.9792
1355.4012
1591.8857
1276.9586
1473.903
1491.2404
1536.1757
1351.3906
1421.7851
1276.516
1276.613
1394.8928
1780.1619
1744.4462
1470.4443
1274.1251
1300.2457
1107.6968
1314.0701
1534.9647
1610.8114
1375.5781
1520.0486
1584.6224
1537.2745
1598.7875
1443.3385
1504.5374
1496.2754
1360.9486
1222.5728
1398.0046
1530.0116
1447.9688
1631.3039
1338.1399
1533.1043
1745.6313
1425.9899
1469.0512
1583.7129
1405.5514
1468.0649
1633.7232
1372.2441
1289.8898
1418.2175
1135.096
1286.4095
1462.6623
1684.2563
1467.4244
1491.3634
1353.9816
1432.6856
1341.5671
1551.9594
1453.0363
1707.3162
1509.149
1559.1808
1433.6915
1326.3988
1415.2922
1523.2176
1697.0568
1602.0985
1801.6563
1474.4344
1535.4649
1444.8794
1264.316
1368.3935
1361.9728
1572.5559
1489.7228
1678.5169
1355.4265
1654.3762
1398.6161
1562.875
1299.5449
1421.4401
1238.415
1648.846
1611.7354
1443.923
1420.9803
1401.1449
1461.4568
1210.995
1339.5633
1660.8561
1400.3124
1418.5706
1574.8532
1504.4471
1672.6295
1662.7179
1453.4934
1605.3759
1431.4468
1342.7438
1500.4719
1556.3639
1611.9969
1358.7708
1494.7167
1580.506
1539.7941
1624.6654
1488.7478
1516.4661
1672.0593
1546.1772
1633.7176
1610.1282
1477.32
1617.3564
1855.2603
1560.5153
1360.9309
1456.4394
1804.101
1523.5767
1360.2415
1337.51
1465.0955
1487.9461
1673.3415
1500.6099
1394.8467
1332.9547
1231.1286
1461.8172
1361.6455
1660.6795
1610.2369
1427.6926
1276.2429
1321.9678
1441.0546
1493.1456
1629.0465
1376.1424
1393.3496
1612.3845
1611.9533
1542.4594
1556.9838
1487.0367
1563.8818
1654.5145
1513.3742
1435.0378
1561.884
1559.0567
1548.1522
1420.0078
1559.6098
1869.0587
1591.2806
1737.9603
1757.826
1506.4727
1703.7725
1481.3614
1525.0965
1431.0228
1365.781
1520.7211
1649.2847
1585.1243
1331.1499
1564.5475
1762.531
1793.9195
1835.721
1682.1939
1439.4528
1615.6408
1717.3702
1671.9081
1541.7362
1619.5882
1565.3881
1637.448
1435.466
1484.0522
1504.0039
1615.9196
1170.781
1692.9999
1651.5131
1540.1606
1509.8169
1658.2877
1377.055
1324.729
1483.0075
1424.7389
1662.8107
1817.1413
1569.6796
1640.8613
1578.3656
1672.2603
1638.3725
1499.8526
1352.9328
1281.38
1597.9108
1552.9714
1656.0861
1583.0582
1271.7582
1397.7279
1234.3063
1433.7329
1321.5624
1429.1732
1471.0176
1622.6613
1462.4723
1484.0836
1732.8046
1496.2751
1643.3026
1501.9084
1430.7683
1602.0378
1456.0711
1337.9619
1609.5179
1612.9323
1477.3155
1504.5143
1539.1656
1265.8204
1427.9607
1354.264
1395.6858
1450.7239
1386.6981
1593.6258
1401.9241
1390.0183
1456.346
1614.6962
1509.4815
1558.6635
1289.5654
1449.4924
1499.4884
1684.7735
1484.1494
1683.134
1680.963
1583.9733
1736.9747
1424.8347
1411.535
1396.5203
1613.2675
1503.3379
1368.0977
1390.6531
1684.7551
1254.9587
1558.0669
1603.6511
1491.369
1381.0863
1425.2531
1438.3677
1598.0776
1567.7913
1186.4415
1351.5696
1388.8714
1237.1666
1329.06
1692.0515
1718.6294
1778.6085
1325.8921
1574.914
1644.9474
1544.455
1506.5363
1666.2556
1681.829
1432.2114
1529.2547
1506.4603
1559.8273
1657.8839
1581.9357
1562.5046
1499.5503
1875.4383
1648.1192
1807.9499
1679.1281
1697.4466
1466.0596
1731.9129
1733.6359
1465.6824
1740.8255
1573.0522
1733.7234
1644.9444
1429.0656
1582.1136
1356.058
1472.2629
1251.8507
1397.9323
1422.3671
1407.2414
1590.5115
1518.5347
1355.3989
1455.6536
1491.4114
1645.1785
1558.5429
1486.3038
1158.6265
1469.5199
1425.8011
1559.6466
1618.5548
1682.2226
1361.8755
1513.3233
1435.3439
1608.0764
1387.9743
1470.9966
1422.8133
1558.8733
1665.1009
1489.3729
1438.6563
1514.0748
1382.0396
1408.2225
1448.8276
1479.6338
1471.1852
1226.7231
1368.4586
1235.4462
1428.1237
1322.1137
1621.2867
1713.5247
1418.8198
1324.5241
1530.4307
1763.986
1332.2144
1520.1557
1634.6779
1680.4718
1753.0584
1584.9746
1475.1887
1686.4722
1703.8416
1663.4841
1469.313
1544.8331
1421.5763
1472.5041
1535.353
1681.3719
1552.7689
1734.6143
1514.2302
1564.2536
1240.319
1553.9516
1586.6017
1773.7074
1334.4025
1597.5209
1695.6196
1621.8458
1453.1137
1422.699
1720.8566
1390.4349
1482.4479
1456.6637
1512.5736
1539.8929
1404.6193
1404.7218
1565.6933
1591.5959
1614.4324
1298.5808
1654.0824
1574.8364
1453.753
1347.4866
1291.8748
1397.9103
1272.4867
1369.5176
1416.8051
1559.7259
1451.485
1541.8628
1482.4989
1578.7188
1367.2881
1146.6288
1411.6861
1377.7391
1401.6349
1560.5103
1170.7437
1417.7374
1122.061
1352.3925
1401.6136
1516.758
1519.6997
1426.5043
1531.3971
1471.0805
1588.4727
1377.5853
1415.1443
1546.315
1244.8043
1569.0178
1548.7284
1610.9098
1373.35
1655.0214
1634.1794
1658.137
1542.0635
1386.7867
1422.0267
1517.0729
1447.7
1588.5041
1438.8594
1506.8319
1558.3062
1369.9367
1610.3751
1644.4968
1628.6599
1623.9181
1251.6877
1492.5675
1414.6051
1700.4547
1732.7698
1626.4122
1422.6872
1078.7661
1500.2556
1483.9178
1618.7055
1394.8034
1687.5616
1509.9171
1454.0023
1228.706
1449.6867
1207.364
1185.0271
1219.1639
1552.072
1466.893
1727.5215
1505.5083
1506.0644
1243.1451
1397.992
1306.3659
1616.4664
1652.536
1604.5123
1339.5759
1278.3104
1618.9
1660.6108
1742.7435
1463.3798
1713.7745
1691.928
1512.6387
1511.1999
1510.6927
1652.9155
1477.1237
1485.3873
1515.5947
1517.2312
1604.9849
1385.35
1476.196
1289.4241
1039.562
1480.3472
1608.5846
1535.3414
1647.3681
1568.512
1369.9306
1557.933
1436.957
1568.403
1255.4252
1265.9158
1369.4355
1388.6309
1396.9848
1425.7682
1391.828
1343.1926
1227.9021
1409.4288
1646.3316
1307.1745
1522.6067
1563.1336
1549.8173
1574.4609
1409.2433
1322.5651
1305.9768
1443.3184
1334.1432
1157.385
1490.336
1422.3195
1430.5913
1481.0251
1353.0571
1750.7232
1465.6249
1661.6647
1402.6922
1659.4845
1503.6377
1311.9744
1148.0201
1529.0356
1459.1857
1753.816
1639.3011
1541.583
1358.693
1438.3147
1343.1925
1359.2143
1406.1787
1536.0789
1542.4742
1403.0781
1402.1685
1400.2799
1462.7591
1356.4111
1466.7039
1639.6912
1467.1849
1608.3762
1893.0902
1421.7882
1655.3443
1696.698
1406.4027
1325.1245
1550.2837
1393.7933
1514.1659
1631.2574
1376.4216
1494.9964
1462.551
1232.5805
1469.7569
1356.4838
1155.8224
1438.2457
1480.1144
1801.1179
1477.0419
1380.3253
1366.3313
1393.4255
1348.1327
1377.7549
1656.5012
1554.2575
1535.8705
1496.5336
1683.1006
1428.95
1939.9389
1586.2792
1605.4694
1676.492
1589.4898
1822.5284
1544.0392
1796.3283
1374.2707
1687.985
1600.4062
1257.7163
1554.7978
1426.7954
1651.4717
1539.5971
1621.304
1649.9094
1566.2743
1631.5482
1482.1379
1559.8872
1563.7791
1378.9394
1511.0947
1319.2064
1413.6331
1505.6858
1432.3216
1581.826
1440.6711
1532.2008
1499.6524
1546.752
1722.4281
1711.0543
1480.5208
1526.3936
1516.0019
1233.8886
1475.2142
1718.4329
1772.2213
1182.5958
1406.1865
1509.8977
1426.6367
1399.6346
1451.4217
1518.014
1446.2791
1330.6841
1542.7107
1455.3321
1448.697
1499.3279
1403.5108
1483.4626
1593.7545
1531.6201
1336.9682
1224.8258
1172.5183
1297.3509
1749.4743
1511.7002
1653.7732
1608.2354
1577.5686
1459.6093
1363.2312
1533.5001
1325.5701
1505.8983
1433.2488
1233.2087
1156.3458
1422.1055
1537.6176
1780.9798
1740.1645
1257.2688
1024.7646
1595.1233
1539.1564
1615.9717
1715.3828
1789.9625
1302.6251
1460.8196
1406.6578
1738.1877
1525.9302
1765.8332
1424.8916
1418.3091
1573.8425
1389.485
1408.1084
1506.6367
1502.0689
1749.5511
1612.4036
1544.118
1580.9466
1193.1338
1322.6184
1452.5043
1410.2977
1421.227
1468.8961
1364.2308
1572.1769
1479.6341
1540.2464
1611.0721
1454.1403
1755.6309
1588.1038
1376.5378
1374.8478
1658.5389
1664.9607
1581.3985
1362.9595
1389.181
1522.2002
1673.5864
1906.412
1624.0915
1563.6806
1454.9759
1606.2094
1753.1925
1749.7327
1469.3563
1598.2733
1328.3409
1610.8108
1829.5805
1495.1635
1474.619
1491.6528
1590.8763
1500.9308
1523.9749
1559.0554
1544.9176
1654.4534
1437.7465
1876.139
1391.1419
1364.5641
1130.9205
1426.5878
1539.5727
1679.7485
1837.5852
1469.3289
1521.6041
1429.9706
1431.9165
1349.7025
1389.1311
1759.4668
1737.9325
1421.6219
1694.9967
1481.2484
1525.3455
1665.3588
1250.998
1515.1145
1324.104
1485.8283
1451.6303
1342.0812
1351.0264
1827.216
1561.2368
1591.9125
1548.8978
1478.43
1556.7055
1529.0645
1576.2603
1402.4048
1587.5817
1660.8165
1478.6308
1385.7303
1591.1793
1621.2142
1560.2819
1735.8691
1251.1731
1554.6587
1671.8767
1492.1122
1510.2951
1576.9137
1019.5873
1496.7385
1361.3619
1385.9928
1449.495
1443.1499
1161.3469
1542.7509
1632.5753
1469.2041
1481.2982
1638.4714
1389.4952
1337.8046
1417.0819
1588.1441
1416.6895
1546.9386
1423.8233
1440.1645
1433.3738
1551.0765
1299.8666
1587.5965
1472.1224
1726.4842
1243.1724
1164.2849
1280.4911
1390.3311
1397.3601
1602.0281
1583.6306
1383.9769
1523.4309
1578.6409
1709.4972
1741.9999
1875.3741
1600.8491
1379.0838
1412.8279
1526.0128
1616.0964
1560.4213
1552.6393
1517.5184
1544.468
1701.7454
1464.4787
1722.5253
1571.4532
1626.1893
1224.651
1741.6747
1739.546
1427.9249
1528.6182
1368.8482
1442.0221
1728.9562
1415.0031
1502.2987
1255.5413
1361.3819
1617.2289
1656.4922
1570.3215
1639.1025
1569.6293
1607.1526
1352.109
1573.5244
1388.007
1167.3537
1501.503
1418.7323
1490.4692
1516.289
1442.4097
1304.2208
1392.1537
1582.7191
1569.2134
1536.4329
1629.718
1727.3955
1630.28
1241.1682
1619.3046
1612.6192
1552.7277
1361.073
1636.4599
1467.0893
1519.4068
1481.5937
1624.3455
1527.2499
1564.9852
1729.6894
1645.2388
1705.3642
1631.0981
1879.7511
1799.0944
1483.8783
1699.4153
1416.6793
1312.7039
1439.976
1620.2535
1328.387
1467.1857
1311.7853
1279.7722
1431.7415
1459.8708
1416.8778
1345.4742
1439.823
1504.507
1475.5198
1578.7036
1578.7443
1415.4829
1557.3073
1391.8196
1527.9969
1507.2859
1507.6969
1512.1688
1436.7667
1223.1868
1324.4171
1486.761
1466.3537
1427.2245
1264.7926
1355.8636
1491.1703
1431.2862
1294.1098
1375.1282
1330.0731
1265.7286
1408.2703
1635.2876
1262.594
1278.565
1458.6424
1310.8734
1612.7362
1363.7237
1375.3108
1358.5084
1336.4031
1199.5922
1662.4153
1385.7193
1408.2035
1592.2108
1346.2352
1301.884
1300.302
1093.484
1334.578
1531.867
1647.1604
1187.7942
1236.8747
1470.6879
1316.8096
1439.4557
1429.9822
1293.1419
1225.4058
1336.2043
1468.8212
1485.8439
1567.2258
1579.2931
1310.4558
1419.0747
1395.8176
1207.501
1409.2663
1406.3068
1483.7334
1734.1275
1478.1341
1268.9651
1512.4709
1152.8839
1333.6024
1224.977
1324.6999
1526.5872
1661.724
1607.3509
1304.0594
1318.1038
1407.5046
1106.1244
1530.1997
1608.0933
1257.21
1373.0061
1176.4948
1312.1295
1314.2075
1315.1754
1467.503
1747.5443
1627.4799
1348.5949
1465.067
1320.352
1371.6324
1445.6164
1512.5582
1321.9076
1441.9091
1490.3565
1534.263
1561.9877
1414.1274
1633.1032
1369.5944
1569.2009
1384.7565
1436.2303
1322.9656
1374.9494
1572.4932
1588.5917
1406.5361
1359.5387
1595.1808
1533.023
1454.9884
1396.3793
1321.1737
1308.7102
1537.0345
1263.1622
1512.3355
1479.3933
1369.3812
1291.725
1337.0352
1594.4565
1752.2992
1299.7685
1238.3541
1310.3164
1325.7964
1395.3986
1603.5561
1520.599
1699.4475
1576.1023
1308.7283
1360.0615
1474.5511
1466.3578
1641.562
1737.4108
1503.951
1634.963
1036.961
1209.9886
1487.3646
1528.0131
1460.8674
1381.9306
1254.7559
1244.4543
1442.9439
1637.7265
1371.7714
1087.981
1135.71
1316.8718
1322.5055
1762.5573
1431.462
1356.7005
1419.5756
1351.1709
1257.4185
1322.9073
1463.9649
1408.0458
1330.9168
1422.7468
1374.2343
1517.8785
1751.4509
1428.4782
1634.1911
1200.0687
1326.8919
1397.5934
1507.2472
1206.7354
1223.5577
1408.4935
1415.2073
1459.0283
1414.8337
1440.4751
1426.4242
1048.9148
1538.468
1473.1607
1487.3867
1618.4968
1347.317
1470.2754
1332.3958
1511.5159
1160.3969
1387.7596
1484.3137
1570.3121
1376.8975
1592.1498
1425.332
1286.6322
1575.158
1473.5064
1363.744
1505.8896
1389.6306
1350.5448
1550.5896
1548.434
1441.3813
1355.7724
1364.0594
1375.2184
1123.1681
1404.5113
1483.4949
1460.8356
1333.9333
1663.7736
1402.5291
1419.7123
1188.7272
1417.38
1469.9987
1521.0531
1559.9142
1634.8052
1300.2686
1459.171
1330.5384
1441.0489
1780.7439
1620.9092
1708.3246
1570.6996
1412.787
1364.132
1446.7825
1790.2573
1431.6195
1518.5636
1642.373
1565.5239
1489.37
1226.6892
1570.9269
1666.6059
1511.9573
1519.0879
1705.598
1420.0531
1239.3919
1514.006
1631.8157
1616.6692
1532.9434
1690.7601
1641.9204
1604.5736
1649.6465
1450.0983
1367.0996
1491.1981
1311.4202
1711.5974
1581.2861
1782.8928
1525.594
1430.8173
1698.8934
1558.1501
1416.9808
1471.9523
1494.8401
1611.8487
1343.4613
1320.0923
1448.0976
1491.8094
1521.1908
1698.9726
1769.1402
1830.8988
1351.1223
1355.484
1566.5338
1739.507
1536.0113
1357.2224
1465.5237
1371.4156
1355.1629
1352.4159
1716.5772
1571.843
1223.7572
1413.1962
1534.4298
1392.2316
1477.7611
1727.1757
1566.8909
1335.7543
1529.6355
1380.9369
1480.7519
1246.9842
1577.9898
1543.1063
1267.978
1421.682
1214.525
1350.9658
1236.5942
1444.1093
1456.967
1671.6374
1328.7266
1324.7681
1311.1036
1308.4461
1388.6895
1345.943
1754.0339
1319.8673
1530.6368
1336.9913
1320.9313
1146.9543
1267.1497
1286.4158
1306.8936
1435.829
1396.9696
1636.5164
1447.3715
1430.7838
1446.5929
1526.6622
1504.8897
1338.8713
1291.1968
1416.621
1311.5182
1566.9568
1450.0108
1470.5827
1441.7162
1395.0073
1389.4364
1577.0829
1654.3277
1379.4065
1517.6135
1506.954
1520.8009
1336.0882
1556.1963
1516.2567
1485.8908
1560.4618
1517.1913
1466.8437
1117.6613
1262.0396
1543.5343
1405.4647
1531.2164
1574.7939
1446.4569
1449.3735
1320.0648
1606.9113
1489.6775
1500.4201
1374.5614
1502.5673
1611.5119
1605.8063
1594.6575
1615.8134
1594.1154
1290.8427
1274.1183
1378.7443
1420.9127
1401.4645
1402.4897
1463.078
1703.3154
1619.2128
1256.386
1201.0947
1284.6838
1443.3493
1507.4685
1666.7415
1567.6008
1542.4173
1491.3966
1483.7135
1570.633
1487.2872
1254.6186
1237.385
1557.1403
1455.035
1508.6151
1554.1052
1279.0299
1402.9093
1451.6525
1185.9939
1342.9274
1360.4225
1393.1093
1181.6441
1524.5481
1528.3399
1490.2024
1468.2407
1609.5733
1350.3693
1291.9018
1487.6657
1335.3534
1635.807
1327.5424
1275.9706
1237.7306
1429.4198
1458.4553
1535.3286
1597.9364
1504.5288
1609.021
1777.5395
1378.9499
1247.3969
1472.4167
1313.7415
1652.634
1476.6651
1241.6316
1643.3956
1349.6184
1516.8687
1433.8156
1675.1996
1683.4376
1516.2695
1697.1903
1590.1924
1339.7072
1540.4745
1488.5141
1614.5281
1439.7082
1489.3288
1620.0531
1683.7587
1325.5173
1688.9277
1368.2148
1657.1716
1493.5835
1640.1125
1562.8497
1599.3839
1500.7655
1454.1452
1312.4365
1346.6344
1438.6054
1300.444
1484.4883
1233.8302
1447.6658
1588.1464
1331.501
1363.7735
1308.8933
1595.6801
1231.8415
1536.6621
1722.2017
1445.7583
1347.9919
1375.1516
1425.7976
1415.7218
1572.0319
1405.6576
1602.6924
1330.5533
1561.4605
1349.956
1465.0495
1380.0325
1306.68
1229.5385
1528.9702
1554.7154
1796.8138
1404.4112
1581.4546
1547.0643
1391.2142
1184.7778
1075.2065
1448.1049
1141.2323
1367.4362
1560.2195
1423.3475
1287.4349
1015.6359
1346.1559
1309.6961
1641.0655
1676.0088
1527.2132
1332.1008
1495.0865
1268.5047
1458.8639
1540.223
1505.2434
1602.7106
1357.6854
1372.2417
1146.3888
1472.2979
1273.6412
1274.4019
1439.5837
1334.1761
1445.7338
1357.3351
1468.7653
1655.8755
1208.7295
1323.5279
1140.559
1267.1244
1447.9563
1358.9624
1375.0582
1307.5486
1380.526
1431.1668
1210.6517
1372.1676
1312.7868
1308.7472
1401.6102
1398.582
1343.6723
1318.1841
1499.115
1656.5313
1417.7048
1402.1886
1412.5274
1366.3868
1481.5737
1489.7856
1330.4381
1231.5829
1448.2815
1479.5274
1356.0722
1407.1123
1546.8762
1415.7324
1531.7183
1724.1553
1607.6867
1108.0254
1534.7463
1576.1018
1453.5717
1365.2131
1498.7269
1409.3639
1516.4595
1318.4536
1611.4968
1406.4382
1377.4071
1162.3132
1455.2704
1412.07
1552.0106
1324.3273
1471.2353
1428.6487
1245.1032
1489.9318
1510.3869
1451.5316
1441.0631
1663.5078
1550.6399
1533.2244
1354.9606
1504.1044
1585.6523
1466.8818
1388.2883
1284.1856
1540.0394
1605.9226
1768.5566
1546.4086
1523.0898
1498.6331
1148.4233
1482.9486
1516.7877
1674.2883
1808.253
1271.7729
1500.5773
1634.0869
1661.8088
1254.3784
1236.193
1785.4325
1324.0608
1302.5569
1527.7151
1475.4258
1428.5149
1413.6439
1191.9631
1160.4852
1487.9628
1258.4778
1262.3187
1184.3224
1549.3382
1384.7856
1517.537
1314.8389
1289.1191
1278.7406
1643.2161
1471.8749
1401.2471
1211.3111
1158.7335
1311.5103
1463.6238
1429.211
1351.6646
1375.6943
1021.3853
1265.6248
1341.4375
1059.3328
1117.8952
1531.1686
1432.6466
1324.4728
1537.0031
1450.2422
1424.6384
1046.08
1527.401
1134.4167
1247.5328
1501.2397
1350.9889
1448.1342
1437.0779
1205.6718
1522.3635
1252.8238
1607.4634
1333.7984
1468.913
1471.7722
1679.1585
1519.9505
1286.2043
1544.6428
1522.7296
1160.8692
1464.8928
1373.3841
1298.6777
1112.6167
1247.8029
1202.256
1069.156
1359.3595
1350.3185
1321.9747
1398.75
1201.1056
1140.1961
1230.738
1187.3048
1302.0466
1274.8883
1108.2607
1204.8297
1313.3406
1128.1645
1367.9807
1388.5094
1146.0617
1490.4696
1703.2629
1513.5428
1849.9498
1390.5717
1227.0536
1560.9687
1601.9982
1513.4984
1539.1963
1413.859
1534.4825
1305.5601
1274.6971
1481.967
1413.3926
1293.9124
1596.9143
1315.1435
1301.1454
1297.3666
1401.4382
1522.8719
1505.1359
1430.5796
1446.6531
1345.1095
1533.9537
1117.094
1447.3468
1432.8637
1187.7962
1399.812
1509.3597
1409.8304
1443.2002
1457.4292
1649.3275
1268.8548
1550.177
1650.2795
1416.6164
1656.221
1570.1942
1411.2463
1630.4378
1561.8897
1373.3042
1837.6258
1562.3939
1629.4845
1401.0112
1599.7389
1493.6281
1591.0786
1621.1693
1469.7789
1509.98
1436.1635
1419.9531
1260.2441
1507.7205
1599.6827
1202.3225
1394.4134
1470.4655
1064.3202
1205.9656
1406.2571
1303.8748
1295.3782
1356.7975
1206.6189
1405.7571
1418.3712
1287.1193
1219.255
1213.7815
1577.5831
1426.3817
1178.0824
1229.6474
1367.4929
1383.6005
1489.7088
1384.4698
1254.9432
1376.1651
1410.669
1456.7536
1359.1553
1343.1863
1256.1321
1412.6551
1347.6119
1461.2669
1454.4913
1409.8316
1528.2453
1549.7724
1619.2668
1361.8127
1494.862
1250.1327
1206.6311
1298.4593
1582.0172
1568.8866
1514.4242
1474.99
1440.4399
1414.392
1186.8962
1198.0407
1328.0269
1651.4699
1465.2845
1431.5501
1377.341
1571.2776
1465.0973
1380.2754
1759.7054
1715.0986
1422.6356
1367.6399
1357.5809
1513.8205
1365.2046
1541.5306
1639.616
1565.0859
1336.8449
1288.8887
1184.8676
1188.9381
1258.0929
1522.8676
1650.1312
1548.0939
1626.7091
1223.1822
1469.0623
1512.2853
1319.5911
1410.5597
1260.1505
1173.1261
1328.1303
1313.9947
1319.0106
1504.4044
1317.0235
1464.4348
1307.601
1739.3679
1553.2978
1240.2657
1260.3006
1285.3814
1182.2861
1340.7411
1564.2187
1500.675
1370.0718
1208.69
1456.8541
1400.615
1373.0956
1245.9574
1317.7516
1484.6717
1455.8086
1443.2697
1337.1197
1656.2941
1578.2723
1710.762
1484.9618
1507.1474
1484.6411
1390.4798
1397.7457
1308.0694
1171.6892
1245.3164
1268.3213
1606.8258
1587.4725
1294.6092
1556.8401
1590.5472
1410.4792
1483.9024
1694.9756
1284.2867
1585.9271
1198.7917
1133.0794
1204.8616
1563.8084
1432.6622
1400.2364
1499.7268
1589.7804
1640.573
1306.3328
1305.5623
1425.114
1407.7291
1491.9711
1325.9795
1468.9871
1446.1496
1319.137
1416.2611
1437.1043
1391.807
1245.7529
1473.9055
1353.4571
1502.8941
1236.527
1420.5681
1382.722
1333.8248
1373.8178
1339.4692
1450.7243
1643.8062
1626.2989
1471.8162
1347.1535
1345.2573
1576.1633
1484.1551
1361.7441
1292.4597
1146.4612
1432.7046
1598.0365
1500.6284
1439.5787
1447.6028
1234.1447
1266.3296
1470.1274
1497.616
1327.1685
1459.0193
1483.3408
1647.0468
1262.0518
1365.3438
1455.712
1429.7051
1455.1595
1515.9169
1433.9477
1499.2154
1371.6342
1548.7106
1533.8713
1442.8411
1507.4503
1348.5511
1420.6818
1478.1478
1728.7938
1726.4215
1693.0395
1395.5672
1507.7832
1435.2258
1640.1203
1461.6114
1231.5692
1602.8215
1410.0061
1563.8012
1382.7827
1355.1901
1075.6309
1301.429
1653.0611
1544.1924
1535.012
1661.4073
1157.6311
1715.4439
1148.2091
1348.014
1503.1729
1318.0715
1319.9602
1302.5652
1465.425
1436.2586
1120.2251
1821.7667
1513.2894
1255.5067
1308.8463
1419.4965
1353.3626
1587.6424
1422.1454
1784.5182
1477.3729
1515.9113
1488.7357
1174.5307
1331.3755
1396.6434
1303.5895
1323.5636
1274.8472
1167.8705
1316.743
1456.5277
1459.4234
1197.7353
1413.3284
1356.1646
1683.0948
1527.0346
1442.3765
1440.3869
1402.1058
1337.2614
1357.7751
1490.364
1456.8642
1631.7377
1648.9748
1548.9917
1302.3475
1402.1481
1343.9952
1415.3437
1601.7972
1564.4016
1445.5602
1255.902
1304.4471
1319.9257
1435.9081
1493.6315
1493.9675
1436.1539
1447.8301
1449.0966
1161.1168
1284.9096
1466.9084
1497.4378
1400.811
1206.7583
1352.4606
1284.435
1364.3017
1279.2476
1598.7805
1430.8713
1333.8929
1544.5578
1377.5887
1310.1568
1472.4217
1526.4547
1303.9676
1414.012
1394.4965
1409.6895
1548.5325
1380.0525
1345.974
1534.7735
1551.2157
1336.4388
1450.909
1448.6928
1640.1024
1630.7861
1576.4669
1439.2737
1435.7321
1547.9665
1428.4132
1539.1973
1727.4163
1362.7235
1265.9164
1437.0806
1269.1687
1602.479
1336.173
1498.8777
1470.0065
1516.2584
1550.2126
1202.5361
1190.8545
1537.2932
1489.1428
1487.0794
1369.7389
1563.3563
1397.2071
1503.8968
1448.9048
1583.3838
1594.6506
1665.0406
1523.755
1179.1762
1459.4763
1717.7429
1470.4941
1467.2614
1528.6849
1317.56
1586.4913
1348.686
1438.6316
1463.351
1522.854
1542.1848
1702.8872
1536.9958
1496.9344
1280.498
1557.0773
1476.0014
1340.6428
1528.8183
1585.684
1366.0368
1330.6154
1519.9512
1341.6708
1426.591
1484.1862
1344.147
1405.7924
1461.93
1593.2334
1609.1434
1216.7353
1475.1389
1489.3236
1198.8331
1489.2807
1606.9741
1352.794
1582.5402
1219.504
1374.4271
1532.6076
1602.8328
1480.7087
1362.4999
1351.7776
1424.5878
1442.2381
1556.0984
1434.2597
1264.7014
1575.7122
1614.7409
1599.5103
1574.434
1477.9137
1264.917
1341.0578
1468.2948
1692.444
1513.5605
1520.4833
1331.4391
1324.9494
1239.1926
1312.1499
1447.1505
1291.2522
1441.1876
1514.2893
1413.9742
1790.7138
1479.5574
1398.161
1649.0227
1237.7415
1478.0964
1480.9722
1553.3226
1375.7057
1433.1128
1038.7838
1366.6224
1533.5292
1272.9753
1451.9957
1441.0285
1401.2437
1445.9223
1398.7934
1312.975
1576.7761
1472.8428
1284.0499
1486.4747
1322.6902
1319.0466
1254.1314
1252.3653
1287.172
1250.6875
1434.2111
1328.6718
1520.4159
1415.4119
1247.4736
1340.2914
1449.0115
1501.6505
1538.9629
1393.156
1487.4776
1257.1724
1522.714
1268.0666
1239.1019
1319.6072
1344.2661
1468.3644
1134.7763
1069.3146
1189.8654
1281.187
1527.0309
1412.0862
1539.6283
1443.2199
1204.9732
1417.866
1361.2624
1511.6439
1217.4286
1171.7717
1626.2169
1420.5889
1586.148
1415.8527
1711.9906
1437.3961
1258.7691
1168.0472
1184.2512
1350.3715
1376.3308
1634.9201
1350.6667
1515.9499
1606.7275
1391.2759
1289.0412
1373.4478
1577.7492
1666.8517
1601.7721
1323.1486
1464.4058
1429.2281
1548.4782
1418.7877
1620.9439
1351.7457
1539.5104
1291.0799
1661.7824
1421.5719
1612.6023
1504.969
1458.3429
1576.8704
1364.9976
1291.7567
1444.2184
1410.7571
1591.544
1545.8581
1741.5164
1431.8646
1161.1613
1579.2091
1321.0598
1357.9418
1354.9289
1176.8067
1428.6005
1512.264
1602.0519
1371.2534
1580.8047
1458.2976
1315.2778
1419.13
1687.9291
1576.7497
1521.2603
1366.4215
1370.189
1374.5625
1434.7917
1308.0454
1430.0585
1797.1963
1441.8523
1493.5131
1517.1607
1571.8749
1355.4217
1688.8135
1550.2379
1622.4752
1474.8792
1410.597
1576.94
1555.4975
1562.2973
1286.5217
1344.4857
1213.9988
1368.914
1399.1013
1256.5
1477.4803
1340.9945
1263.804
1239.5901
1346.2633
1344.8209
1374.9492
1275.9613
1511.4388
1526.4245
1420.1789
1397.2918
1379.7767
1416.1789
1751.6443
1746.7933
1746.2624
1777.7322
1530.1843
1662.1231
1440.3331
1146.3101
1248.2681
1347.6395
1297.4339
1181.8082
1352.1825
1344.8606
1554.5757
1308.3525
1233.7744
1127.2305
1135.8314
1437.0413
1469.5481
1656.1106
1738.3111
1453.0596
1484.3574
1464.6993
1411.2999
1469.2925
1563.4214
1508.694
1155.1067
1261.45
1337.0958
1036.7097
1311.7523
1269.4163
1619.7236
1538.3066
1318.7748
1331.3869
1374.5412
1443.943
1533.4567
1577.0607
1327.1384
1553.27
1245.1057
1245.765
1621.0543
1398.6738
1413.2893
1413.2445
1586.3221
1489.3074
1338.2107
1336.4999
1420.2652
1376.7021
1238.4297
1174.4529
1465.2758
1326.4403
1533.8284
1512.0125
1572.2502
1343.4165
1264.6874
1433.9093
1642.1888
1333.7311
1440.0545
1394.4464
1506.3781
1294.3607
1360.8384
1494.3725
1598.425
1370.5507
1237.2231
1397.122
1574.6819
1525.7528
1596.6704
1471.1011
1513.3583
1404.9427
1563.3803
1610.6907
1600.7647
1536.6953
1407.7048
1481.4989
1344.1956
1524.8958
1643.8106
1405.692
1313.5386
1271.8237
1236.677
1408.7655
1487.5872
1682.371
1342.6029
1419.9682
1259.7271
1493.0473
1343.8833
1361.5611
1408.9044
1541.0022
1390.6863
1487.2607
1345.6717
1281.4077
1415.235
1381.69
1567.5929
1503.878
1242.4863
1345.068
1349.8751
1472.1532
1274.8313
1276.3067
1180.4911
1093.9204
1333.329
1444.614
1726.9075
1419.1753
1512.5009
1306.8757
1232.3993
1440.3227
1410.5906
1427.5752
1510.3319
1538.472
1492.7495
1493.7944
1376.1881
1589.2242
1404.862
1586.3168
1459.9078
1548.6272
1439.4437
1696.0597
1525.889
1439.8079
1586.9168
1528.4581
1314.6043
1810.2986
1263.2478
1372.7521
1410.7195
1630.826
1439.4166
1550.0437
1573.5987
1295.8747
1564.1226
1283.4312
1522.8433
1622.2644
1486.3667
1550.3939
1571.1084
1506.0176
1310.7011
1434.7331
1398.3193
1442.1595
1420.8888
1513.8459
1500.3674
1687.4171
1327.1816
1405.9448
1245.9192
1389.2838
1396.4045
1556.9237
1483.5112
1231.8919
1276.786
1098.2459
1235.3742
1303.398
1367.2637
1205.2732
1351.167
1277.1445
1399.7995
1735.8275
1391.8888
1401.891
1450.3141
1417.151
1343.3452
1518.8683
1504.0954
1545.3184
1626.5065
1569.8539
1547.169
1290.8871
1494.7467
1487.8429
1738.5327
1544.1742
1470.2951
1143.3037
1308.6438
1496.5355
1554.9715
1254.8637
1214.3652
1301.0539
1270.547
1379.7412
1376.3971
1506.1044
1554.9265
1354.7335
1307.9164
1330.9238
1513.8845
1299.8842
1289.2321
1357.0805
1627.1611
1423.1109
1321.7481
1135.5861
1140.4643
1251.5291
1383.0273
1135.0772
1553.5857
1451.3632
1414.2169
1263.4079
1383.1897
1404.1793
1524.7001
1436.8394
1504.6891
1434.6722
1451.4707
1231.2307
1263.8235
1207.3847
1221.467
1516.1789
1458.2783
1301.4319
1237.8528
1352.8575
1317.3104
1566.794
1542.4258
1738.2355
1680.4388
1588.5664
1599.6762
1273.656
1435.3724
1448.9147
1320.5374
1226.4903
1574.3511
1759.98
1562.4861
1490.3941
1512.9642
1316.3344
1582.9731
1272.4027
1338.0985
1337.1
1650.3005
1634.4164
1703.431
1298.2962
1158.6406
1143.647
1125.155
1489.0871
1448.4688
1430.8783
1781.0331
1229.1874
1390.2683
1498.8404
1190.2407
1435.4802
1527.0422
1491.6755
1319.0313
1560.3135
1359.6282
1324.155
1476.8047
1503.3462
1622.8731
1186.7235
1374.3753
1237.4543
1344.9245
1397.1539
1577.3036
1691.0688
1447.2765
1523.712
1582.4896
1304.3025
1537.98
1174.2136
1506.0412
1636.1849
1486.341
1521.6086
1218.1521
1275.8167
1435.8246
1664.2023
1487.3544
1426.7201
1285.2003
1436.5659
1556.7116
1388.6813
1344.315
1224.5121
1462.4984
1468.767
1552.1266
1397.5454
1473.2742
1310.2049
1456.7
1553.4761
1337.5409
1601.6296
1451.7883
1613.343
1483.1115
1721.192
1496.5543
1582.8902
1346.4078
1288.6709
1427.7384
1499.9426
1570.7184
1663.3804
1314.4022
1417.3017
1338.0697
1510.3092
1467.2351
1503.6135
1414.2512
1552.0084
1391.0734
1361.3079
1399.0602
1517.238
1549.1188
1719.5375
1498.781
1532.8218
1400.6783
1514.3869
1389.2989
1671.6144
1298.7791
1450.6699
1180.0789
1756.1204
1544.0427
1548.0859
1577.5707
1315.4654
1460.678
1550.3177
1469.6718
1706.2238
1431.1274
1304.4894
997.18858
1414.5881
1503.0094
1296.3582
1356.4136
1451.326
1402.4442
1791.0702
1273.2261
1278.1799
1165.7219
1517.0236
1646.7134
1654.1705
1719.8242
1523.9358
1551.6578
1348.254
1547.0985
1616.1678
1476.7082
1449.5511
1205.1101
1519.781
1379.9823
1168.2913
1353.7433
1257.3465
1214.7689
1508.2768
1452.1072
1328.4207
1525.6772
1389.2142
1291.0873
1196.2895
1412.2147
1598.0971
1123.0697
1491.599
1703.2635
1229.9078
1345.2322
1301.9328
1301.1984
1448.7501
1402.791
1389.9758
1277.1102
1565.8357
1474.6875
1330.567
1475.5724
1481.6651
1169.7788
1561.1961
1301.6157
1341.6678
1407.5484
1408.4038
1423.5826
1569.9632
1352.0017
1274.7541
1497.2311
1589.5592
1439.0819
1539.3611
1517.4223
1361.5824
1350.8634
1547.5789
1386.4719
1412.0207
1474.3209
1600.6211
1395.9938
1378.941
1431.6878
1618.8654
1447.745
1538.7802
1348.6682
1329.4273
1436.0128
1610.6813
1503.8403
1617.1145
1604.3476
1617.1358
1664.7648
1533.5148
1698.1439
1425.5945
1582.1331
1495.0058
1458.1732
1447.0573
1283.4403
1211.5306
1324.3189
1280.0837
1508.2725
1527.0383
1352.4127
1593.8415
1645.8366
1525.0969
1518.7298
1634.0531
1349.2689
1463.9024
1888.1787
1752.9759
1596.2313
1582.1517
1318.4118
1330.2012
1211.9315
1574.4855
1593.8264
1675.6955
1596.6813
1468.9118
1200.0053
1410.5228
1448.6499
1465.6742
1739.6572
1504.0881
1463.0734
1640.0424
1735.2182
1401.2626
1616.6485
1479.1776
1511.7182
1529.1138
1498.6635
1472.3499
1483.1104
1386.5885
1448.8436
1637.762
1570.2972
1577.9027
1737.5411
1562.3068
1525.9642
1605.2514
1479.4201
1616.7492
1564.3185
1321.4421
1603.0973
1426.1781
1541.859
1494.0585
1342.0008
1462.9318
1438.1762
1484.2701
1474.1404
1383.1129
1689.7848
1228.7002
1488.0622
1460.567
1432.0479
1324.5383
1264.4594
1218.8928
1272.6949
1248.1393
1384.7615
1288.9764
1312.3807
1284.3257
1432.7141
1405.9656
1481.0348
1538.9779
1526.1654
1644.1126
1154.5008
1304.9448
1401.072
1435.1278
1360.0193
1340.3134
1531.2533
1711.4428
1434.3532
1223.0861
1531.3491
1464.0845
1591.4539
1338.0292
1521.438
1496.8338
1547.0519
1365.9178
1684.4579
1527.2777
1562.1763
1322.3623
1419.3281
1591.1493
1525.9769
1356.3916
1490.2513
1674.9006
1601.0603
1446.106
1153.4755
1501.5535
1558.9063
1541.6405
1319.4994
1353.484
1493.2716
1613.9877
1280.2208
1465.2445
1557.7686
1453.4286
1395.0519
1309.8621
1383.1612
1427.1148
1610.1078
1321.6752
1594.9001
1518.3345
1562.5996
1321.6695
1566.8145
1522.5772
1617.147
1243.6161
1351.2651
1471.9616
1698.2974
1650.4013
1459.6299
1472.4414
1549.1714
1478.5921
1372.5847
1781.6158
1469.7133
1511.5922
1422.5956
1481.5602
1478.3137
1466.7622
1514.4519
1616.892
1485.5418
1398.6642
1505.7148
1557.2085
1772.6759
1586.4839
1599.2269
1571.5417
1529.8314
1458.427
1391.2137
1609.4471
1324.73
1490.9508
1510.7728
1624.4735
1380.841
1315.1351
1493.4237
1644.7382
1769.6713
1715.3978
1462.4134
1646.7404
1330.5189
1522.917
1549.7682
1437.7115
1672.6738
1462.7729
1373.1828
1362.1755
1481.8127
1653.3775
1636.8431
1484.9531
1534.2132
1383.6059
1310.0723
1295.2938
1425.7891
1598.4199
1799.4705
1507.5223
1620.9571
1490.4857
1595.7507
1368.9641
1525.9344
1778.7984
1598.0962
1642.1293
1690.3533
1779.8045
1571.0397
1332.1902
1395.2924
1286.2977
1565.2776
1773.6332
1532.7821
1443.9757
1391.2725
1402.9213
1638.3966
1506.6008
1509.1175
1496.0517
1559.8999
1511.4757
1444.855
1533.0483
1285.4457
1354.7969
1759.2583
1502.4124
1617.1927
1311.5435
1306.1821
1326.8894
1490.5182
1475.9798
1744.834
1707.6389
1536.6594
1612.8733
1363.2833
1609.8567
1532.0254
1289.4962
1397.8125
1507.9714
1455.4728
1653.3555
1417.7697
1366.5383
1223.3182
1531.5127
1476.0378
1313.3527
1259.8372
1416.8507
1484.4778
1497.1347
1382.2406
1457.3135
1663.7589
1230.8662
1410.0644
1655.1648
1542.3662
1559.8967
1440.7681
1513.7434
1416.3459
1478.3819
1285.5382
1374.9703
1259.8062
1243.7045
1161.2588
1552.5897
1547.7107
1530.5785
1512.699
1465.3796
1546.9306
1581.7652
1552.6618
1274.6601
1177.9225
1198.339
1549.3751
1333.3133
1426.4354
1350.8682
1504.1584
1424.5459
1393.5194
1332.0306
1445.2944
1410.0244
1308.3101
1707.6707
1428.9956
1512.6509
1390.4516
1322.7457
1289.0721
1458.359
1425.307
1308.6274
1414.2495
1470.6132
1625.023
1566.6339
1677.1864
1489.0827
1517.9233
1539.6106
1449.6557
1411.7262
1280.8185
1087.0029
1510.7302
1506.2453
1697.8496
1326.6405
1443.7389
1364.47
1602.4556
1568.2367
1642.1591
1616.3427
1581.048
1416.6579
1349.2369
1512.3491
1464.0522
1565.3012
1482.6878
1440.9005
1092.8219
1510.8711
1623.7227
1311.5338
1425.1097
1390.4081
1398.5193
1477.6649
1204.4267
1477.6717
1496.0276
1414.6375
1305.044
1314.3764
1415.3926
1443.491
1298.7902
1509.4502
1446.2979
1187.3195
1387.4232
1105.0252
1443.1017
1466.2201
1700.8226
1400.9686
1449.9131
1420.1819
1481.6438
1484.9344
1624.1353
1276.7454
1553.1722
1175.6381
1134.3634
1634.9444
1600.7807
1636.8353
1325.3285
1291.6915
1284.7992
1246.9646
1415.2504
1489.8424
1457.1939
1507.2107
1136.4012
1465.8082
1210.9866
1230.465
1586.1598
1447.6488
1381.1676
1590.0157
1411.0548
1255.8688
1395.1689
1438.1509
1284.3834
1364.37
1423.8262
1538.0541
1308.1175
1408.893
1693.3792
1653.0076
1577.6308
1806.1146
1346.4315
1379.915
1423.5354
1408.3786
1394.7086
1575.8796
1480.9849
1532.4074
1513.3246
1567.5064
1396.4455
1441.6962
1708.3519
1508.5237
1536.0684
1391.634
1316.8421
1383.6121
1364.9488
1379.7069
1632.2379
1527.3879
1704.6072
1568.6923
1612.9419
1493.1371
1552.3082
1025.1455
1451.2969
1335.5891
1479.0495
1300.3488
1393.632
1305.2328
1608.9384
1338.8951
1270.3873
1543.0965
1344.628
1657.9766
1474.9565
1460.3031
1621.8694
1274.0854
1500.5271
1522.5881
1443.5305
1686.4174
1531.5975
1609.3968
1677.7534
1690.0513
1503.1127
1028.7684
1470.6229
1294.4094
1247.3162
1334.5049
1366.6412
1513.8629
1397.2089
1295.2865
1335.3624
1290.9945
1266.1205
1380.0469
1480.413
1426.7252
1326.8296
1340.2929
1498.8969
1513.9758
1401.857
1597.0605
1605.2037
1346.6304
985.56843
1183.4506
1380.6402
1639.4143
1528.9842
1523.3297
1062.4835
1336.7301
1273.9794
1537.8434
1430.4534
1492.6418
1474.2229
1640.4742
1372.1721
1374.2916
1348.3696
1072.7202
1692.2231
1506.759
1461.6823
1495.7429
1454.6849
1504.7435
1408.7081
1427.4018
1542.1622
1411.8761
1576.9583
1606.4275
1636.8652
1562.2162
1553.7303
1487.0782
1676.426
1277.1236
1425.1484
1407.1582
1500.9995
1496.4259
1350.6253
1573.4546
1564.5142
1317.5989
1479.3539
1285.0162
1712.1315
1357.0951
1642.0026
1335.0293
1405.07
1403.4194
1538.4801
1698.7221
1460.4657
1566.9806
1367.1444
1306.7188
1486.3834
1365.3
1502.3009
1473.5687
1580.3286
1581.3095
1174.4851
1485.3595
1384.4036
1391.5381
1549.9597
1525.8187
1298.5709
1273.6016
1638.5718
1467.1017
1444.9331
1583.3587
1657.7076
1695.5945
1217.5059
1167.5944
1311.6249
1449.5954
1368.4796
1454.7683
1411.6053
1361.6684
1304.4149
1276.4671
1373.3157
1191.7442
1641.9289
1645.7994
1616.2602
1466.5583
1583.1437
1661.2524
1360.6918
1520.377
1559.8204
1517.3014
1285.4478
1135.2357
1568.7457
1464.5397
1508.5736
1561.9326
1544.5391
1257.6463
1276.8819
1645.2003
1669.4167
1586.9719
1203.4766
1363.9809
1274.9917
1289.2904
1431.7299
1410.2424
1501.2518
1575.5935
1510.747
1316.1996
1606.2364
1356.0525
1490.5815
1330.7922
1414.1512
1378.8983
1647.0884
1365.1043
1211.1809
1336.4698
1306.0949
1630.1205
1630.897
1408.5926
1298.4784
1515.543
1423.0362
1488.4116
1743.4347
1456.5393
1302.2687
1296.2666
1329.4005
1165.4026
1288.0135
1125.6624
1129.6731
1345.4124
1356.1541
1522.3168
1283.3565
1291.0845
1252.6427
1389.1183
1046.1234
1400.3033
1732.79
1288.991
1392.2226
1437.9241
1442.9788
1379.3901
1508.3837
1421.8763
1380.0242
1472.6677
1279.3443
1530.2892
1431.0466
1427.8645
1260.5986
1077.8679
1407.5388
1092.7831
1218.9144
1576.813
1311.0205
1221.3974
1463.5531
1508.2722
1510.7232
1490.9533
1456.0796
1298.8846
1338.648
1618.6418
1499.133
1470.1721
1527.5523
1409.2346
1526.2144
1564.5837
1618.4177
1560.7136
1693.4638
1424.2859
1322.419
1279.8944
1442.3863
1655.8596
1525.348
1577.7698
1652.7236
1368.5589
1647.378
1623.5522
1436.4615
1445.8393
1470.0793
1561.2381
1306.2069
1513.5197
1263.2013
1572.6046
1399.8875
1532.1852
1221.4161
1482.315
1458.4748
1261.0519
1390.2423
1461.5867
1408.697
1550.6757
1499.2892
1547.4366
1600.8699
1179.3492
1203.9493
1367.5188
1358.2669
1644.4649
1322.9267
1436.7148
1399.4944
1346.0207
1420.0531
1398.3064
1466.0892
1709.0295
1529.1686
1438.5039
1541.473
1387.1054
1295.0204
1122.0107
1468.4069
1732.5241
1870.7605
1802.6459
1634.7186
1462.5626
1313.1139
1481.8068
1472.8648
1742.9544
1629.3366
1669.6486
1705.1043
1495.4332
1514.3397
1346.8714
1488.2194
1464.1971
1685.1044
1542.6678
1345.86
1291.3607
1667.8402
1648.0333
1549.9102
1546.3507
1285.6295
1492.751
1784.1174
1373.7551
1664.8254
1536.6593
1543.4553
1570.8942
1562.5402
1330.1662
1544.1207
1368.0316
1538.4053
1520.1482
1535.6405
1387.8769
1307.5014
1331.1009
1087.7593
1330.0062
1428.3677
1333.1744
1535.902
1397.124
1285.1238
1385.7238
1270.1123
1348.3934
1346.984
1494.8013
1410.4203
1271.4715
1514.0026
1406.8312
1494.445
1453.826
1506.2156
1479.3086
1248.3236
1223.1699
1360.4768
1287.5987
1373.9492
1500.1302
1520.6825
1582.1036
1534.8461
1451.549
1518.5458
1296.1013
1568.3782
1388.0583
1531.0454
1248.3309
1399.6868
1263.4895
1529.9253
1446.188
1518.0645
1435.8123
1708.5463
1689.4757
1592.1352
1330.0209
1269.9457
1500.327
1398.1433
1506.689
1364.9546
1646.0796
1790.7757
1508.2222
1404.7468
1344.3237
1422.4736
1482.0587
1296.7942
1453.2526
1596.0947
1398.2696
1507.1362
1356.6878
1556.6391
1614.5887
1743.8158
1443.067
1474.7722
1462.6712
1394.9896
1271.4207
1797.8635
1519.6492
1463.0857
1361.1617
1567.007
1451.7921
1555.1899
1465.1721
1554.3574
1362.782
1508.3183
1208.0449
1260.0875
1561.9324
1711.731
1574.8928
1684.9243
1528.7745
1403.4935
1454.619
1170.3596
1542.3135
1505.7589
1684.1088
1415.1949
1310.8968
1385.2581
1671.4313
1361.624
1428.8494
1149.7327
1391.8649
1488.2651
1585.5829
1432.3019
1466.7441
1513.6653
1419.8084
1529.8793
1698.5457
1518.237
1424.8778
1514.4078
1493.1977
1670.7964
1444.8725
1260.8207
1251.0866
1396.056
1547.3262
1331.7304
1422.2012
1489.3003
1073.8555
1425.8729
1169.9241
1452.2061
1299.8364
1556.5632
1506.1866
1665.7366
1658.5896
1562.3921
1460.1717
1484.9897
1353.8287
1506.7697
1313.7455
1234.9111
1229.0943
1494.8758
1339.1384
1534.3613
1496.4918
1395.9335
1666.9935
1458.8837
1638.8449
1701.8733
1499.4768
1479.2019
1353.6721
1445.476
1228.6864
1498.9582
1575.4687
1432.0877
1544.1209
1774.0296
1487.7407
1660.3721
1775.5843
1268.6645
1580.9994
1418.1666
1454.4674
1452.7937
1418.1605
1518.9044
1577.8164
1493.5369
1491.8742
1481.3969
1188.6228
1314.8868
1539.2035
1470.3868
1550.0491
1323.3467
1424.36
1473.1614
1270.1563
1150.8461
1447.9183
1602.2434
1599.4217
1571.7983
1460.8901
1491.9746
1404.0024
1387.8668
1413.535
1578.9522
1243.5204
1297.0911
1565.1012
1216.0698
1319.5837
1440.2547
1390.9214
1425.8792
1339.1881
1552.2116
1601.3802
1688.8294
1263.0694
1300.4781
1502.7621
1319.8998
1258.9012
1527.6412
1690.2978
1428.5129
1416.9303
1453.9197
1668.1761
1312.4941
1609.639
1467.1122
1524.7944
1432.9601
1638.8881
1648.2798
1142.5611
1302.0574
1547.3822
1468.648
1502.4611
1316.7114
1516.4344
1381.5282
1416.1272
1566.5133
1602.8183
1310.1517
1443.5992
1424.9136
1384.4438
1549.6157
1255.7554
1383.3294
1351.4718
1579.4273
1503.0996
1746.1271
1468.4467
1510.2469
1262.9595
1281.5476
1490.9615
1168.8276
1368.2445
1729.933
1453.2869
1374.0387
1230.4273
1276.0689
1555.9987
1591.0812
1689.3288
1681.05
1276.8041
1384.846
1375.1062
1265.0922
1378.3201
1579.2889
1694.854
1614.5636
1428.2291
1139.8153
1261.4214
1535.9582
1641.2114
1530.4009
1520.5304
1441.5035
1639.1803
1558.4637
1491.248
1603.628
1295.0089
1415.336
1413.0983
1425.6474
1530.4857
1528.2256
1509.3668
1400.3869
1332.8866
1734.328
1742.4441
1626.4514
1570.0778
1177.3442
1380.7968
1394.8097
1510.3785
1567.4601
1309.8489
1276.8145
1135.2182
1246.1452
1228.2181
1310.4387
1172.0484
1517.0197
1517.5197
1656.7657
1412.6889
1419.1965
1639.5816
1617.8381
1661.36
1620.3038
1389.5027
1690.826
1437.5906
1541.6678
1326.3167
1685.3991
1594.4685
1309.9838
1575.8832
1478.9591
1492.8171
1338.1895
1333.1098
1291.6104
1519.3129
1744.0858
1329.8551
1445.0457
1506.1076
1629.6258
1729.8112
1596.3572
1385.1312
1352.0382
1474.3873
1310.2371
1206.3461
1464.5437
1674.9671
1799.9722
1751.8902
1675.0774
1282.4478
1370.4748
1596.2649
1439.5555
1620.5274
1455.3514
1578.1336
1465.1521
1631.1226
1573.3151
1176.7895
1449.9105
1411.8508
1344.2309
1412.9807
1482.4646
1583.0739
1342.0863
1527.0739
1317.0293
1366.2186
1513.6112
1349.1017
1523.5709
1300.718
1536.8659
1644.152
1359.2453
1450.7393
1675.5497
1727.8768
1556.4346
1649.9619
1437.9889
1465.7292
1306.6312
1499.4283
1397.1255
1353.8962
1446.3861
1470.8254
1684.7064
1654.2357
1418.6842
1458.8018
1497.949
1364.1205
1515.8505
1419.7432
1404.1144
1376.4593
1388.1411
1110.9662
1591.1696
1639.6647
1737.158
1519.5421
1398.8594
1415.6629
1317.4584
1585.5592
1398.023
1507.1985
1521.7544
1426.6738
1611.3933
1522.1354
1389.7025
1695.9207
1392.7192
1149.2785
1386.4003
1646.6172
1470.8844
1593.1503
1553.7307
1466.9696
1435.6771
1386.3497
1795.8976
1414.4601
1648.8384
1490.0506
1591.0296
1453.8291
1773.8564
1645.106
1666.6731
1684.7004
1524.6342
1552.4542
1714.1798
1385.079
1566.7924
1423.0846
1760.3096
1460.7093
1271.8495
1374.2705
1391.2013
1583.1218
1594.0052
1437.562
1575.1153
1436.7571
1384.5195
1672.8205
1418.58
1364.308
1479.7264
1559.2192
1536.9166
1451.8506
1425.6497
1417.1691
1387.1249
1589.732
1363.0938
1584.0185
1473.3959
1467.804
1318.5364
1704.9319
1519.673
1573.0594
1570.0602
1601.5907
1689.7097
1548.993
1164.5021
1432.1231
1257.4043
1197.383
1407.987
1426.5092
1239.7252
1238.5065
1369.0428
1204.2754
1361.5985
1346.5158
1134.7596
1537.5755
1518.2083
1579.7969
1412.4155
1285.4396
1474.2986
1426.9182
1688.5135
1535.8599
1536.8876
1591.4482
1559.1509
1512.8512
1399.3624
1681.0411
1694.4198
1739.8531
1385.7461
1336.802
1421.5797
1446.1876
1479.4939
1508.7282
1525.0591
1564.1593
1404.8392
1595.1369
1714.6943
1358.4226
1393.4093
1439.4857
1377.0739
1514.7891
1402.3299
1419.6635
1551.1797
1488.0225
1411.1067
1298.1533
1355.8288
1329.8545
1546.4695
1423.5209
1510.0482
1379.8605
1438.7433
1480.5575
1399.6222
1620.3269
1502.53
1573.9895
1761.9264
1371.3355
1360.9531
1539.0692
1379.3945
1629.4369
1526.134
1190.1622
1441.9261
1458.0366
1424.3562
1493.1521
1502.0276
1304.2719
1284.5261
1513.9595
1537.4976
1572.0155
1604.2291
1422.9486
1543.9882
1726.7992
1622.24
1668.212
1616.5288
1629.3542
1430.9625
1517.5409
1464.2999
1239.543
1460.3995
1325.2415
1541.0952
1517.4272
1464.6096
1434.5674
1453.2055
1620.2923
1693.2721
1716.6362
1624.8162
1609.8814
1618.1233
1623.0874
1379.2696
1360.77
1703.1823
1443.9668
1677.1862
1711.9676
1883.8323
1735.6645
1548.2617
1582.0679
1681.5449
1603.0542
1446.4936
1562.3304
1370.1075
1515.9429
1499.7201
1400.4142
1720.0252
1850.3629
1643.7698
1504.9218
1554.3603
1306.5329
1521.6727
1275.4843
1422.6493
1733.1909
1367.1876
1789.2333
1523.1453
1555.7634
1473.2181
1614.5104
1422.7692
1539.1095
1610.749
1676.9071
1639.5809
1446.6745
1473.9963
1480.3439
1522.6522
1647.0549
1503.7347
1704.0164
1696.4113
1437.8026
1237.9091
1333.7274
1323.3394
1575.1125
1585.9833
1733.8921
1464.0109
1465.9075
1102.8412
1215.4567
1594.0986
1495.0664
1593.9109
1853.9599
1641.1348
1496.7079
1600.5342
1254.2379
1672.8995
1561.7161
1339.6343
1607.7604
1585.1003
1654.5949
1603.9097
1499.4956
1399.4187
1453.8983
1604.1072
1494.7971
1299.5095
1457.9108
1343.0717
1385.9728
1532.6009
1640.8261
1858.9898
1789.845
1520.0999
1408.0455
1600.879
1632.4324
1624.56
1701.8938
1591.157
1517.9493
1550.6261
1577.8294
1704.6184
1664.1123
1524.0641
1562.6382
1572.6124
1557.5344
1667.7139
1879.4354
1501.3821
1489.5576
1472.492
1527.7801
1456.2478
1391.3716
1680.7132
1646.3548
1631.9222
1489.0435
1677.6827
1539.7153
1490.8955
1677.3632
1568.0099
1561.2192
1406.6319
1516.512
1512.0897
1482.5738
1785.5563
1858.4323
1615.1337
1390.9314
1504.6878
1529.9779
1516.2155
1549.6201
1327.504
1318.2089
1419.28
1462.2646
1506.4465
1648.7468
1550.8586
1757.074
1540.7019
1535.0324
1440.9471
1720.813
1484.1243
1572.8188
1607.9685
1614.961
1297.8031
1376.6332
1640.3777
1620.7572
1426.0973
1630.5935
1400.6789
1593.295
1497.147
1639.7735
1497.5244
1515.6318
1171.1042
1694.9484
1527.32
1560.2495
1645.9587
1707.5481
1389.7496
1357.4485
1580.5001
1762.247
1549.5501
1503.9092
1763.0488
1314.0471
1360.35
1518.7715
1689.0595
1648.7311
1689.5891
1429.1501
1658.3658
1406.3543
1650.1587
1700.7824
1608.6547
1516.8305
1534.8258
1459.9202
1514.6691
1636.5649
1841.145
1456.4514
1625.5151
1238.788
1648.3275
1541.4675
1685.1713
1437.0601
1595.3502
1169.9288
1456.2469
1369.8357
1425.1347
1592.5584
1517.2526
1648.2858
1490.2141
1606.5786
1361.5215
1385.3231
1475.4459
1349.5805
1783.1859
1355.6235
1729.7841
1486.1799
1423.8039
1504.8337
1368.4126
1354.4152
1698.5533
1529.0579
1717.0913
1557.2993
1632.96
1582.1053
1797.5063
1449.4749
1397.6688
1754.7526
1744.5282
1677.5684
1259.2546
1438.1952
1596.483
1539.9153
1629.087
1359.3009
1296.3491
1388.2025
1178.532
1561.8016
1343.9881
1525.1367
1413.8929
1568.3063
1608.2105
1336.1775
1478.8665
1550.8612
1842.6012
1612.3806
1533.9423
1446.2632
1442.5874
1252.2769
1486.1418
1293.7275
1488.5344
1510.4448
1510.4307
1373.7237
1286.1728
1478.0757
1365.936
1431.2499
1478.6536
1723.099
1398.7931
1324.7115
1365.4708
1376.2811
1384.6067
1280.1443
1629.9367
1446.2874
1354.5496
1473.351
1522.9892
1490.8045
1733.1476
1743.6787
1560.9022
1438.1711
1300.0772
1433.8748
1258.0354
1614.7249
1482.8937
1543.2488
1693.8704
1321.8633
1552.7091
1618.9116
1427.9041
1511.7133
1639.1104
1329.6805
1498.6944
1439.3102
1332.741
1291.2067
1235.1377
1314.9961
1233.3568
1253.8396
1425.7642
1738.3865
1714.0411
1430.0527
1327.381
1419.822
1201.9369
1241.486
1722.0838
1603.5526
1441.0881
1567.8022
1583.3646
1689.9536
1535.9107
1546.5487
1432.5142
1316.0586
1351.3118
1479.7293
1422.17
1569.2705
1337.3837
1615.0589
1771.7485
1279.9159
1390.4141
1209.7229
1442.666
1440.0171
1604.5577
1441.3886
1744.6122
1429.2235
1589.0299
1689.3487
1575.9193
1498.6001
1485.648
1656.2415
1626.947
1616.3233
1592.5542
1655.83
1448.5274
1549.7821
1337.1401
1728.0806
1728.7264
1419.6751
1704.7573
1617.278
1405.424
1263.371
1370.1796
1501.0749
1572.2542
1707.5799
1453.883
1516.2265
1454.0844
1700.5572
1564.1507
1611.2335
1819.773
1407.7488
1605.2459
1325.0858
1388.6508
1264.8244
1578.6728
1355.1649
1344.5426
1451.5902
1284.5403
1570.3154
1475.8854
1592.6663
1379.3808
1322.3839
1366.2772
1229.0363
1254.7669
1274.9956
1812.0343
1637.8404
1681.1986
1456.5196
1474.6637
1716.3424
1506.3209
1693.0026
1562.4249
1591.8219
1606.5061
1594.6564
1477.8625
1373.1052
1285.5815
1404.008
1607.3408
1641.5936
1666.063
1576.9697
1487.3417
1308.0756
1276.3759
1332.3281
1341.3163
1403.9062
1534.6364
1533.7115
1424.4279
1368.5684
1270.9997
1229.1952
1596.1251
1568.5188
1579.8681
1476.341
1411.1724
1283.4943
1422.4971
1304.3692
1421.6915
1457.7327
1387.339
1272.8632
1495.1464
1508.0609
1244.3474
1437.9554
1699.6857
1437.7768
1469.8646
1423.3604
1490.625
1419.6433
1663.536
1507.1057
1353.453
1469.3148
1529.657
1537.6408
1471.441
1554.3542
1808.3716
1881.2811
1460.2149
1420.7033
1346.5669
1307.9156
1263.4053
1646.5856
1437.6405
1564.5881
1558.4364
1422.2769
1724.4956
1391.3417
1535.4307
1534.7719
1559.3915
1438.103
1589.0926
1640.5875
1561.9961
1494.3062
1471.3173
1298.2743
1410.0388
1671.6839
1582.8295
1450.5107
1349.4105
1283.978
1517.738
1558.5074
1679.4653
1538.253
1816.567
1473.5056
1537.0567
1223.6205
1448.9776
1540.8186
1457.4427
1331.8669
1230.1303
1387.8775
1401.1501
1458.8254
1352.5903
1395.441
1427.8227
1477.2287
1525.3084
1474.2677
1708.1895
1571.0972
1511.8302
1580.0209
1484.212
1583.5073
1487.9953
1508.8234
1516.7286
1287.548
1389.5552
1489.2064
1766.0878
1783.8595
1777.8519
1760.8911
1588.1045
1484.1591
1370.4947
1398.1372
1637.6486
1446.6421
1921.8794
1613.4962
1676.6724
1456.1215
1652.5085
1383.0531
1668.8941
1453.4285
1381.7003
1553.2271
1318.3181
1506.1024
1544.0245
1576.5022
1850.8397
1683.4731
1323.0114
1513.458
1544.6836
1656.6222
1721.9505
1590.9638
1319.1983
1549.7012
1335.639
1356.9111
1536.8541
1554.9043
1633.3283
1665.7378
1550.1408
1362.6181
1306.8995
1607.9581
1619.6047
1445.7699
1742.1052
1291.0449
1245.3306
1580.4424
1311.8881
1427.2326
1627.5648
1098.0713
1709.3502
1272.4052
1556.9556
1305.0405
1464.1704
1378.6561
1301.3917
1560.899
1432.2429
1336.322
1409.9139
1421.1168
1573.3381
1269.8239
1506.0675
1521.1534
1511.9311
1584.9797
1647.4177
1374.3916
1484.028
1700.7428
1625.9523
1705.486
1611.465
1667.4366
1625.3
1444.6575
1212.3283
1453.2639
1650.9556
1475.9281
1671.2453
1765.4265
1661.0452
1335.1045
1403.0915
1593.2774
1574.013
1612.6257
1497.2556
1485.8431
1445.3768
1551.4082
1593.4153
1427.5895
1534.9826
1390.3538
1336.4958
1332.8013
1323.5996
1515.4141
1511.4126
1517.5664
1413.1514
1306.731
1610.2396
1454.6173
1507.5329
1672.839
1718.0213
1476.6695
1268.9085
1417.9926
1642.8124
1537.7185
1607.9261
1633.3939
1619.0723
1195.4128
1402.0123
1450.0002
1417.9124
1664.6695
1459.5169
1291.0252
1367.5685
1586.0641
1624.5915
1346.3195
1431.628
1541.0508
1482.7724
1407.477
1481.5782
1813.6738
1750.6064
1550.5371
1578.5619
1639.9231
1471.379
1424.3113
1775.6066
1462.7806
1471.5221
1376.3959
1754.9325
1807.0082
1547.2199
1301.287
1427.8121
1413.4083
1533.9281
1700.966
1622.1682
1460.4209
1580.554
1504.7535
1698.3031
1396.4759
1451.4103
1315.4828
1613.9569
1638.7983
1504.4698
1506.6522
1494.83
1651.8129
1479.1093
1487.0985
1491.5016
1449.5464
1460.7367
1488.6338
1596.711
1533.2152
1525.9729
1376.8411
1667.4
1650.279
1807.3676
1336.8079
1354.4135
1536.652
1480.638
1497.8194
1686.6997
1526.5368
1569.8208
1347.781
1399.8439
1318.3336
1450.901
1779.5221
1540.5892
1701.5974
1409.3257
1558.8825
1480.3527
1429.5352
1336.3967
1476.3862
1516.6189
1628.6012
1553.7754
1589.4311
1368.9231
1543.4585
1200.5833
1411.0343
1705.891
1790.2772
1608.5612
1380.2244
1588.9165
1261.6525
1359.8752
1586.8647
1653.7462
1696.7206
1374.8117
1360.893
1346.5435
1573.8799
1820.7636
1724.4764
1663.1317
1413.4134
1413.0848
1487.493
1374.0352
1363.1406
1611.5191
1311.6082
1782.2337
1365.329
1660.1113
1495.771
1398.7443
1474.598
1326.5507
1544.8115
1601.7383
1437.2722
1684.5457
1656.0353
1844.558
1622.0021
1590.53
1514.4982
1430.3824
1774.7707
1484.8584
1632.8117
1393.6697
1476.9798
1448.4883
1539.7041
1739.0663
1586.302
1435.553
1531.3942
1357.4929
1452.4674
1764.3807
1473.9848
1591.7101
1515.5753
1556.0084
1531.1455
1578.0328
1399.2437
1476.8994
1334.8575
1667.2989
1318.7762
1305.2667
1601.0526
1584.2859
1483.136
1501.0477
1551.9545
1683.744
1457.8283
1316.8528
1489.4965
1514.7543
1631.6229
1307.6091
1451.2518
1412.2233
1375.8686
1261.2193
1529.4118
1678.7732
1487.9408
1502.3204
1462.4478
1572.5688
1752.1222
1744.0207
1619.9198
1356.2373
1522.2773
1526.1047
1505.8924
1375.1319
1512.3305
1406.1228
1499.3407
1411.035
1402.6785
1398.0489
1585.0475
1524.2236
1229.3328
1521.1097
1475.1884
1418.9088
1460.58
1379.5629
1411.5097
1539.5829
1466.2301
1484.2528
1243.3511
1195.8125
1397.0058
1548.8868
1466.9948
1566.3282
1683.498
1533.0455
1806.4876
1560.513
1648.303
1501.6612
1574.0511
1259.2243
1543.5166
1432.4602
1281.6935
1595.7534
1239.3685
1474.1029
1495.4388
1418.1755
1391.4719
1277.4457
1447.6752
1439.4187
1364.9763
1625.2528
1470.6214
1204.6086
1407.5302
1730.6518
1486.2798
1498.8049
1233.9953
1348.9306
1583.3584
1394.9167
1457.2757
1407.1119
1502.5231
1408.2853
1557.6748
1744.3197
1449.5327
1375.7029
1487.3012
1286.5083
1428.8128
1760.8963
1744.2882
1659.6198
1566.6465
1521.8153
1599.7888
1450.9746
1423.5454
1127.9407
1491.45
1457.991
1759.1196
1713.6728
1499.1502
1800.5114
1415.4104
1248.5641
1520.8078
1538.7755
1492.6496
1637.8082
1683.4414
1503.5391
1639.9288
1486.5839
1475.8762
1608.4431
1620.1095
1474.775
1843.9971
1414.0581
1386.1255
1563.5983
1347.4413
1508.4777
1133.976
1536.6249
1315.9937
1208.9739
1573.0375
1185.1879
1464.4293
1433.2834
1513.5041
1594.9493
1314.7298
1346.1426
1470.5317
1480.6259
1438.8682
1708.0323
1448.3656
1619.6515
1084.0977
1109.1998
1256.9178
1548.8167
1511.5974
1437.4428
1240.5628
1445.7893
1311.8352
1410.1912
1439.9656
1828.2129
1560.3701
1604.6855
1406.587
1360.5653
1287.7822
1586.7217
1568.1889
1470.7621
1662.6009
1441.2439
1597.1828
1679.0482
1555.6436
1791.4965
1610.8087
1828.4285
1581.1517
1293.7602
1391.1933
1397.1214
1288.5644
1294.304
1477.4307
1443.5044
1549.7206
1691.113
1477.9304
1518.5409
1511.3399
1539.6212
1332.6159
1676.6362
1472.9752
1374.6143
1475.555
1478.5084
1449.8682
1274.9281
1545.2137
1562.4833
1550.4694
1694.8312
1638.2908
1477.1382
1454.7046
1348.8851
1361.0978
1542.4157
1307.9103
1302.6964
1266.8942
1237.5657
1552.7838
1398.7791
1607.0031
1388.9624
1299.1536
1202.0899
1388.775
1328.4398
1290.9048
1496.539
1375.2483
1424.1398
1642.9957
1561.0571
1482.9402
1413.6828
1314.6377
1449.4361
1562.228
1496.6293
1571.3599
1458.022
1552.9509
1613.2545
1547.8717
1512.6587
1474.2652
1446.2686
1410.8553
1799.8058
1513.6271
1422.7817
1471.5595
1460.3899
1169.8411
1522.7288
1438.868
1696.8466
1473.1041
1504.4419
1500.9769
1588.8312
1469.4721
1542.0967
1463.1881
1655.436
1530.2116
1482.8358
1610.122
1769.7617
1696.0821
1532.5769
1363.8283
1549.93
1485.1928
1588.7224
1451.7257
1639.1422
1764.9038
1496.0603
1611.9267
1528.238
1289.2619
1477.102
1381.3785
1543.9896
1601.9288
1551.855
1418.608
1480.1432
1627.0779
1569.7425
1308.2761
1488.473
1336.3526
1514.3889
1421.4884
1489.4365
1579.4991
1601.5933
1545.5441
1700.9601
1536.0591
1410.8316
1439.7685
1257.3848
1485.3544
1650.8533
1380.5644
1630.8718
1576.0527
1651.2505
1526.0433
1527.5261
1319.6344
1401.9093
1511.5524
1630.783
1419.6359
1513.4979
1221.0119
1429.3656
1513.1553
1584.6299
1608.8408
1679.2574
1659.0056
1550.5671
1352.0962
1426.2311
1549.0545
1263.4624
1236.9076
1214.5039
1636.6978
1435.3527
1510.5057
1625.6877
1423.3368
1404.6438
1511.9637
1423.3085
1482.7806
1679.9487
1476.9838
1412.8309
1788.6586
1761.7962
1735.1929
1307.7407
1546.0577
1525.331
1417.4651
1427.9722
1667.1204
1652.9098
1628.6717
1438.5955
1478.2545
1366.5982
1328.2737
1644.5377
1407.3677
1406.329
1555.6717
1502.8188
1536.1681
1384.8954
1326.3492
1627.8773
1352.8168
1352.9461
1565.8931
1723.3312
1584.5502
1614.9339
1577.4553
1693.8548
1682.8664
1771.6796
1363.0322
1773.9792
1589.1056
1420.1671
1460.3823
1661.1779
1529.0546
1630.2427
1383.1454
1226.0692
1318.6851
1213.6222
1477.0607
1418.7025
1537.2268
1535.0773
1398.1484
1234.6553
1335.7333
1257.5234
1454.0402
1348.3916
1494.075
1699.7783
1843.1178
1633.7613
1472.4298
1351.1559
1724.6712
1522.4012
1691.5152
1599.0763
1630.7458
1437.3015
1451.7857
1612.822
1748.4112
1678.6765
1552.6547
1418.483
1507.1453
1510.0207
1533.1538
1526.3199
1508.3383
1498.6466
1424.0193
1716.4248
1364.6383
1370.0442
1315.3362
1541.1395
1299.0905
1555.4486
1457.2362
1317.5413
1454.3132
1448.7561
1362.5924
1215.5391
1515.0446
1330.7252
1606.7186
1563.389
1640.6036
1618.708
1719.5031
1556.9651
1647.1572
1557.765
1553.164
1343.9046
1508.7181
1739.8556
1808.4587
1630.292
1436.8525
1643.6213
1446.1737
1612.1584
1334.0178
1348.2478
1393.1391
1383.4283
1625.4538
1467.1002
1452.666
1582.3274
1521.695
1617.6374
1632.3523
1506.6813
1727.6749
1613.4312
1776.3902
1588.6846
1494.9437
1649.5888
1370.0248
1371.8653
1663.4921
1326.1124
1342.0067
1512.3203
1416.8308
1505.9794
1564.2946
1581.8452
1615.0473
1435.2183
1415.8697
1541.1015
1522.9641
1464.6868
1456.3866
1534.2286
1622.9212
1619.5541
1443.0207
1436.9955
1526.2665
1489.6848
1724.3046
1688.0009
1540.045
1685.5229
1710.6735
1537.7997
1575.27
1433.6515
1597.6031
1454.9506
1386.847
1521.0246
1633.273
1730.6474
1419.0701
1595.0057
1393.1465
1576.7522
1461.6751
1609.8448
1354.3034
1655.1092
1394.973
1422.1908
1479.7107
1495.41
1535.2317
1561.0494
1730.4829
1748.3808
1597.321
1326.5949
1660.0473
1579.6658
1363.219
1429.9855
1409.3562
1734.568
1364.6783
1385.5408
1264.9692
1520.2692
1348.465
1467.0306
1712.8779
1414.1596
1600.3557
1243.4924
1144.0634
1384.507
1385.8016
1436.3189
1470.6501
1324.0792
1195.2705
1292.9053
1564.0552
1387.0118
1370.8501
1495.316
1244.2186
1517.0189
1377.0971
1491.6831
1476.4124
1462.9704
1326.763
1723.2133
1695.7724
1463.9867
1656.9523
1537.7544
1638.7454
1428.3222
1410.2455
1290.5575
1480.6428
1467.2262
1438.3054
1345.205
1360.6322
1375.4705
1654.3894
1502.4304
1652.8434
1524.0864
1566.0044
1676.7659
1333.3789
1509.7984
1376.3595
1441.1149
1253.3734
1568.6475
1737.0982
1556.5105
1405.1148
1425.1396
1377.6676
1428.1565
1574.0387
1488.2399
1334.6165
1349.4865
1259.9383
1545.1767
1743.2178
1538.6135
1444.7179
1278.7905
1478.8515
1272.3916
1575.2424
1682.5647
1755.6494
1410.4051
1351.7476
1321.2158
1249.6682
1340.19
1292.5224
1431.4426
1434.5811
1224.8528
1599.6351
1468.2491
1541.7861
1580.0232
1443.0958
1575.1293
1500.7718
1405.1057
1396.586
1662.6758
1559.0748
1601.7047
1579.7163
1557.6468
1446.6878
1484.3191
1644.3169
1703.5495
1643.5086
1511.3072
1261.5121
1262.5055
1306.7816
1603.6596
1454.4471
1510.2784
1560.1268
1660.4769
1574.5798
1348.1718
1410.1751
1767.8364
1712.3564
1485.9245
1625.8025
1388.4069
1583.9883
1390.2707
1870.5634
1360.0455
1631.8023
1535.4693
1810.447
1497.2373
1623.0063
1528.592
1333.7629
1650.2213
1315.0784
1316.6857
1645.6691
1781.2716
1651.0665
1296.9529
1322.177
1248.2851
1573.7487
1715.2228
1702.0543
1633.4192
1539.6691
1746.245
1578.6877
1628.5241
1894.3076
1673.7488
1537.6616
1513.6194
1446.3721
1460.2138
1799.6908
1662.1227
1559.057
1838.8518
1731.4461
1624.628
1625.6883
1546.0618
1672.2949
1563.6133
1639.0069
1534.2614
1711.4435
1404.2857
1647.5655
1753.3502
1521.4271
1580.8006
1436.8253
1476.6881
1544.4249
1455.0882
1555.196
1407.5342
1535.6214
1414.9342
1314.5016
1236.0732
1347.6284
1738.2014
1311.583
1459.0369
1385.6757
1502.2583
1287.5077
1230.5085
1512.0276
1398.7879
1618.9319
1431.9498
1461.7805
1344.4508
1484.2201
1657.9935
1545.9721
1474.5021
1560.3167
1561.8973
1571.1705
1403.8118
1583.02
1238.4336
1504.4906
1430.1673
1316.6973
1522.0973
1493.739
1720.5339
1706.1854
1603.4051
1483.4166
1356.4604
1494.7464
1573.0966
1512.7504
1544.2074
1424.1427
1447.751
1656.9965
1445.6218
1686.2735
1522.3974
1594.6181
1410.3952
1320.8976
1429.9833
1548.4938
1611.5655
1473.8792
1500.6401
1556.7095
1424.4537
1390.9331
1590.5026
1664.6968
1499.9397
1372.0774
1462.5551
1517.5434
1607.9191
1424.824
1642.9288
1342.388
1217.6383
1620.9302
1583.4148
1526.6631
1430.6531
1563.7078
1464.4187
1518.9832
1653.3125
1683.8722
1386.3686
1579.6984
1467.2385
1643.9897
1501.1503
1582.5957
1521.823
1332.3819
1375.1441
1545.041
1592.4359
1718.1214
1524.7658
1366.4821
1472.9624
1270.8316
1495.5529
1393.0238
1558.0411
1712.0723
1701.6456
1587.4731
1402.2976
1489.0736
1207.8252
1330.9577
1489.547
1438.8503
1538.107
1433.8742
1596.486
1500.0782
1369.2794
1539.4516
1465.2927
1596.596
1428.7754
1694.565
1525.9223
1698.5529
1684.5433
1601.8509
1543.4452
1578.2829
1618.1667
1816.4495
1521.5763
1480.9525
1267.3282
1493.805
1518.6799
1706.7001
1577.3249
1496.4393
1442.051
1352.9367
1393.1635
1671.4609
1636.2178
1151.4726
1185.69
1194.1436
1194.4435
1739.9028
1511.5002
1194.7602
1580.3215
1649.5603
1657.2409
1305.4991
1247.2682
1399.6663
1405.7675
1474.7126
1551.7658
1657.0772
1532.077
1468.4791
1592.74
1504.8214
1811.1976
1633.1771
1450.1939
1522.7371
1442.7351
1514.9666
1602.2498
1432.511
1658.4103
1540.7916
1515.4553
1381.7341
1360.7242
1471.6009
1521.6514
1432.2705
1629.509
1304.1933
1208.8008
1313.7403
1361.0136
1601.5158
1406.3528
1558.7067
1414.5122
1639.1377
1437.8263
1509.5926
1480.3917
1296.502
1407.9419
1564.2487
1760.8422
1586.5051
1327.4977
1453.5062
1227.428
1507.3703
1741.4417
1406.3532
1447.4933
1432.8234
1595.8364
1370.8711
1372.3721
1329.7076
1571.0966
1430.7636
1488.9182
1338.3659
1619.5811
1599.2027
1620.0116
1712.8701
1490.2416
1819.598
1491.8828
1628.5794
1648.2309
1393.0847
1508.24
1427.0701
1609.6557
1301.315
1286.7305
1628.3033
1415.2078
1609.8687
1240.7208
1810.902
1535.5619
1381.3957
1520.5966
1454.9026
1394.9987
1197.7233
1489.1384
1278.8317
1414.1492
1503.096
1528.8225
1597.4545
1559.2462
1390.3146
1571.0604
1486.0634
1689.884
1554.8573
1434.4584
1447.1571
1197.6713
1537.8881
1330.9775
1350.4478
1513.4772
1513.5681
1553.97
1874.9847
1526.6395
1631.0427
1596.9401
1575.8851
1501.6853
1471.3009
1429.5858
1581.7739
1481.5051
1655.699
1814.2154
1576.207
1592.132
1283.5242
1517.0288
1427.5645
1692.8324
1693.3552
1638.8771
1580.2475
1303.8625
1526.9432
1373.2845
1646.3847
1475.2636
1494.3693
1580.8306
1532.5366
1456.7062
1576.168
1567.4042
1360.2181
1526.254
1463.0047
1464.4893
1383.359
1430.5346
1598.0568
1516.83
1579.7979
1402.2709
1704.6397
1673.2633
1472.3187
1320.3352
1208.5443
1127.4973
1790.4109
1615.2901
1462.6908
1451.019
1660.7616
1287.4283
1477.2252
1659.9835
1383.6549
1617.9206
1473.9104
1551.9306
1444.8146
1230.1513
1615.4406
1557.5151
1711.593
1574.0751
1746.3309
1755.7024
1627.7586
1549.6149
1486.7932
1308.617
1471.1017
1267.3137
1498.0623
1634.2514
1418.316
1374.7352
1481.697
1527.6479
1624.8146
1298.4285
1614.9074
1556.4337
1359.6349
1351.5362
1336.0774
1483.4043
1517.9834
1378.718
1511.5367
1230.1936
1283.6814
1575.384
1634.6649
1466.6453
1386.3509
1463.1333
1597.701
1651.3278
1484.1397
1221.895
1420.4557
1721.5446
1628.7394
1668.1757
1546.8408
1581.5869
1613.6138
1399.0308
1485.5154
1594.8836
1630.0219
1588.5127
1223.0915
1162.7752
1415.3258
1526.6086
1322.3902
1433.5718
1448.0859
1462.6743
1464.5866
1398.9099
1572.0052
1411.2228
1616.6869
1507.5041
1396.9727
1403.2576
1452.2489
1442.6787
1619.514
1552.9833
1548.6202
1395.41
1410.0494
1605.699
1484.7377
1581.2521
1722.0682
1440.6295
1485.1342
1409.4388
1467.2692
1431.4256
1547.2399
1466.4894
1304.3405
1264.1523
1319.6455
1531.3825
1762.877
1525.6341
1361.6649
1656.2502
1428.668
1395.9165
1162.668
1404.2771
1369.9398
1566.5407
1640.6011
1706.3903
1221.4318
1619.6027
1426.5787
1431.3193
1404.1933
1274.2147
1574.8549
1554.7332
1539.5471
1250.8792
1505.9272
1444.4408
1704.4272
1717.6532
1545.8824
1579.045
1413.9409
1407.0513
1625.2137
1413.0586
1452.7642
1584.9866
1601.3002
1783.5297
1390.6225
1291.6931
1575.8523
1590.2539
1453.291
1362.8706
1576.5954
1586.9733
1559.3983
1630.1218
1605.9526
1534.1602
1483.7731
1441.1391
1412.0409
1659.9297
1471.8943
1545.2571
1760.7703
1382.7038
1459.0034
1389.4879
1632.259
1471.9369
1489.1792
1291.6305
1726.6047
1499.2704
1335.2843
1503.0042
1461.3802
1369.1254
1462.9296
1479.8595
1308.7196
1516.245
1509.2378
1311.4546
1428.5079
1238.061
1460.6752
1563.1576
1485.7481
1199.1005
1361.9067
1526.5719
1401.4243
1494.298
1603.3837
1573.5621
1349.1131
1436.3774
1490.2453
1377.8616
1693.9648
1746.9991
1756.2814
1543.6614
1555.3533
1549.5725
1506.786
1277.8548
1418.1972
1573.5968
1287.1025
1512.6885
1557.3546
1506.1368
1632.7948
1593.8964
1611.1231
1697.8481
1585.327
1386.8984
1373.5766
1378.2713
1162.9943
1491.5036
1323.8297
1506.6601
1649.2425
1512.0258
1530.194
1493.674
1375.566
1146.5888
1481.8293
1582.3222
1439.8123
1604.7535
1511.6208
1438.7875
1455.5235
1563.7365
1335.4579
1254.2173
1666.1262
1572.1449
1651.4845
1608.9358
1611.2118
1430.5705
1316.2243
1515.4172
1565.8228
1310.8738
1687.454
1787.403
1487.0048
1386.4479
1483.1794
1277.6739
1403.0676
1529.7367
1545.8764
1602.1636
1528.1917
1693.7588
1470.967
1438.0549
1525.5812
1481.1316
1564.1177
1507.594
1588.3643
1690.22
1447.1153
1452.7026
1420.7728
1479.0143
1578.6436
1559.9511
1544.3053
1718.2447
1423.4012
1258.1943
1357.0358
1430.8543
1426.8373
1375.9538
1415.2233
1587.6547
1550.8037
1403.4676
1516.3901
1392.4046
1392.2095
1165.5022
1382.1742
1293.847
1431.5256
1543.878
1395.8481
1343.4894
1346.4671
1407.2296
1573.1007
1632.2441
1601.3549
1422.4972
1460.9619
1650.024
1518.2662
1285.4203
1411.0093
1569.715
1405.5825
1652.7048
1472.205
1568.8689
1373.1671
1462.0963
1778.9409
1608.6733
1652.5282
1324.29
1410.6744
1694.6283
1628.0751
1681.282
1813.7005
1470.6974
1416.5726
1509.3105
1597.8959
1356.4786
1391.4284
1464.5794
1433.5739
1798.943
1493.8262
1451.9004
1393.4607
1387.9829
1267.7772
1463.0485
1569.4238
1288.7307
1297.7225
1439.6048
1443.8492
1321.4549
1638.4814
1660.6895
1670.9358
1590.2848
1605.9145
1682.6437
1735.8813
1439.8605
1520.0273
1486.829
1378.0339
1437.313
1225.1459
1480.789
1396.3781
1581.8526
1431.276
1459.4463
1578.5602
1533.1331
1286.154
1530.3099
1623.3055
1555.9852
1862.2722
1429.2844
1334.7013
974.84371
1407.0372
1267.3861
1271.1679
1454.4317
1580.3425
1365.2974
1433.5141
1467.7355
1552.1678
1716.9134
1453.14
1531.2083
1674.1004
1487.6749
1687.8477
1377.6524
1525.3708
1372.6368
1347.486
1502.7559
1306.1223
1507.6025
1275.3073
1245.234
1540.3927
1400.4653
1218.1047
1582.3857
1368.3174
1360.0738
1470.3275
1331.8729
1461.9154
1623.2739
1569.6652
1367.7248
1614.3283
1606.3286
1472.7481
1531.7331
1570.6935
1515.9981
1406.0548
1312.1393
1344.6893
1213.9988
1459.0556
1438.6331
1312.0313
1436.0586
1218.5044
1355.331
1232.9033
1326.1781
1433.1955
1289.4964
1402.1774
1321.0778
1287.6054
1207.8232
1221.8834
1328.0256
1702.5293
1329.9344
1560.1027
1259.8755
1324.8633
1205.0089
1102.9603
1385.1574
1505.4384
1349.9442
1481.2569
1506.0157
1189.1969
1324.5726
1125.5693
1464.8422
1528.756
1552.371
1533.8615
1384.0958
1388.1486
1349.114
1215.49
1372.9475
1354.7315
1472.3644
1516.3534
1412.7034
1640.169
1358.768
1527.6565
1377.4978
1376.4175
1451.2646
1627.0363
1442.4638
1565.7825
1241.634
1354.9182
1432.9484
1403.8275
1530.8454
1263.3147
1490.3275
1504.3583
1466.8465
1489.3584
1710.0519
1442.6645
1545.0774
1500.2944
1538.0382
1410.1464
1371.362
1284.4991
1659.0369
1634.9472
1410.6845
1740.024
1556.8914
1410.64
1641.6956
1616.3753
1325.9083
1284.0336
1320.4828
1266.7691
1405.6538
1238.3427
1535.7796
1325.0841
1433.6898
1277.402
1496.9427
1341.2744
1285.6664
1357.4312
1230.9124
995.88046
1267.2108
1775.3354
1403.2724
1635.1499
1482.4155
1349.2146
1413.3275
1551.7443
1282.9341
1277.8828
1444.1032
1535.819
1589.2898
1709.9498
1707.402
1538.1578
1651.7831
1324.1234
1419.7226
1464.9515
1228.2424
1611.0539
1322.0591
1282.8859
1511.1147
1298.0676
1551.9431
1200.3177
1272.5931
1346.2827
1397.7564
1548.0674
1427.9399
1035.1633
1377.6224
1310.5098
1459.7639
1451.1538
1358.8593
1354.1863
1420.5725
1360.6627
1279.3122
1518.2718
1622.8739
1436.756
1475.2575
1496.5221
1453.2866
1416.3155
1415.4234
1480.6994
1395.2027
1473.1092
1522.3481
1217.1109
1467.0563
1232.9456
1100.6079
1356.9655
1513.9795
1536.3881
1560.2578
1367.9791
1306.7596
1387.9435
1654.7504
1675.6805
1426.9457
1626.4767
1614.5765
1505.9704
1546.3043
1257.458
1468.6024
1475.7407
1551.1918
1425.8262
1686.4467
1400.8614
1283.0365
1224.0166
1491.6637
1606.9617
1623.9856
1297.5204
1322.8767
1541.6861
1165.1755
1205.0656
1510.4207
1470.5531
1472.608
1620.3534
1330.8593
1389.7457
1410.3648
1665.7199
1620.3543
1584.6898
1771.7249
1586.6314
1465.1897
1701.1477
1625.6117
1575.0659
1356.8546
1406.9011
1473.2124
1368.4989
1711.326
1584.2273
1283.3232
1509.8218
1502.8433
1575.4903
1507.4527
1514.4497
1430.954
1534.3859
1350.0303
1561.0335
1294.2775
1214.7041
1552.9263
1729.8062
1683.8558
1463.0874
1643.4436
1308.0594
1250.2288
1603.987
1568.4735
1545.7332
1714.7461
1394.2035
1396.3002
1458.8299
1393.1685
1636.1328
1653.1805
1624.668
1248.6499
1415.8358
1312.9536
1447.1006
1544.5243
1493.2459
1561.4596
1465.4216
1181.6146
1414.8302
1432.7937
1598.9545
1477.1614
1468.9397
1452.8803
1461.2212
1333.8867
1504.0169
1361.3447
1740.9161
1885.0476
1726.7422
1542.3632
1440.4338
1299.0213
1549.7659
1580.1094
1575.9634
1734.1936
1531.8562
1726.0163
1644.2468
1354.1941
1353.5727
1490.616
1751.216
1494.8372
1676.2178
1529.4298
1275.3188
1658.6115
1533.7663
1508.2211
1493.7793
1422.5247
1439.196
1693.1248
1401.6172
1295.1781
1504.5818
1320.1283
1482.9546
1468.9449
1551.0025
1486.2861
1382.5232
1354.7724
1295.0179
1422.5343
1729.039
1568.3881
1460.3342
1467.5572
1659.1796
1657.1326
1491.97
1323.9032
1283.5733
1529.2077
1681.8773
1645.4014
1631.8227
1525.6885
1437.9798
1639.0918
1552.1334
1112.1909
1623.0093
1637.5012
1567.7399
1454.0033
1517.7825
1338.3683
1251.6591
1393.5205
1456.6944
1322.5912
1732.8157
1448.3047
1657.3655
1970.6433
1678.1472
1582.7148
1604.7642
1511.4408
1512.0355
1568.1865
1479.6568
1698.7161
1680.0438
1523.4896
1615.5295
1704.7883
1499.1893
1703.5006
1424.6468
1328.8617
1319.4673
1472.0184
1392.1749
1316.3956
1610.5092
1404.7603
1426.5051
1642.763
1520.703
1311.9775
1410.0972
1487.9634
1410.5299
1374.9822
1767.7865
1525.178
1513.8191
1408.0056
1607.0299
1478.6888
1726.0911
1711.9917
1660.1108
1559.9263
1541.3239
1474.6776
1272.8582
1409.8397
1461.7113
1548.119
1553.9886
1285.4725
1365.1819
1303.3226
1322.7466
1320.8528
1457.3718
1529.6786
1777.8426
1719.5975
1582.2018
1489.5401
1242.3784
1536.9272
