744.31107
1114.4674
1482.4137
1666.5267
1717.16
1879.5808
1544.7073
1304.162
1037.3914
1026.6276
1161.11
1126.1674
1378.5874
1173.2201
1195.5202
1121.2804
1446.7104
1459.1642
1260.7344
1408.9487
1397.6927
1550.5546
1366.5981
1371.6753
1417.6921
1235.7433
1430.1139
1389.151
1324.5201
1754.0907
1356.8428
1331.2364
1373.1427
1330.7859
1164.7173
1411.6345
1506.4808
1460.7323
1427.769
1252.8619
1170.7831
1268.6337
1189.7991
1160.254
1504.4883
1282.4104
1342.292
1291.164
1405.2704
1244.9043
942.54478
1283.8271
1397.9134
1656.3866
1301.2452
1449.9228
1232.2872
1249.8549
1134.3149
1394.6828
1342.4451
1354.6013
1249.82
1235.575
1059.5007
1288.5471
1249.1192
1354.4633
1497.2011
1369.7246
1352.1948
1309.4985
1273.1412
1415.2659
1424.3234
1340.21
1099.1364
1180.7264
1266.4399
1378.3616
984.43789
1255.4043
1193.9171
1384.847
1379.5617
1004.7437
1109.0631
1118.7974
1383.5206
1393.4919
1281.1807
1188.075
1204.0369
1362.3727
1118.96
1063.6673
1368.9423
1519.8705
1144.9414
1361.9959
1397.0444
1329.7233
1338.3114
1297.8751
1320.2242
1253.3205
1416.7237
1435.0242
1627.2279
1348.4347
1353.5308
1352.103
1230.0038
1179.3072
1363.8675
1530.2024
1467.6186
1536.8125
1397.9919
1393.0853
1358.5105
1479.5943
1582.5024
1591.1835
1532.3424
1378.6605
1498.4195
1247.6921
1206.7651
1334.461
1366.2633
1170.2398
1511.8532
1489.2038
1527.4339
1352.3393
1401.3166
1310.2097
1499.704
1697.5172
1647.8885
1544.4567
1372.327
1467.0249
1768.7659
1343.618
1389.9476
1670.1267
1403.5165
1304.2069
1553.1105
1280.5646
1481.9756
1660.2921
1378.7363
1612.2253
1428.7186
1454.2442
1610.8943
1499.7265
1452.866
1660.9781
1462.8405
1453.1542
1457.8123
1524.3838
1404.0934
1286.7294
1536.1267
1152.2658
1417.9619
1494.703
1370.8944
1579.0617
1357.5505
1306.488
1133.7911
1301.4336
1451.4601
1409.7882
1423.9933
1374.7341
1204.9449
1324.6899
1306.8702
1339.6179
1644.9336
1380.0485
1448.3602
1570.3401
1160.4641
1419.8597
1040.1064
1447.6236
1520.8383
1545.9945
1535.2726
1216.6958
1165.4088
1101.1201
1374.1168
1512.3629
1574.1946
1383.8669
1329.8295
1393.7646
1557.2785
1355.2001
1403.3861
1494.9476
1522.3127
1260.3655
1264.0443
1579.6708
1418.9489
1440.7332
1137.6871
1369.0354
1485.8637
1656.6766
1197.3152
1125.5187
1157.4948
1217.723
1269.4134
1216.4943
1620.0846
1563.9546
1281.7792
1111.903
1211.8047
1226.9325
1125.9065
1115.508
1499.7734
1386.9628
1364.0365
1364.4789
1221.0235
1187.3468
1241.1839
1425.4597
1527.9745
1507.4635
1503.1855
1118.6437
1158.7436
1239.0799
1247.5939
1225.1242
1315.6874
1390.6526
1273.6996
1233.1734
1178.7104
1322.8459
1273.0469
1380.7245
1345.8071
1313.1414
1243.8302
1272.6013
1433.3511
1194.4338
1303.5109
1108.6785
1340.3123
1048.6579
1146.1248
1358.2948
1398.0441
1566.8386
1250.3916
1266.0302
1251.701
1139.9263
1043.6402
1300.7995
1169.5702
1246.123
1352.7107
1259.4957
1269.7853
1316.6329
1325.7767
1282.8351
1206.7838
1122.0102
1222.7971
1112.2514
1111.9157
1154.0895
1168.6496
1469.0104
1394.2544
1283.5288
1258.4049
1315.5221
1365.0376
1417.0176
1337.6666
1355.9761
1461.6167
1456.9884
1380.5492
1306.167
1110.7973
1299.4624
1419.3917
1304.7834
1274.2786
1200.7334
1082.3863
1153.9956
1234.3867
1119.2595
1138.1748
1168.6763
1178.1878
1073.1366
1113.237
1285.5039
1234.822
1518.4176
1427.2604
1293.4832
1260.4177
1297.866
1363.8074
1432.0923
1162.8333
1103.9272
1394.7019
1159.9996
1126.0662
1549.5529
1291.2579
1408.7442
1199.3641
1277.5804
1270.597
1033.875
1217.3919
982.56944
1058.2572
1280.9215
1165.252
1012.1752
1356.78
1066.4658
1278.0886
1125.0194
1191.2195
998.80174
859.48682
1077.8803
1196.1781
1049.3528
1247.7391
1008.068
1200.9214
1493.7166
1334.1269
1236.4251
1007.1309
1285.1672
1200.4212
1388.3227
1091.776
1451.6931
1283.9388
1170.7913
1377.4887
1266.1052
1075.1862
1054.8016
1010.1524
1236.6466
951.28918
1042.994
1358.2958
1306.4212
1228.9028
1267.449
1115.7796
1072.2095
1044.8061
1015.0655
1103.6889
1237.325
1240.8605
1228.5717
1084.3494
1160.3674
966.4835
1064.061
1271.0678
1400.3968
1430.9557
1365.9646
1116.6238
1274.7202
1169.1623
1241.0395
1284.612
1291.2851
1135.9575
1373.9394
1331.3698
1167.2857
1130.0687
1250.3691
1367.7081
1072.9518
1191.4413
1044.0847
1136.416
1061.8778
1188.3423
997.1618
1288.9139
1314.7314
1116.1367
1173.709
1233.3172
1231.6765
1237.3851
1161.0163
1102.9427
1260.087
1263.3022
1361.6006
1118.8208
981.35372
1302.5974
1184.9674
1561.7139
1386.7553
1037.8291
1017.3717
1115.9338
1487.7492
1357.6906
1314.3165
1207.9799
1267.8593
1371.1673
1119.2088
1158.5621
1285.1112
1111.6776
1359.841
1027.5302
1282.5522
1159.1213
1305.6599
1437.5216
950.0261
1256.386
1073.9339
960.22024
1315.9565
1074.8451
1405.7253
1112.1741
1266.3977
1074.6641
1248.6933
1406.6907
1384.0748
1042.3162
1167.8508
1465.685
1444.0664
1304.8769
1365.8251
982.65615
1075.0235
1526.1305
1602.1558
1551.4179
923.4784
965.52894
1372.8621
1179.592
1254.0021
1183.3043
1041.331
1401.4616
1034.3768
1331.1708
1269.8342
1262.1401
1322.6513
1402.2443
1529.4371
1364.2186
1390.0543
1502.8151
1420.5265
1215.4757
1238.0709
1125.1975
1282.6951
1102.9051
1102.9261
1360.6596
1240.5256
1339.8273
1370.4031
1400.7148
1295.1931
1144.1554
1231.9044
1148.525
1319.5185
1558.1891
1313.4834
1554.2072
1251.5852
1193.0248
1063.4183
1163.74
1039.639
1220.2505
1235.2431
1309.1719
1546.1582
1097.4299
1086.5094
1134.968
953.88291
1202.2929
1294.3562
1317.7037
1300.7491
1087.9303
1146.5569
1189.8674
1250.3152
1102.059
1273.5254
1110.5882
1043.8394
1041.6842
1085.7584
1198.6482
1265.4115
970.75862
1146.2237
1257.9602
1071.3243
1005.1265
1227.1815
1284.5116
958.27505
1237.4714
1054.7677
1101.2392
1051.3525
904.89293
1263.3792
1076.7572
1204.5168
1287.3856
1052.6971
944.74639
877.05145
1061.4281
1092.7593
1161.7435
1154.6012
1019.5405
1061.816
1061.4509
1422.7109
1189.9459
1464.7776
1143.1867
1108.5746
1064.3508
956.16331
1076.7105
1165.4668
919.34188
1088.4774
997.06574
1140.2415
1188.34
1187.9393
1119.5403
936.60717
1175.5192
843.29719
1249.9491
1098.9577
1071.599
1301.8582
1177.6287
1429.1881
1515.9297
1319.6418
1409.5551
1330.3169
1340.161
1218.9056
1156.1384
1322.4453
1482.6139
1160.0632
1261.4346
1304.3884
1304.064
1218.4033
1129.4673
1147.2729
1408.1361
1253.4102
1124.6877
1203.2815
1399.4596
1251.7893
1173.8709
1306.3197
1086.1901
1267.2755
1116.7478
1116.5828
1437.5897
1174.1966
1259.3247
1353.9517
1249.7456
984.8358
1103.2375
1191.1537
1459.1402
1453.0441
1457.5252
1261.6204
1274.5289
1421.8123
1337.5437
1264.476
1064.8389
1338.9088
1434.456
1243.1875
1426.1086
1368.8312
1195.856
1129.4624
1128.7622
1192.8037
1137.7843
1213.091
1193.5381
1155.6862
1204.8553
1257.4146
1005.1037
1193.5373
1176.5393
1282.9614
1063.7413
1205.8008
1152.8764
1197.8652
923.74176
1124.196
1052.8391
1181.8523
1100.9239
954.33748
1343.7804
1033.9698
1548.9005
1211.934
1254.4788
1111.3307
812.57921
907.07362
704.60071
842.56798
1155.2977
826.85463
860.29949
862.37053
1039.0213
1079.699
912.26757
781.70984
1061.8677
943.67395
1140.0257
831.61896
1145.2244
916.91985
802.06644
780.96447
1130.3759
1220.4053
1097.8826
1306.2139
1267.158
1213.3178
1029.1642
937.57644
1162.0201
1317.203
1300.5138
1082.6868
948.20303
1027.0932
987.97899
1552.9516
1420.065
1237.5093
1202.0442
1282.9753
1062.8762
1160.0683
1084.3859
1061.7441
1153.7274
1040.9493
1230.9953
1036.2382
1073.9053
913.23145
1125.3023
1006.3343
1020.7111
851.11544
1103.6654
1083.5954
1204.5005
1155.0424
1154.6967
1247.3596
1181.1625
1114.3861
1021.4164
1097.7824
1078.9119
1215.4444
1184.645
1047.749
913.78534
927.11638
1058.4295
1432.42
1140.6972
851.12175
897.34919
974.31355
1004.6717
1183.9877
719.73174
1418.2604
1126.5575
977.72643
915.73072
1072.2765
1133.2388
1118.0947
1046.922
1018.3829
1037.9019
1250.4681
923.11879
1225.4859
1251.7211
1198.387
1377.6821
1159.1384
1000.5309
1074.6146
931.55619
1064.0771
1129.0652
1046.0108
1148.6142
846.08672
1183.617
940.1373
1023.5057
1212.1065
1036.0928
985.73685
1153.4759
1009.1076
892.09711
1067.2441
1308.7084
1146.1144
1106.1175
883.62087
933.83812
1321.9907
1189.5949
1142.7216
1225.4494
1435.8009
1086.9544
1102.3376
1332.5385
1206.2907
1122.3215
838.37264
921.2426
994.53852
865.43295
1242.7086
1024.2665
1187.1271
1071.5976
1002.8762
1081.4496
1077.7242
1275.2864
1054.8115
948.14542
1111.2589
1407.3617
1166.7104
768.69797
999.02252
844.33409
1184.5
878.14898
1277.152
1078.1032
1045.2221
1167.0909
1099.5936
1062.8948
869.81173
799.20878
945.63886
833.70129
984.60076
1181.577
1096.1822
810.6674
1092.937
1328.7405
966.58552
1053.4027
942.46074
944.5541
957.86455
1011.9301
1174.417
1327.5223
918.03555
1036.6906
1163.3315
876.2415
647.36312
902.34063
855.55092
961.19537
1003.2377
813.50576
874.83844
684.26678
853.57261
770.66308
831.59873
877.2284
730.24693
700.02003
1015.5399
864.84858
1115.422
1159.458
1112.7577
1079.5473
1048.1655
1002.699
790.79795
678.07114
1089.2737
951.5104
825.44355
902.37719
1102.4923
916.77815
1121.782
1077.66
1060.5483
1245.2806
987.16647
801.80765
944.15945
777.79599
782.21557
827.78448
929.22136
1089.0499
1120.1092
1071.1977
907.32484
980.97827
1015.7013
1105.0583
1182.8597
984.00892
1169.6603
1074.692
735.10815
724.91372
777.60998
851.37146
1166.0666
828.78873
917.52942
1069.534
986.10448
865.57437
903.10087
851.98291
798.52954
761.69312
982.02914
1028.7027
1099.1114
843.28822
854.07199
998.59399
1066.0991
660.06554
947.06565
901.51545
1027.5763
1083.7403
964.49269
966.90489
814.62185
756.23266
690.48215
867.52023
857.7277
1123.7872
1251.9534
1003.1609
955.56438
712.83046
948.29823
898.94391
1216.0417
942.39936
908.62534
865.05758
1055.967
981.85559
544.40291
1050.4729
1000.0908
1195.1815
926.64193
947.55302
932.22911
930.06995
754.19559
746.1796
1037.3674
889.38066
1043.6649
1048.5296
903.2154
796.94226
840.56278
911.83713
1074.0933
946.68538
1064.3592
977.74138
971.87983
968.53745
1348.4153
1149.8473
1232.7106
976.64461
1204.6452
825.64458
836.43139
987.8875
974.8188
1048.5597
932.59698
965.8924
772.24109
997.64431
900.44357
888.7274
975.53095
836.29561
1024.4612
936.73551
923.98638
886.8413
1010.5886
936.49324
1098.8976
1278.5272
1042.7166
1168.184
983.20858
1018.1204
1186.5556
1190.7614
1201.9528
1232.4296
1159.77
1177.0828
1228.5105
820.4521
978.70605
836.549
1063.134
1352.8252
1294.8111
1000.3325
1082.5611
1110.9269
1163.0264
1183.728
806.57698
938.80176
1025.1528
849.08092
1177.0199
1113.3937
785.67029
838.78713
983.44145
1144.2984
1299.8201
1114.6555
1241.7351
791.28797
1312.892
1220.6539
1175.5609
899.70717
1098.7505
1102.5215
1037.0397
1193.627
1099.4453
979.02991
1283.2012
1071.3188
1095.6851
1061.671
847.42251
1172.3202
1192.0748
974.74538
918.23599
816.95487
877.59637
1251.8314
1036.6028
1077.4443
946.33924
1201.0162
1117.7594
974.26881
1013.1321
903.35043
1156.9632
912.94099
1054.5834
1016.731
988.14075
920.61561
1177.1587
1001.4187
1122.8746
1161.6634
1134.396
1111.6005
1103.1287
1040.6659
1248.9934
981.1763
816.87094
1035.0031
1232.1412
1279.4537
1102.9816
1224.3076
1104.9013
1139.5641
1000.3648
941.76781
1035.8007
1149.0642
872.24462
974.33413
907.92809
905.03302
718.96279
1143.5432
958.30603
835.18413
967.03944
742.60769
1179.5946
786.77609
864.26134
1017.5597
816.61904
774.04445
730.64616
866.77957
928.95262
926.04482
1168.5464
1339.405
761.36065
1190.2446
1048.2631
738.64692
1300.1965
948.30983
1106.6002
1271.9765
916.19805
883.88684
970.9173
977.97053
938.94324
951.59944
1213.5079
1288.9646
1041.2212
897.43987
1248.335
1061.9414
1068.7251
1175.5029
933.44714
1131.2715
1053.7744
1049.7371
1298.329
1197.132
1109.5694
1068.5125
997.42744
1203.8117
1312.4077
1260.8686
1279.83
1004.2324
1236.1438
874.02871
943.57565
874.97527
1133.1505
1109.586
846.76652
858.94965
962.86544
953.02786
947.0332
1276.9415
1185.6571
1109.4295
1239.6126
1005.8992
949.4758
1002.8664
1091.7922
1036.0536
1153.7125
1093.8775
1283.6962
969.04839
1143.7316
875.80914
986.51672
917.59222
830.24452
1069.8051
878.34529
711.17971
852.86718
889.00006
889.6491
976.76985
718.16861
1098.255
1158.5467
739.47468
795.23726
834.59416
661.39846
734.50861
918.65845
833.37153
948.34112
609.19464
847.41682
788.46405
1010.1896
820.69135
858.05749
795.44001
880.81032
918.90865
1138.1981
1161.988
1149.3214
1070.4301
1111.8746
1071.1806
1102.9846
1094.3559
1146.8958
1192.4134
1135.8151
977.41063
1135.2234
965.59998
1090.7404
1033.1229
837.17679
985.94869
1060.817
1130.4628
1101.1656
1067.4276
978.34641
927.36468
996.55948
1041.9201
967.66957
919.69909
1124.9013
882.16883
887.3129
1090.0902
914.4753
1020.5333
1076.9429
861.36427
947.50176
986.63833
832.57606
803.51503
649.80609
982.77278
1007.1418
989.1805
868.35831
886.71476
886.68627
876.37646
901.67978
644.73687
537.61244
1072.7507
1120.0555
1004.3175
983.24875
877.49017
910.80114
1042.2346
1081.7799
1071.0505
986.83707
792.69464
833.75951
962.84971
710.77549
900.90804
1291.3924
1219.6798
1002.477
944.2194
1023.9681
975.70365
982.22326
983.0445
802.66251
978.53909
1051.73
1067.2822
745.85461
1086.5689
905.98728
971.03542
867.93277
613.02355
836.19022
788.04034
1039.6549
1106.8264
953.62184
1057.1018
1080.8864
826.4209
881.17048
972.26415
738.73019
855.27624
971.30255
835.92051
959.23327
977.57883
1012.5921
992.99078
830.01952
596.82098
893.17125
745.17138
675.63666
818.70068
1057.5569
893.3387
640.28539
828.39381
1055.9761
1102.4886
760.79804
1042.5133
704.8388
667.11901
792.29268
887.375
858.97934
910.71694
818.25553
821.92752
773.84179
850.56769
932.66503
847.73091
989.22624
820.65923
951.70172
1026.5146
905.05901
985.72319
1106.5743
1042.3924
978.13296
832.01761
743.73544
1096.0828
973.57496
1048.8152
915.62363
898.03357
921.51257
1030.6749
902.98431
1099.6949
1236.1607
987.95849
719.71529
848.17621
816.734
888.53014
897.01028
801.51424
742.3912
676.79983
948.64982
1015.2125
915.36791
724.73839
1035.6094
941.73207
830.46957
806.49175
1139.979
997.79731
832.87099
937.33185
1076.1335
949.23141
1061.8984
996.45662
1022.9928
936.50991
752.35842
731.35264
875.86107
906.52025
914.20518
1279.6273
777.14795
914.12348
1210.4384
751.50368
887.34141
996.16332
1094.4619
957.89278
953.94483
1072.4622
1039.432
1164.3296
1027.7864
957.32852
716.53076
943.29489
987.89448
833.95554
997.58801
1442.5445
1259.7578
1065.5904
987.55877
607.44237
1070.0523
1074.1387
1083.3776
1147.7777
1166.8878
1074.6805
1072.159
909.19255
868.16666
750.37495
797.7571
762.4038
1017.8127
892.08135
1108.0783
974.19693
902.39201
851.71729
812.33965
1133.1032
1273.9796
868.32124
1145.034
811.76682
960.40937
986.61854
924.7222
694.41833
761.03657
959.56297
1253.8846
944.36611
866.40615
1115.4351
903.9032
1059.6686
932.92712
969.02852
829.45314
1259.1658
1133.3347
972.26641
968.44389
984.39492
1037.3907
1210.2903
879.47878
1075.9385
1136
1149.5888
1192.1597
900.53876
966.55151
880.41021
784.90851
1041.0029
1036.7105
966.58579
1102.9681
930.7704
796.97725
925.44325
715.05602
810.45099
936.97277
1016.1111
896.87864
572.35476
714.61584
637.37856
817.38264
960.04035
849.40245
906.73649
815.1579
616.45521
964.1591
725.40706
876.37909
670.82493
961.36151
810.92743
704.00096
1034.3991
992.84535
1061.4197
775.43072
682.74651
638.93483
733.33774
1006.9294
808.99898
999.50964
942.29747
720.16605
950.91942
973.90878
881.36814
1166.2051
1039.9492
802.50253
964.43129
1037.3983
881.2754
819.62017
743.51326
533.28714
680.77731
754.63358
684.06487
811.53501
791.39511
1022.6697
952.30034
864.94943
794.01054
627.18207
838.44648
657.83222
968.52757
835.81803
710.79784
835.53299
610.52553
371.15293
667.01633
770.76072
1035.8555
657.9931
608.02869
685.97961
758.76399
818.37855
609.6305
961.77643
1007.8057
1089.1581
760.74157
867.55246
943.59876
1037.9366
916.35488
886.17591
691.72968
743.55749
1002.5189
1118.0857
904.03495
947.58332
641.4151
664.25281
858.56207
780.16956
803.74281
708.65228
863.687
934.99491
844.25648
829.57123
906.70155
773.33968
873.62323
1047.1734
1005.9942
987.54972
702.05074
660.80379
712.72431
968.13054
895.00826
1033.4206
818.38678
862.87181
842.49258
907.83855
1235.3631
1167.2537
940.33126
964.07499
1127.0645
911.17605
873.25145
767.06161
896.18694
1005.6053
856.12491
843.59209
876.41793
604.70529
924.58064
964.22198
816.00834
720.54529
822.78964
1062.6563
734.2083
861.52035
654.5682
870.9149
888.25606
760.81855
669.80864
943.72879
858.65142
924.82879
826.17887
602.6252
658.254
633.53091
567.35263
890.03548
882.32147
967.94155
829.65819
935.54381
910.12041
754.77634
1175.391
1109.8207
1242.7912
978.46826
876.34989
552.38016
696.72978
896.09675
818.91355
820.27427
920.49362
871.62459
882.23042
672.8828
774.67302
673.14071
475.72565
775.9897
792.98135
600.81859
789.05884
826.49391
884.7451
515.89905
1111.4737
582.96997
789.38933
734.03582
803.116
680.41821
772.7803
797.58943
744.4169
896.75892
809.82331
753.56186
785.86656
786.24212
843.29224
952.4991
691.66667
802.83669
741.14876
743.37876
775.46288
790.49533
746.24964
1007.37
1020.1353
763.17072
896.91707
1161.9073
952.72256
1094.3988
1149.6132
957.75552
945.43007
776.69062
1073.0065
965.48996
953.92165
872.41333
944.57962
806.26728
683.90255
1083.5137
1103.1771
939.10731
808.15168
890.8103
905.49908
1094.8258
929.40819
861.27454
1070.3514
842.92746
719.25383
727.3015
1122.0199
907.74969
772.82199
807.25608
770.71945
819.11188
929.90259
798.83386
764.61738
869.69414
924.08453
706.55868
709.43497
785.8574
925.53206
607.22257
964.56209
835.24642
967.35733
734.20106
671.9941
739.86626
684.21397
605.379
712.03446
463.56466
682.78478
712.83294
566.2957
595.46967
476.20138
700.79058
917.94441
766.6145
704.72587
798.33681
783.13163
650.85543
920.13411
726.40484
669.63895
655.83026
851.85303
477.11903
451.20364
820.8716
676.47034
708.75205
772.37135
668.34678
792.2292
691.39065
757.18806
771.0399
739.27607
598.52191
762.98395
761.62115
760.42828
892.09764
688.25266
945.79622
767.56678
790.5845
700.42523
741.72036
704.32411
747.50739
899.96312
818.07015
594.67972
726.8972
833.45827
832.19767
729.61566
724.29834
694.55507
758.87203
763.92099
482.60788
879.49604
723.93677
571.60401
667.52741
552.77911
622.93057
471.47546
817.13637
547.59178
595.52284
725.59151
521.67361
791.81488
719.55576
673.21713
628.3169
727.82238
838.92354
679.50253
845.29482
808.32126
836.59462
1213.8783
875.71825
736.27308
1048.9722
1219.987
695.71403
815.02392
850.31563
781.89953
694.50039
952.61749
902.56206
914.78032
873.55888
614.74551
534.97617
782.69179
794.2149
674.81847
731.48372
670.56016
679.3541
628.2854
755.79988
816.63757
940.63386
812.96551
887.09994
675.24649
548.71503
385.68944
564.25773
664.99981
689.94558
861.51749
870.07082
737.54892
1017.3591
832.14092
936.39334
722.67143
728.12145
779.80632
576.38439
896.33594
611.84402
703.95308
803.77135
708.33466
615.3751
666.53626
743.90035
729.32564
1051.1397
845.77197
581.15602
904.4739
659.76387
416.79054
530.32571
673.74922
817.30775
571.14578
831.50404
861.05044
765.26583
813.13022
905.04129
752.84475
980.26508
665.62844
901.56703
550.14615
744.6823
795.35487
608.46162
612.25886
580.46596
545.64736
590.83853
613.646
725.16891
629.2414
457.99278
521.0551
705.82833
660.01216
1004.0961
739.15481
847.98258
724.9851
736.76653
697.05419
482.65178
669.00838
600.54288
416.25908
530.5597
603.16326
669.17729
888.90014
749.86276
667.15796
621.46701
885.76784
658.51725
732.6242
799.76795
517.85559
730.22251
627.02457
937.56083
735.48596
980.73374
700.02013
777.28717
937.22968
898.28017
958.55789
640.55759
749.09794
1030.8759
673.55379
719.96257
871.62295
816.14473
799.58853
910.69789
750.3126
927.79071
651.06826
867.7094
804.21544
597.7256
283.83282
411.04356
798.02052
865.00742
1014.9095
720.19511
772.11332
843.27569
725.97906
657.85139
704.25896
697.72571
695.2089
928.73122
844.39794
700.77388
674.20746
728.24919
651.33533
872.31351
680.43703
752.93242
681.94331
554.97028
542.64924
614.5426
480.87018
837.71048
749.0966
565.96987
773.121
689.06564
423.85055
576.27896
425.68591
747.15009
825.19045
603.53744
527.32265
987.25608
813.9509
656.0869
587.03275
855.58425
798.28478
739.65439
687.07678
664.63586
570.02965
579.44215
540.92778
743.39001
605.37818
621.23576
577.80719
940.72878
809.10671
389.5775
463.39092
448.4986
713.69139
737.79435
842.59698
899.81454
867.55113
695.24768
459.35069
503.59365
612.66552
817.77749
786.31817
591.61752
735.13298
420.24935
692.99283
778.34605
749.77346
667.19465
623.01731
647.41357
461.47833
586.22725
502.74739
709.27238
626.05328
887.852
519.4154
623.96162
706.17445
769.73573
489.20726
349.958
365.00886
640.93669
601.22218
262.59493
676.11786
635.77706
736.98439
631.56813
687.38008
891.67687
910.69222
878.20336
775.84907
621.29538
720.44794
654.89737
733.78817
641.54503
610.46677
624.6516
717.19359
424.24595
758.68176
660.34251
758.39953
809.85584
850.25258
866.36474
738.17185
843.19169
659.84722
884.88349
513.17965
625.63833
550.8131
824.48915
652.05361
634.82777
843.95561
677.28778
1033.2074
849.62903
760.00424
672.22822
734.27374
786.76687
814.15336
721.41151
563.82371
682.89472
680.58643
838.9552
835.64676
768.93664
1003.6181
961.60811
958.38893
693.48841
589.34525
944.28575
670.08452
859.26909
674.58896
798.8349
850.20826
510.3351
474.97623
601.92565
628.4552
868.99942
722.77903
883.30883
772.70206
829.35569
738.92346
588.37963
752.3471
989.90657
801.38168
643.30629
630.9885
552.71335
633.9877
693.78765
616.60971
815.05167
648.3374
630.69065
555.10331
701.34568
752.59069
893.49775
566.61044
693.94854
600.80906
471.00021
640.53075
807.24137
707.60097
523.26162
584.63243
491.58563
533.51081
571.55991
709.68713
343.54232
422.99186
410.08847
518.52913
604.24258
781.15871
868.08176
833.31094
801.53958
762.09747
718.09761
468.62628
769.86176
510.78627
787.01822
730.26713
621.20152
609.11924
618.95915
713.72442
826.14151
836.70629
895.18449
782.25646
789.32784
887.29741
576.97888
689.95151
734.86109
731.27525
858.23178
817.16124
713.37295
423.9167
434.74041
516.32754
576.30855
560.20008
760.16286
738.12649
753.74184
482.35011
533.85184
360.70557
771.0411
603.68768
720.99266
1056.0205
767.13629
699.4846
790.23361
636.65277
740.8941
686.83918
735.69355
720.41385
703.04059
648.56707
818.41073
675.93138
618.74003
757.8215
887.42309
912.76163
691.52308
650.20102
1051.2813
731.46912
497.20403
719.35553
964.42879
815.56003
748.6853
835.01856
761.15407
695.83172
655.73298
750.85485
406.769
836.50059
754.78861
928.10271
916.6655
739.32035
1101.9283
879.38263
983.60397
757.47387
926.93454
710.59715
953.04165
851.25609
479.07037
642.97663
811.34334
890.69337
717.08047
659.41549
614.65254
700.51463
956.04541
767.31488
567.39626
517.61963
534.71433
690.09782
706.89494
820.66231
863.26132
984.97699
662.16075
742.7443
798.14142
846.82879
814.49355
698.10874
770.04509
596.67393
795.90303
993.87837
595.9404
768.29723
546.79335
466.78377
590.20086
1026.3277
930.97906
625.63346
803.30261
678.07926
908.20411
753.27224
867.60058
842.64679
714.68359
580.09908
697.2412
653.19504
945.54842
781.47363
729.99654
899.56453
526.07836
748.57531
693.55026
990.99549
829.27739
779.27573
1030.6772
757.60529
863.59739
476.97825
591.53838
547.54482
640.81398
920.12755
597.46349
966.92982
788.39997
938.86547
791.17443
899.4072
823.46665
564.67161
678.57139
813.3023
686.7427
666.48911
709.79444
706.64091
777.70945
570.5696
507.24526
434.6173
378.16266
562.00213
473.6137
755.37685
738.98544
672.51152
782.13593
559.30391
481.96207
315.11434
558.36448
825.76055
574.53633
539.71659
500.61326
467.42581
783.88701
836.62487
766.64715
921.45948
663.05379
343.04589
375.50986
479.62183
441.77079
373.64477
640.97806
707.97902
627.61204
589.81793
647.67582
702.60406
832.75356
654.33125
389.24308
449.35678
398.60998
590.85991
516.05944
656.32295
540.10745
737.57066
693.86102
580.08062
638.52597
778.33628
892.58518
1097.7894
570.5027
622.37196
703.97123
576.58377
686.01335
822.80622
663.73517
659.46287
901.77195
634.8378
606.7765
737.17264
722.3573
755.43852
638.73839
636.07646
682.97849
838.31065
740.36224
644.794
637.86119
525.65832
721.75848
799.3925
601.44213
597.35384
600.37795
671.20586
641.32243
638.31137
382.39024
342.43164
576.43432
783.53799
786.72546
624.76689
604.17834
720.51238
554.7761
637.19477
427.8213
602.90173
636.33771
795.19705
452.70884
617.16615
615.31726
630.13733
415.14133
714.69077
580.37737
648.99432
620.70296
692.35245
633.55551
612.80375
789.34674
621.18391
612.92233
471.26065
293.60329
622.47462
584.73345
591.19629
576.24278
546.16073
758.06014
894.74319
555.76891
664.1922
733.63763
731.36946
794.46213
689.65164
757.14489
499.66092
710.15867
735.04504
382.3738
701.55301
632.82852
240.92986
323.39688
836.98434
679.87512
768.34022
676.35512
551.01331
583.73962
365.09609
525.00129
794.21347
391.6791
390.03925
402.86715
750.62027
637.68396
341.19473
762.38859
869.17819
621.34287
597.82468
701.87998
574.60555
602.43969
702.66424
756.86165
918.36983
621.23872
769.05993
568.22956
673.73757
920.96911
791.9552
682.66103
1042.2509
624.13581
709.2182
772.6292
811.36409
702.34277
420.43894
666.40153
535.04101
671.91585
686.5038
643.29982
713.92412
621.86679
860.99075
867.21188
904.50691
624.48736
892.8027
718.45891
511.09834
412.36738
376.85626
499.12061
515.51967
546.59154
568.09825
731.79022
672.81619
500.14422
378.75788
608.07083
744.03899
906.79874
783.54442
579.58262
493.57308
480.39842
611.42845
541.19049
571.32994
629.50338
538.89508
646.11311
555.65525
548.14002
621.40575
755.29375
618.83187
711.51334
603.73511
585.89547
409.9273
572.21274
616.88582
636.26687
636.09244
667.10646
416.13175
581.55607
306.17485
525.14096
493.31726
658.12434
525.4503
603.13649
552.29561
377.76239
674.86207
582.19893
591.40279
705.48335
577.70007
471.18389
365.93363
514.75473
523.41413
552.09891
651.69097
602.07431
868.16224
753.98319
526.77147
564.9253
383.45688
613.46037
434.11788
720.81922
451.35592
428.95114
733.66984
747.99394
777.34014
565.57082
489.61327
481.20258
499.19972
490.10557
504.18444
850.06466
653.76527
358.29976
333.02997
668.99407
687.41757
760.57113
447.66709
588.2033
606.06189
387.16512
302.48309
318.80634
541.4696
595.83036
630.68355
709.42782
652.32567
522.36999
491.48016
615.46114
525.81487
562.35726
625.94612
639.69455
827.56722
629.93347
1029.5336
1091.2345
616.91696
845.56951
733.6195
625.53789
669.14744
479.73125
592.31792
568.85432
614.19287
676.43262
390.2831
474.3644
654.38125
819.11623
623.60907
570.93855
809.96877
884.10336
801.18854
515.29473
652.42644
296.02795
642.50182
452.927
400.24315
526.67708
423.97105
563.89381
786.79746
430.12494
487.05774
597.73519
159.6843
294.16167
346.81051
647.70791
378.66552
491.37881
427.41831
682.56263
577.61084
624.873
531.85874
535.31878
253.95037
513.83003
485.79157
712.77359
487.08317
540.02331
917.34172
465.62339
572.77791
469.36897
381.51688
701.20694
755.72266
716.23496
769.8503
652.57411
688.43243
413.14725
405.24229
483.85817
687.23346
656.73187
446.86098
705.06451
733.41308
356.52384
641.00348
635.61094
658.10807
448.53629
590.13655
514.70764
796.9109
1030.9348
654.34683
669.98225
505.00836
360.35536
514.69039
451.23102
958.00402
575.99328
644.217
733.28755
772.35701
556.73871
592.85252
564.1018
736.45516
599.24118
623.80646
563.77634
600.81777
929.73923
714.66632
749.3143
639.35969
420.98282
527.21604
726.91414
761.63048
461.35154
540.93968
523.13203
602.48772
597.54404
720.79204
879.36861
659.09901
627.50513
684.11413
578.64757
709.44998
542.8919
559.21253
898.74284
663.72325
541.42006
466.5122
449.97344
790.56447
869.72524
554.49177
385.2547
675.03968
564.48767
499.14123
451.45201
623.1543
676.89046
582.91522
675.61405
442.28582
565.48227
720.71361
865.50437
492.00506
503.64725
578.89385
702.58212
731.15038
646.11236
361.69001
648.27823
505.19805
825.07389
731.04236
666.82146
621.26754
459.82488
517.9367
686.49604
694.36993
712.56049
575.32314
511.1501
568.93113
618.55776
470.88514
510.96087
631.32693
488.90296
601.48291
516.81598
437.69488
681.77151
536.40205
651.13616
740.13999
554.41831
611.53261
595.37777
521.34881
583.74829
712.75612
483.45335
723.3289
608.84121
678.20212
525.94937
877.94541
622.94095
759.485
678.41011
603.20053
612.11827
528.56
641.49843
777.65387
701.1668
718.82582
615.56336
455.27801
644.83744
709.71498
431.62178
566.19685
623.76654
324.14208
343.53908
474.15123
169.6706
336.03928
361.90872
613.65481
401.06536
733.46298
514.84629
557.35056
532.0465
455.64364
706.66464
722.85613
840.27701
784.15505
816.774
595.41159
669.22994
556.1873
696.22976
517.55116
824.33887
590.92745
846.06425
494.00934
537.48261
489.96942
390.41138
561.64441
272.01266
564.30589
336.50289
673.45679
621.09308
462.39322
326.36813
629.73867
430.80989
396.59869
632.66994
630.80404
698.58369
369.71901
579.49844
633.83653
529.09275
648.69193
732.24902
402.90628
604.95315
555.96992
461.2791
691.65483
541.62112
532.63198
850.29549
496.22236
716.92001
493.11252
501.63695
475.19558
381.86689
344.60093
471.75797
673.63099
481.34095
481.85351
624.29868
361.98463
440.62949
420.267
308.01713
429.25409
579.90495
609.97154
774.28226
461.30085
581.85206
333.35943
413.48701
492.96244
683.72666
545.89583
476.78929
518.21308
441.7258
462.60783
752.50304
432.65331
641.23281
588.1175
416.58809
642.6599
348.32413
433.02222
622.03372
733.71642
541.44814
591.9627
499.93607
456.54567
766.37297
464.35365
537.26536
626.51233
419.62973
534.13501
400.90732
614.68994
353.30951
310.80221
269.34406
352.12564
413.43635
646.56848
652.08288
520.79875
526.71827
380.83318
450.42047
763.1626
498.49689
783.99286
630.14003
696.85038
327.25718
475.07418
554.28164
427.49378
337.82283
582.62381
354.79899
641.2046
735.74981
451.81909
163.14657
495.30195
236.29503
501.13947
598.52839
528.62898
532.10569
618.59135
696.87667
409.53041
223.54886
517.2934
340.00309
646.31095
391.43489
174.34778
155.583
546.12941
742.16404
495.14155
633.91148
390.04497
478.05124
264.43625
375.87129
310.21012
540.84191
230.50241
431.33845
648.17896
555.23199
619.95469
668.94992
473.57567
547.46002
621.26249
649.54242
868.61252
816.47139
830.5182
507.23509
423.6797
427.8348
661.69552
708.74483
747.48741
644.257
565.25603
370.57076
639.40338
562.23028
496.98166
452.86331
674.74254
570.98087
594.90265
583.96674
356.34508
416.12239
197.90807
616.40606
564.55639
552.51032
689.28907
397.92101
699.00364
558.44559
560.37643
491.26231
423.55915
447.03513
510.10971
484.04096
560.79907
437.96892
576.30049
553.64874
629.84256
595.34634
625.00894
498.00737
598.10685
757.11821
597.29812
546.48983
438.75855
606.23357
460.34219
789.74264
531.29368
753.31721
304.18483
434.91286
122.81742
308.18001
354.48596
498.98526
429.17491
582.16798
500.23905
276.47521
212.76988
415.11367
241.58743
470.55235
674.18886
467.05043
463.93463
508.76715
430.07259
367.49463
712.02401
687.88405
575.78641
605.1684
681.92323
617.97588
512.22636
397.85312
804.9584
736.00209
645.91228
552.87337
344.8859
508.1632
394.65739
297.4548
379.71151
352.50329
491.77712
614.11393
545.68882
393.18734
539.67812
511.0258
390.91348
497.93696
329.22997
400.56743
527.4244
576.26191
479.00357
624.39156
467.0219
529.41044
752.46092
702.33465
542.33771
535.45311
228.0896
440.3251
514.47876
579.95082
493.55246
538.58714
370.15905
497.23297
532.06368
838.19174
698.5458
765.85199
532.21949
879.52376
689.97838
725.44414
552.36822
598.84858
822.06982
637.13498
662.34267
274.24109
539.65051
816.74175
510.75894
668.27601
587.72916
821.62081
676.65999
777.62703
755.01849
517.41383
658.83146
229.08865
486.40501
459.68366
316.14583
583.73212
430.58653
547.46407
773.18709
672.06925
564.13393
595.44329
518.08239
588.93913
733.51831
347.83317
420.98116
316.73996
639.57303
753.58762
661.95744
397.27665
607.3498
325.09194
423.06785
194.92461
528.73171
555.7648
516.13286
546.15896
406.9701
577.4385
535.63981
539.20528
396.16271
486.78306
209.45118
497.65141
660.47389
536.61054
527.4279
591.23248
521.33865
399.42765
675.59067
390.49851
640.20367
713.53795
536.71088
517.39781
427.60987
461.32274
505.58957
623.71563
512.58018
361.15838
196.36369
193.98431
530.51777
479.03161
501.68446
494.24987
516.16618
316.44541
285.10761
377.49535
366.20016
303.41814
322.38328
198.42082
0.99003226
397.86246
224.46834
328.73359
480.03249
449.52245
438.2042
423.42945
579.22904
316.66987
527.42898
436.98182
581.9176
430.29437
457.03026
508.45267
438.79694
564.13114
197.47914
422.7777
478.71776
654.05865
787.32026
553.10565
621.311
656.74847
648.60035
668.4722
696.80836
455.33921
327.49485
503.58992
468.12148
693.81243
423.65635
585.90238
454.81579
448.33038
366.35871
544.86498
453.41857
641.16838
424.53878
366.49575
440.34656
602.35591
551.46452
536.91244
569.56441
464.55549
525.74025
420.72239
414.02968
509.5797
603.86877
619.34101
720.04847
838.83637
856.97856
487.34127
525.25737
550.1268
488.43664
333.07089
566.16372
471.95394
716.17289
802.08055
569.49489
337.75215
380.93133
640.56021
345.97964
215.72111
267.04688
580.16535
298.06546
803.05091
617.1337
495.3967
686.33381
586.90859
583.93687
920.7324
722.95329
629.71478
484.30788
486.26007
489.68881
681.80002
290.96702
485.89938
759.28199
526.84478
457.6687
524.80101
490.31267
476.51465
741.0988
625.61118
632.97872
400.92491
605.52636
462.4795
494.99832
759.25357
852.55821
766.31239
764.46301
827.62367
701.81337
698.62221
395.48417
412.56971
492.22798
627.21074
504.46692
585.11624
700.65626
438.22684
690.53495
492.11628
519.11311
585.38733
498.62401
491.56587
740.58422
787.89417
646.65733
538.00629
513.45559
578.6896
371.23622
413.73688
574.33546
438.77763
400.14591
484.29177
635.52652
585.35171
589.27269
398.41701
338.13609
511.1706
513.37556
467.33625
405.1704
581.54744
369.15819
622.82979
553.82611
544.27406
307.33876
89.162345
573.99908
474.63256
717.94536
537.96051
635.45731
547.92475
610.88645
369.2568
561.17072
383.0655
394.82523
513.80307
438.39836
646.41749
593.70903
579.26777
625.73253
413.22559
581.02745
419.9941
706.70558
683.35682
663.83621
323.25968
458.0109
784.63306
871.08749
236.81006
460.7459
510.87249
598.69177
399.54976
257.65099
412.7383
428.09468
549.65798
321.57942
484.47982
389.78738
430.92211
819.37618
651.58926
381.77035
651.63737
653.64242
554.30032
524.28048
588.62591
670.18568
524.90431
668.14247
322.52863
394.23628
554.65429
497.65857
499.99276
487.92164
634.34929
695.44322
563.0224
626.83047
729.00716
675.96514
519.97251
442.20367
397.52356
469.79069
742.82501
549.06378
244.46513
375.60575
227.42617
390.86019
415.77321
508.93316
657.18746
391.77083
446.71538
466.85968
686.67153
707.96978
651.20755
704.68917
613.28954
459.19452
273.84935
228.75518
339.86409
431.70827
622.41333
418.74515
587.31763
195.51494
502.41714
306.88456
607.35599
595.09883
340.01233
582.71512
517.36321
492.72802
245.82272
687.71872
632.1239
572.63464
441.35591
480.47426
363.00564
408.95614
699.08004
610.22432
649.61687
672.06402
460.93563
608.91269
327.33373
399.89602
458.63717
538.43515
462.95508
274.48541
422.30949
438.35753
427.81857
571.83205
704.78748
399.54901
558.58174
575.49985
506.03747
542.51732
798.78175
630.09021
406.84772
391.65796
624.99667
643.27037
508.01883
354.0853
535.6374
648.82774
563.2658
677.6442
570.94051
402.49114
538.7719
381.13797
233.78085
580.04812
450.82394
373.70318
903.97758
470.91477
419.78015
353.88101
540.69387
582.96619
580.27603
525.21391
363.05558
577.69068
703.29377
554.33237
798.22501
670.92509
429.38411
545.49612
445.40262
503.76253
443.92912
499.69263
437.60372
498.82729
245.34459
433.78894
477.47701
526.58614
468.86729
543.79954
417.75868
475.78353
487.281
278.39553
234.60483
434.24713
360.36825
702.49207
565.89647
572.65614
532.72268
341.20161
380.14042
649.24349
733.78857
657.18063
495.91078
515.82295
474.52259
359.82084
683.5842
772.09163
159.08659
292.21955
315.0883
609.2691
719.50163
553.51468
446.49881
427.42124
788.87191
497.72444
512.87619
670.7473
670.34483
680.7186
585.47729
632.60685
641.71505
422.30905
482.18239
423.36103
494.05648
539.91856
632.93422
303.09481
568.44493
559.94474
421.48785
390.47105
279.78905
490.84188
433.94286
524.58935
640.61326
698.01994
582.50115
339.17769
469.68715
674.84659
502.13979
624.9569
515.01906
341.58768
238.46038
252.40651
576.64835
448.89804
446.19413
638.31512
804.37893
497.45111
633.63633
699.22049
685.946
866.47885
698.53283
580.3417
511.27094
590.38027
710.27543
904.29792
624.91401
446.29928
517.88501
674.29476
924.0954
795.96612
565.66073
559.6204
684.46989
465.28237
243.70327
641.65631
426.14156
661.2456
643.81575
355.25342
591.57237
560.47925
716.09693
463.71153
760.71655
474.83421
511.40656
584.05674
568.91022
373.96114
487.80366
598.11513
394.04127
533.00293
402.3188
320.08143
658.57196
682.0953
530.6933
538.73667
453.21705
276.8096
288.98856
439.35295
764.44782
417.3099
416.89878
497.00925
579.07228
538.72244
630.54891
842.85277
643.12107
353.3902
575.82664
681.21324
548.22491
577.28052
628.92415
423.02742
130.80847
755.76011
662.48341
522.90795
734.75645
695.81661
752.73211
549.89758
600.10495
543.03082
604.55315
563.00519
537.87615
693.87883
782.97898
831.73969
448.83126
444.25088
416.65881
552.03952
698.20881
460.62289
416.47072
591.59032
580.26774
673.95715
645.608
274.36689
594.00929
580.14299
474.47741
378.59401
694.11411
483.25744
443.49695
546.86475
540.3435
845.91539
501.24378
342.93444
674.62778
878.0027
683.31402
452.51083
522.0249
353.11475
512.20292
343.5577
563.24741
433.89694
657.22822
360.95739
234.99338
317.83404
425.09809
749.80991
266.52895
711.96771
519.09103
799.46107
566.71796
362.35616
470.45247
301.00956
637.09014
396.3841
568.28234
904.55485
742.47513
710.75407
493.33477
371.01024
532.88731
517.58566
548.75244
785.47561
684.14314
582.90595
202.43319
470.09706
639.61405
497.60973
683.03901
636.53932
524.8372
447.95039
454.96995
502.92595
726.20415
614.32558
606.06857
457.10616
557.15536
432.71942
373.71866
638.22924
369.28155
452.5826
597.89428
497.66274
788.46754
574.65399
446.59029
416.67183
377.75066
567.53797
477.08688
670.46817
479.22204
326.61523
440.97026
349.39974
590.21955
547.32949
548.68314
296.56405
506.45098
344.39291
613.62404
710.46565
734.32928
648.52387
420.55702
693.65259
647.18902
546.21852
502.5232
510.11885
540.70278
534.06661
560.50374
580.20047
361.6678
538.98596
425.04133
558.82557
669.1515
902.9913
581.05068
535.54132
720.75821
495.8699
500.74881
741.25166
590.80655
850.40833
733.90141
425.76753
589.09879
347.38172
560.68787
420.02986
772.01262
631.38788
540.09183
360.82292
359.08238
443.59135
616.01179
550.44444
651.904
122.84328
606.51437
766.00574
716.53488
893.94897
765.70157
539.03034
581.03013
609.71936
685.47326
481.67672
558.96128
320.33901
460.97286
692.23207
620.76675
564.58487
629.56087
549.84111
370.53867
431.35199
569.60367
485.10795
307.6911
575.74838
893.24639
853.68617
881.35519
415.20812
554.25146
509.74199
713.8605
453.60102
499.2223
616.83085
671.57039
796.23257
298.97998
232.47099
220.07846
279.04151
515.32119
853.89031
669.483
474.30946
549.99463
557.58813
418.84944
493.17455
677.37078
492.54635
601.04529
621.49435
428.78497
483.54304
528.20035
495.30541
612.76795
683.33342
651.41865
753.31549
647.82122
953.55679
546.24531
545.33183
543.04726
432.77922
224.36002
554.30699
601.16159
474.29662
506.40854
743.5579
405.47367
572.39818
705.37936
641.74344
418.48523
476.46102
570.43808
300.54034
489.95479
689.93988
601.02206
545.55616
507.0696
587.0058
744.97856
512.60024
659.02992
686.03055
547.14693
491.7815
420.99381
645.91529
589.15763
659.8041
625.03753
546.8529
213.869
625.89902
649.91706
764.93911
551.23617
575.65822
465.05373
447.67476
540.18899
638.46155
618.80382
589.01753
470.05709
691.02962
527.66611
348.7619
746.25786
455.50585
478.08267
713.93147
379.71156
832.91815
798.9953
722.09941
816.35728
608.89669
542.85222
549.02355
664.36658
714.69622
666.29305
356.91339
405.60084
369.74857
472.66365
877.41534
817.91108
618.7821
583.16245
343.94051
490.70351
364.36708
683.38993
641.86704
687.63459
554.35155
400.66666
329.60758
474.27374
636.68378
708.99802
884.19329
813.37692
806.99914
655.5204
691.36857
679.9199
745.98181
602.39598
479.58671
525.63083
435.49103
321.97419
434.49527
497.87303
636.96866
327.852
605.93232
495.79431
388.5172
422.2166
747.18766
634.43453
514.10806
663.23882
613.7455
650.19581
467.91187
793.76667
579.74588
756.13039
669.01931
435.92533
527.5632
762.77132
866.98432
550.7627
675.15501
645.45633
630.29941
705.02938
831.14026
570.55708
608.25857
481.67705
473.58103
718.47777
894.4618
720.50539
856.38445
719.56905
508.29698
714.47795
485.31906
701.41745
853.34645
684.64986
682.22725
728.43643
406.26408
546.00879
598.08064
729.33955
787.83377
850.78809
509.48309
565.53195
654.38412
391.89029
901.33852
824.83821
562.19568
649.30363
505.19183
557.38072
665.1621
733.05303
624.39624
844.77766
755.41534
537.48327
714.58814
570.9757
726.87474
1005.0416
731.90928
678.00887
770.63648
811.98563
853.0566
538.89788
400.61152
497.85544
655.91684
589.53601
626.5604
780.32436
569.56263
851.32044
452.69803
676.49067
427.04921
468.34327
521.27045
616.17019
659.63353
604.45163
813.60245
542.53127
764.13501
476.98626
321.10114
278.08253
221.08669
581.84988
470.89403
553.42335
544.30459
542.18244
258.51787
728.80038
546.99482
618.16762
854.67604
577.62883
472.18951
448.01123
581.60208
631.54836
687.55898
374.17435
700.04932
483.0094
556.358
576.28014
307.88427
493.55217
732.66608
582.66017
635.47006
337.37702
144.88605
656.0797
415.91436
444.69983
531.94111
502.95464
358.24434
318.39636
479.58138
471.91785
588.62166
539.3733
740.4987
581.35827
428.36092
601.64759
630.96454
380.68756
736.7986
621.80135
549.54756
780.07107
740.10627
680.38866
482.14421
428.24526
879.28279
805.7083
564.18848
693.13405
564.55091
344.84088
481.6106
641.55188
380.71534
442.02825
587.64667
651.24337
542.55263
710.919
635.05966
686.70087
356.8266
488.15596
460.35068
419.51504
493.71707
312.05627
648.53733
566.88312
470.43246
898.38956
435.50314
402.83868
210.39956
517.9707
615.0089
569.17327
442.52545
432.44207
664.48088
433.75239
600.28601
752.97937
479.99176
581.53469
729.36922
774.74402
604.94105
470.56192
599.4356
626.29895
612.93346
600.18677
415.65161
507.30643
410.58311
767.43797
850.4499
724.92956
581.52558
583.67605
595.02811
511.07387
404.57998
574.27788
783.45944
848.61566
491.37988
571.81495
413.58607
654.22753
768.52035
646.8759
455.66652
889.38806
435.87266
763.80213
581.9911
854.9005
400.44592
492.81753
669.38077
579.97718
611.11123
686.02969
390.99473
559.35244
577.84639
501.43594
499.89676
378.21261
478.46503
491.11035
607.73472
396.32967
552.8783
453.10081
757.01193
588.83156
529.95606
619.51053
599.89155
308.17084
384.34765
420.53367
430.10632
830.44318
535.00748
362.64481
461.25703
159.75233
399.79587
510.40612
431.77259
691.87555
707.51032
825.53671
951.79223
469.53354
368.4151
818.42156
828.13917
751.01371
578.96535
509.93749
686.90675
502.06823
840.68095
597.29887
404.90202
512.2683
626.85969
674.9783
674.62247
521.0242
634.99799
643.00333
807.70635
531.95604
541.71769
518.17633
446.32083
427.15477
373.79332
483.89408
571.40545
430.01264
501.71355
719.62533
633.81474
342.11561
289.45056
302.80029
452.49705
694.30202
489.18581
536.79582
434.05754
324.60547
625.0968
517.13169
406.47381
350.91738
582.80898
556.1356
452.69085
583.69105
642.78867
593.89506
448.54895
340.63731
235.5784
711.59738
403.5626
592.89332
680.80307
862.08244
674.24318
373.92825
524.68877
554.72058
309.67295
571.72352
552.52056
474.72616
480.32295
547.49344
484.01023
609.76414
299.40479
234.46344
623.66501
418.64071
715.45707
677.46015
583.62718
398.1363
498.63106
591.95217
558.69296
273.79963
491.7562
615.28055
644.95252
747.59294
591.70124
396.16792
456.86651
525.91725
728.77746
608.33653
409.68207
845.70371
775.17274
539.28964
615.84374
500.11155
347.27231
575.75608
645.20892
491.81469
884.37045
754.53568
657.25214
472.38945
705.22002
463.31005
452.1831
867.25652
789.98753
797.60543
776.4861
502.56801
546.02524
545.10148
488.26926
650.25501
444.86136
638.63943
526.90929
782.19091
613.85127
646.4843
649.55676
894.22661
723.79273
682.06907
665.5776
521.03287
406.84697
679.46727
512.69145
434.57311
453.49509
480.13688
571.79383
585.04399
314.36477
669.62407
573.71238
428.79396
496.18484
357.13723
667.68364
299.74897
648.85148
493.45847
485.0747
524.39029
356.68905
740.26963
683.82151
672.52705
570.43639
735.74292
498.30573
777.99255
622.92047
442.81439
323.70474
656.30757
594.4332
614.04713
526.4235
469.87313
458.37118
938.06115
779.02465
588.21701
512.36468
453.47258
726.44724
860.25724
574.77015
548.53606
639.50418
504.33314
637.46417
639.54396
680.68023
540.26518
310.97511
468.70584
750.06974
612.60061
457.31919
484.17432
540.12782
597.01257
414.47698
578.81388
490.61811
426.60426
674.68911
669.6667
864.09153
671.60644
554.96376
606.50891
645.4394
579.93025
537.94483
796.6976
590.45291
612.14634
385.24732
625.60365
360.77943
547.63352
438.85144
669.5841
787.21325
591.14409
460.20931
562.08921
813.68133
618.23788
532.93313
930.96827
506.00199
568.18139
688.9587
664.76189
823.48054
831.62426
815.84972
570.29952
668.41027
698.76503
588.25691
475.12432
537.88874
593.87135
813.48578
519.92531
565.2651
373.79692
592.33974
852.88725
791.56088
543.60865
515.29207
472.6991
583.12431
362.98008
265.23707
717.72627
667.58981
695.64326
673.73505
716.59167
472.10489
848.17732
535.0316
473.98386
330.88982
425.72782
527.84623
407.64821
407.55435
638.0257
395.79061
588.99001
550.27079
583.85553
650.53181
535.63076
634.24574
530.80651
741.15683
881.26138
774.21344
712.27309
719.60232
614.71772
416.48822
759.30069
729.98641
695.28815
482.66583
196.04873
561.78957
509.39297
355.29927
705.21353
308.01819
544.17322
654.10488
755.41385
795.21392
618.05323
453.01688
522.69324
676.27807
490.16571
745.67615
571.95601
721.99927
303.66331
472.01155
517.33354
524.91992
651.19301
762.36435
503.14086
529.28503
522.70313
266.65532
377.77894
408.44297
555.47675
431.56881
530.83332
649.65735
294.47045
563.30798
469.55776
385.04286
880.41659
448.85855
579.25669
584.82246
363.79587
427.33706
492.35538
738.49084
577.21145
544.5902
763.30065
651.34637
600.5703
629.38447
461.10084
375.29339
301.29554
383.91899
593.70888
446.31725
198.39471
310.95423
479.80274
462.61825
456.99194
523.00429
606.43633
662.28182
735.95904
773.86866
645.7261
583.85609
437.30049
491.34667
682.65357
396.26995
198.75977
433.1627
565.99057
529.2857
682.4191
409.60834
612.71288
335.43103
555.71407
719.35783
334.94488
353.18964
419.73774
423.22536
377.50788
449.72885
552.70568
564.86909
688.5098
540.33357
385.79406
672.52238
383.1252
421.57387
588.82481
451.52039
508.14386
371.13742
403.79889
312.80853
522.17955
396.81047
542.21157
754.4213
472.08432
701.10178
766.61801
757.5082
785.59141
603.75772
404.64742
465.58586
631.04459
427.94006
627.53375
565.06903
497.08059
929.85208
563.08068
535.11642
573.12441
343.11601
439.45853
413.71345
549.0136
541.17055
469.17121
819.93635
643.45706
726.35678
446.64014
468.94225
591.14326
763.54988
519.59375
647.90273
592.84067
452.91501
745.11162
163.58206
625.75713
539.53207
819.2291
874.22242
590.95648
635.91547
407.88076
508.95502
464.51574
538.62241
698.37346
539.0872
534.50516
501.13767
364.61718
780.6984
629.9066
715.33153
657.09793
748.23566
675.82574
555.71233
676.29985
585.19728
647.09632
581.98765
662.26482
475.2326
593.28107
447.76391
502.97279
544.82928
563.10258
941.05474
696.00231
646.84453
471.72844
455.34297
546.86547
747.03848
641.61559
693.95713
368.53783
588.55081
613.78599
429.83387
665.20012
772.03834
438.19545
556.61355
261.6609
566.89235
508.88113
496.98984
348.95498
510.32301
436.90476
415.27406
443.07884
441.88485
544.33013
561.78345
392.51642
246.59457
360.19299
497.6823
294.26147
341.72048
405.83579
613.65866
567.32884
416.34327
592.84435
646.91031
705.29413
588.4989
504.96459
730.01299
314.55328
512.74705
664.33689
379.52104
645.9764
554.0463
453.93101
443.86006
848.82718
496.12915
646.89641
489.27038
432.62516
558.79668
449.83332
444.65306
729.17941
708.26744
621.93699
638.85727
828.51931
615.83276
649.97596
686.56525
759.90075
797.94465
651.30858
652.89543
658.46258
701.18494
506.25577
468.43715
963.57805
976.81493
419.14919
528.77943
578.38218
231.55603
411.48818
585.47193
369.75096
471.4447
354.17117
458.2991
504.18658
321.54199
495.80493
447.72905
625.47932
369.19462
470.0933
503.65518
698.92342
598.86834
664.17258
414.08427
539.27058
490.97541
507.22185
756.07807
504.98042
411.15801
488.29529
540.6202
693.03464
271.97738
229.98653
476.09324
470.71814
568.70903
479.18156
300.65809
597.4038
397.0185
445.46171
747.13666
747.10186
638.63709
603.37098
456.19529
268.29613
614.78639
295.90038
361.94841
537.65573
669.07995
360.77862
666.79994
310.99415
399.23478
657.11448
510.44591
337.36141
658.46436
606.81637
215.24615
500.25987
458.72652
493.70175
648.28531
585.3249
496.05839
335.78551
217.83256
345.22326
341.99358
390.72611
317.44119
408.75107
444.13577
547.88688
794.3913
481.99533
789.16766
428.35853
627.73518
642.14651
725.00411
559.73637
737.73113
705.59269
1099.1068
549.3807
834.17447
885.19502
694.80505
678.31425
867.80836
553.86858
598.97219
415.33491
594.98424
624.68472
611.97637
568.55971
613.99934
566.72964
382.41469
678.16252
470.61485
605.13861
580.06211
479.65098
440.15312
586.25904
575.48457
784.38087
749.82413
721.92281
619.40353
348.21073
507.30029
582.5305
546.82328
627.37005
690.70461
819.59782
611.88017
806.04181
437.04988
498.95918
647.35423
515.47438
741.91812
600.63582
408.68592
558.98581
473.56566
535.41798
506.54681
526.41316
273.23941
483.52189
563.81567
617.87047
527.05195
617.17236
489.88555
511.9502
599.01607
788.17905
577.17431
650.87436
523.71083
768.02684
491.77938
534.30169
511.52005
735.05652
206.02735
480.48884
384.07364
504.28612
972.1576
443.82083
508.57136
427.90744
513.60743
657.7061
643.32727
647.89191
572.161
645.99473
412.10806
458.77935
670.5729
681.29141
942.32723
641.73662
489.88481
373.67034
485.60403
436.14444
517.22544
872.91821
868.16718
644.84784
648.12943
418.49536
656.4621
792.05153
672.9079
578.13889
617.28424
633.84589
609.0607
579.51507
405.2579
350.82429
480.7955
455.0277
611.71494
479.18866
640.06196
397.92415
801.73748
295.98403
575.53661
755.0103
570.39785
397.12108
461.58363
489.07019
829.83684
273.87902
459.68487
550.08141
687.52946
697.92677
612.51345
386.30027
455.24764
535.96604
549.5104
511.60128
486.14435
512.40201
477.35476
616.14305
318.41321
266.22348
247.99117
550.25418
670.40548
303.35304
419.28621
376.49413
651.26961
420.83626
558.43288
555.60788
334.58897
625.47867
387.16249
608.75977
686.69533
602.36236
573.52956
387.21354
633.31534
548.38441
605.94224
440.78102
743.76345
575.96392
563.8934
527.03153
547.82644
234.77653
592.05746
418.59966
580.79101
340.27187
312.90857
375.40109
394.31443
562.35338
632.25832
553.60589
675.4082
367.77383
407.8064
438.66268
367.17898
541.10951
221.65846
314.10009
331.30281
391.93246
769.09663
729.37682
533.47343
391.23763
554.32316
741.60094
754.57987
854.74309
450.83396
384.29474
540.06999
731.28862
629.05709
449.15878
679.60329
482.03615
570.48564
439.92945
583.85736
601.82895
538.55475
366.81564
450.41304
330.88266
608.0086
395.06008
433.01556
276.0252
420.49088
397.5287
412.25787
631.92771
467.52553
421.0211
468.93745
466.56565
616.75379
680.24249
671.29277
575.6712
580.75913
664.86287
679.58374
424.32993
588.72048
557.33188
527.2083
606.29955
751.34697
620.7273
365.94303
672.24906
438.38234
647.04123
497.85161
449.82166
268.2058
593.78924
725.84112
503.50005
381.07086
524.70707
383.34451
396.13299
481.56834
449.04259
548.77529
605.53695
610.00194
618.74361
300.94237
424.38941
419.23987
485.90535
841.5096
454.66367
492.26086
692.12675
430.75011
621.67144
563.68909
507.7093
194.29593
388.44802
279.58889
315.1407
403.05486
417.57806
502.38766
465.76856
9.8176427
228.57808
181.80645
486.33439
492.43425
460.65532
257.02806
253.76672
462.61099
316.75896
403.10532
510.93863
564.93587
544.12121
199.86047
535.73432
434.53222
533.64203
437.28987
580.13498
501.99036
514.06909
688.20665
286.05768
467.64047
344.72904
295.44075
602.62934
381.6483
463.03516
477.74646
314.41928
346.78502
370.90574
511.56127
792.48492
830.68672
597.30873
568.20543
684.05791
533.84863
577.44611
654.10992
610.32444
810.82435
710.53758
692.13606
595.51825
327.60402
639.97891
626.87873
453.81077
484.98902
674.29308
572.93562
495.93211
548.95961
482.79135
357.98163
432.84437
550.2143
480.5621
604.1815
828.27643
455.87758
520.73413
137.30036
487.65502
487.1113
434.97291
693.38878
704.38014
457.50295
203.1664
361.85189
591.96758
689.64446
647.66016
278.43974
651.45162
442.2371
652.46129
775.85625
726.94607
695.27132
632.69068
454.28244
434.05082
419.85831
739.08212
551.41419
479.93799
351.95704
351.86405
496.75205
715.47715
824.66357
572.89612
694.1155
371.79122
344.97536
577.48119
444.55392
434.49379
607.90696
697.96075
581.23459
468.30302
303.57533
255.67361
469.83937
549.70386
515.674
732.56691
603.76107
490.02917
519.77103
578.74644
592.12215
253.82342
381.52314
487.83141
526.90925
365.56336
533.00948
541.20068
408.47045
573.66673
522.08476
636.67216
535.94194
637.37673
372.34714
397.06837
693.41897
362.74594
333.44549
318.54858
445.07868
552.9153
584.30918
644.12791
619.66517
485.44622
499.36402
414.09927
427.60716
629.26636
611.67893
622.57844
649.12814
622.78355
671.20609
927.6151
677.5691
628.63807
556.13355
536.70608
338.81565
375.30643
690.50419
473.36573
444.52213
819.05171
636.40883
701.97058
762.60545
550.56977
516.93541
829.03163
535.15037
478.9368
613.62767
626.87876
621.70666
654.37696
552.90603
587.64115
524.79357
624.45049
751.29794
471.89353
384.72878
760.14172
530.94304
438.68329
741.73155
310.65994
283.76854
524.52551
663.89742
434.91403
625.2576
524.74474
373.9673
584.74492
481.22188
359.77666
432.44849
798.36588
496.79173
515.96428
575.80743
604.66935
355.31203
462.54842
435.17288
552.32865
530.782
361.38226
465.38266
347.62023
323.0817
472.18647
283.23954
366.25496
538.71397
572.33235
634.27885
659.08079
571.41841
649.80446
345.01873
316.72298
290.30001
593.67873
629.88892
418.35746
376.8882
662.42915
395.06291
557.43596
501.39905
444.25364
484.99419
457.41342
316.10925
571.59837
549.63236
490.03958
458.11138
520.31529
514.6031
438.33784
445.04692
550.01389
577.14427
490.95821
522.05056
421.20866
382.57554
619.1458
488.9449
414.71328
485.04273
477.68426
484.55757
293.45011
217.87841
539.13932
485.84971
696.61824
578.82644
453.31614
431.57824
703.7475
452.33151
430.13457
706.12985
744.68154
741.38534
690.70455
583.33097
413.31465
607.06359
381.89149
697.87271
659.23076
550.32994
605.00212
409.53027
653.85205
489.94199
532.55969
517.63518
302.64642
311.12718
491.74764
475.28657
503.94488
454.49891
447.29175
564.58225
603.17297
188.57896
465.43149
545.75852
536.84192
472.67771
746.38994
646.90332
351.07325
566.09736
386.67255
658.08629
669.81333
718.27976
474.68723
281.25888
371.04394
459.7156
174.63128
612.26102
694.77175
353.74719
669.17221
682.48488
488.04375
426.81334
462.82368
427.65254
354.94017
879.10204
539.78002
472.09493
391.48743
635.85767
587.7096
687.57565
362.24086
557.99864
428.43781
538.82552
287.86123
509.55563
372.21839
495.75915
631.06777
430.54034
347.16644
318.26535
507.75056
435.53774
525.437
422.58287
630.53606
763.65804
695.80586
383.79833
423.06262
386.64709
371.77923
701.70308
670.51614
736.59194
331.61306
501.67767
555.84257
530.16265
713.57102
644.59143
612.41377
458.31343
425.23601
717.73994
547.2982
797.7445
375.85789
739.54163
687.84272
1024.7605
936.5044
402.33086
716.34506
531.97
875.15356
852.86181
577.54089
623.40229
810.44136
679.0214
319.24609
535.40134
448.63637
618.04787
596.32009
786.76879
863.56051
713.01208
481.6544
576.44442
321.18738
497.57691
558.19157
555.43336
482.10113
649.86501
498.28113
517.54371
731.18205
585.77404
281.77292
435.89962
661.34478
492.39828
599.71852
487.01643
274.89496
489.65323
513.51543
610.94648
366.95227
546.33144
552.88461
634.38503
518.90907
398.74115
542.84701
641.69362
602.47777
490.14724
673.82927
683.33943
641.22166
749.92473
597.13516
477.60753
673.52866
402.16335
527.89939
533.58469
539.07505
717.73454
473.25093
742.1455
495.54689
460.00424
620.32649
472.11219
475.98599
808.06376
920.41538
529.46209
461.4617
721.20043
418.85486
518.1519
584.25149
492.66102
410.55887
494.71297
581.93625
749.92236
446.42983
511.08538
696.95458
628.63238
272.24294
574.72929
377.57548
588.14281
491.07879
491.12961
702.87459
680.40633
522.32875
577.37779
359.66339
473.99586
432.57498
361.66958
316.05249
399.65879
353.64525
172.59712
513.55159
290.96789
692.3923
657.74862
420.83783
466.18641
436.46115
613.62148
445.47262
654.65709
333.04093
495.63121
372.35385
586.36555
361.77377
602.61695
261.40155
494.14787
447.73001
584.79748
437.42282
844.60716
574.32535
428.70017
543.83117
341.15876
641.97943
594.13268
331.18389
378.97483
432.71397
348.516
537.09454
587.53408
620.68038
560.85942
361.97727
527.8755
428.74643
289.51815
577.7887
434.84302
639.92094
626.03517
544.94635
504.25082
271.71768
491.32839
530.51337
753.75352
445.84771
648.88296
626.9038
584.52165
616.52546
639.25379
495.29803
649.8662
671.82207
823.29384
667.08397
418.39113
518.54757
564.3781
696.22129
447.3119
252.4152
472.88714
343.75783
644.11079
318.52407
632.75742
415.22352
666.78561
525.24773
461.60567
245.05463
357.59068
365.08691
546.00009
457.85139
481.93526
436.06264
562.13536
419.54543
574.8316
495.21244
598.83523
380.47636
368.51202
861.46723
718.72159
470.18249
654.59726
386.12426
326.90295
352.40029
300.12268
386.68683
292.96928
595.32875
642.17241
314.99675
424.24193
469.18729
518.08433
354.94015
562.48419
526.52843
626.72881
434.45111
685.61177
681.57218
567.15201
567.66519
644.71887
280.90768
686.3993
608.26862
482.89409
502.78526
489.31893
507.10434
694.87868
568.59302
682.26405
687.34765
540.88292
482.48812
338.55442
302.48958
486.09061
361.8398
549.47705
723.36913
461.93897
503.72214
197.66589
427.75522
262.54547
675.42329
472.65654
501.24455
357.21806
496.40845
629.64222
683.70157
708.36057
294.10345
393.82868
389.8775
492.23242
544.88325
328.95322
337.17243
596.52911
610.53452
568.13902
593.2371
593.20313
334.59514
499.72165
324.95972
787.22886
727.05333
754.511
526.24523
524.22667
431.03055
308.64307
614.29616
311.47147
575.00899
587.52079
727.38493
442.86704
432.33186
478.86135
670.6859
256.87855
609.75409
573.71754
371.31456
536.96999
421.84038
476.60669
626.52191
758.00593
693.1147
771.47039
487.26377
491.74244
679.28624
587.63132
498.53473
704.38789
357.56234
526.17224
508.46037
124.54968
377.29242
341.50384
438.51935
517.49951
306.84314
514.26568
571.05826
312.81071
333.55343
339.50163
401.75647
423.71762
624.1948
779.9652
522.4341
459.60539
257.03691
380.4816
437.1038
551.79629
661.88337
367.49108
333.52379
620.69432
727.41661
456.43484
781.3841
391.5239
527.96186
236.4529
477.65764
413.83814
414.18731
751.47991
739.63885
546.79394
320.78786
268.52284
546.50287
443.43075
733.27167
611.0125
398.31737
255.16397
310.98434
513.84737
278.56237
610.34186
831.70374
723.15145
519.71022
524.28915
491.89689
545.16469
746.30586
370.43792
586.31889
638.97146
446.53485
499.55199
565.40224
426.21608
400.30225
453.09557
601.51576
456.87141
689.50909
464.84929
527.53496
592.95818
610.08212
472.87621
607.68264
392.30559
455.91487
446.37818
770.02127
624.6648
747.11871
733.83772
586.93404
605.1073
476.07792
529.58006
748.32657
812.95995
633.93062
446.00553
577.38657
294.72969
605.32705
450.04437
660.90393
267.159
429.96442
392.20207
397.69393
506.61507
687.42905
578.57518
301.01319
524.64145
619.33247
413.20001
645.02409
784.3447
728.64569
728.86644
691.78371
258.5272
367.9941
589.3406
568.56174
543.04612
498.96705
428.98949
416.55979
496.375
448.60397
466.10026
389.38746
612.67093
437.22246
417.2331
484.51758
329.11994
320.69408
627.79597
705.56752
242.57907
109.55723
264.86661
427.60014
549.65919
376.79121
330.4253
174.24665
419.64893
500.77288
499.01103
306.83196
343.87132
596.73441
440.56812
717.04874
539.85027
630.93742
706.72913
592.89229
617.17139
596.19835
559.56103
464.36035
331.018
476.57813
420.18122
618.62248
563.26632
461.63358
335.43689
193.50366
597.45292
485.58013
524.26433
439.24553
724.45983
452.25278
646.27297
369.61301
559.09984
676.67599
506.34565
465.85856
321.03819
542.2662
657.95164
728.82053
688.90834
552.52255
641.92359
662.2957
599.93823
687.5924
347.70293
230.95519
589.78743
420.78369
480.33732
598.95375
394.40253
432.80903
908.86429
492.22563
539.23219
525.36774
752.0685
719.92812
690.74414
548.10663
339.25978
55.434425
432.12105
779.44183
905.68564
852.57077
248.85992
333.01971
635.61515
531.33907
506.07767
588.69834
412.92343
487.52547
250.66908
436.21026
547.68086
416.186
459.45473
367.60999
600.97884
584.96174
121.60457
206.52284
750.06649
384.04432
476.61039
350.15047
169.88263
206.76882
480.78181
520.32404
416.97583
289.84751
300.1804
205.79033
261.80863
248.05213
548.0659
460.91176
430.79514
372.78402
492.465
535.77618
404.56102
668.01176
681.10899
551.3482
682.36711
386.18646
355.68099
487.43196
543.49578
557.57992
458.29429
399.9612
716.40849
628.51605
350.77684
803.77101
612.59488
603.70528
667.23246
806.87545
693.5401
784.22971
689.18102
422.68709
597.63558
656.25477
713.57103
670.43033
502.94477
262.92705
451.59144
556.34664
893.26796
652.47156
687.90245
392.56976
375.78955
688.34089
516.11154
401.78898
540.30693
638.6686
558.49022
565.22271
583.57045
417.88737
676.69658
479.77439
548.24308
672.70582
768.05439
436.35193
543.94965
503.64553
398.20145
469.88422
429.87921
591.2544
431.57133
538.77231
693.55133
510.84287
381.6134
819.08053
697.73254
562.11653
612.32374
462.0532
847.98408
547.83923
704.63383
407.76641
764.04891
442.9521
458.99952
667.75352
768.47194
491.55818
689.78265
393.92685
571.96346
426.07405
641.93914
428.01345
214.45962
444.03965
459.45907
739.54585
434.99178
576.62507
353.25811
479.01654
334.36123
552.99603
407.25242
803.97939
738.7821
294.68393
612.60997
467.74206
609.6871
628.4634
658.6451
638.18019
427.7472
662.68961
579.63989
646.55918
659.7354
500.06293
557.23308
526.91559
344.51096
556.82674
645.6396
709.51963
553.11606
451.69703
455.00317
530.57972
828.11298
461.06278
655.94133
491.07333
648.66048
520.6606
637.82246
617.06139
614.56736
589.28447
600.39069
463.12656
311.01437
668.26266
356.72956
578.49478
769.93451
622.68122
837.89292
667.5443
872.60172
728.93615
660.29237
719.87572
409.26853
456.88575
621.30832
779.01442
635.80074
648.97248
817.41918
699.072
560.58168
554.30509
465.81831
644.80326
401.92807
551.99263
446.30284
452.79805
557.93882
338.14289
358.33285
235.63097
307.23102
362.78486
696.04391
348.10579
264.64882
488.82719
436.15784
223.42562
563.5767
350.37945
421.18052
636.78658
468.34706
599.99246
513.17376
543.19748
544.57927
484.26169
640.44442
583.47102
624.74606
415.00611
578.82551
540.76034
367.28359
476.01528
427.6701
353.68389
632.11366
613.49214
621.40953
454.5771
517.79259
263.72994
648.41699
567.75376
762.20862
863.21853
454.96723
908.65974
898.80528
725.64203
662.86127
667.47211
635.82164
284.44978
603.95207
583.83301
507.78813
600.39709
601.5583
610.95515
608.80186
496.06232
531.55701
458.477
315.84298
418.44678
446.7413
553.74879
923.11452
266.58278
632.1625
636.58224
621.07188
540.9181
381.58618
489.17072
765.91346
483.60487
571.73851
453.94463
335.32158
514.32415
442.65841
597.62236
288.35587
347.60041
680.52701
669.13825
533.34516
691.62986
502.0367
554.91866
295.34787
707.51168
614.00245
495.71522
448.0946
818.37745
648.86808
597.69876
566.42497
553.6379
333.09719
531.19221
641.00483
472.26968
627.3957
888.43145
677.6027
533.59902
487.38022
615.00138
786.14923
630.98833
728.05363
760.47772
595.43474
609.56745
596.4267
443.61579
316.40999
536.04379
690.3948
620.28612
544.58991
570.74814
354.50126
538.3623
478.93709
707.44395
625.14104
125.06264
401.37144
422.14707
416.12833
495.06939
474.86614
574.5199
557.97816
655.54604
623.98046
679.70358
786.27368
727.40324
788.1975
645.40176
957.29448
658.77286
554.97842
619.98403
598.78684
649.64309
686.64394
575.57042
749.22413
779.06102
604.47078
705.8537
614.02218
549.17709
650.52639
747.16948
362.63908
512.06194
662.90674
719.54514
548.56434
503.87251
629.19353
533.44506
584.66514
555.47247
797.78754
466.39232
631.67694
516.89164
522.78104
572.01725
520.56757
709.20958
639.49957
392.51332
713.63109
602.51065
329.9003
299.27922
552.77422
695.73146
407.29526
675.85984
510.79935
705.39378
631.72613
608.72394
663.74726
501.36732
550.24552
751.00657
837.41546
1016.0207
601.55687
362.87538
484.67213
680.69634
421.39921
967.59168
778.06135
496.83085
404.07898
301.15277
318.09547
493.98973
635.32068
402.93503
310.53408
689.5007
455.25207
540.18553
631.07905
817.50185
729.43524
363.59746
543.28053
581.94201
616.47994
565.72447
640.05906
574.23115
468.26765
385.55507
170.4258
580.48073
791.08629
372.48366
415.19197
203.32047
666.27336
424.4907
437.1294
459.88754
365.07264
522.11712
568.35233
560.19108
643.92889
602.83767
591.92362
226.40381
375.60086
458.49203
644.17924
409.97078
759.79229
565.23574
736.82963
350.5065
288.80096
372.38652
539.44291
735.01132
524.10304
432.21732
472.70211
419.68003
469.58126
592.44891
507.92868
417.1239
389.46762
587.24426
474.58327
523.5607
383.09209
667.40794
396.24602
457.61071
592.00735
618.02283
402.80532
682.1844
459.18503
483.12027
256.54724
451.84963
624.70672
702.2063
505.68808
418.15159
302.86213
379.78662
225.42027
596.73472
474.37686
397.75871
521.16199
615.18808
715.54561
467.36207
835.52089
695.91557
540.94344
408.25828
406.62219
387.00237
483.32762
427.17749
395.23871
379.88051
338.86924
518.05518
540.3714
437.52926
595.17793
512.11608
570.45766
382.56498
441.16294
396.57511
793.04442
892.61963
541.969
743.36319
720.91336
424.10624
627.92974
666.79597
417.31947
546.30467
779.34233
676.35191
778.04742
557.98704
417.892
726.46897
748.73863
689.9216
617.13576
818.25881
483.02094
508.62011
605.77401
478.2305
252.96123
643.48707
442.37933
783.57502
709.56824
478.30153
912.88553
576.24843
628.43568
522.61392
285.1999
766.895
742.58655
1024.9383
880.61544
604.32243
535.32096
488.93013
650.53563
558.08811
661.18769
751.22349
964.8356
557.22585
637.19727
689.13169
639.70161
683.18223
412.56747
533.00572
518.88657
544.39599
572.42118
618.79229
648.08791
781.78237
458.00377
494.65113
800.60804
532.29691
358.78584
548.72594
683.27653
491.13666
492.51646
742.54176
728.64671
839.91752
616.44141
825.75176
397.04396
672.9863
600.93632
600.63949
674.39453
473.87303
592.98716
787.44759
723.92937
739.77635
626.0484
486.13094
550.75544
433.40196
400.074
592.24762
730.27256
690.40693
460.0637
506.52772
739.37388
692.89589
680.70464
580.40472
594.68999
303.71379
454.94605
627.82029
783.13735
738.78234
754.03458
471.05085
609.5663
624.48084
519.94192
353.5523
574.64841
549.69662
730.28136
530.54013
732.29895
324.20113
429.60033
484.77833
326.82275
565.72841
457.63508
607.788
688.36575
505.78233
674.81443
570.85361
565.72563
625.34534
533.52818
472.99765
526.06749
657.71408
602.09307
743.51647
561.02081
687.869
540.16619
655.39015
417.0664
783.61028
814.86094
597.65982
546.13377
613.52267
542.12501
317.15228
688.97173
672.88083
751.32934
388.25471
274.87084
540.67776
360.88091
304.42848
286.50973
238.17055
359.17211
868.12817
612.62702
422.6952
388.17665
615.34168
490.86786
623.532
591.08421
469.72663
166.13895
343.77183
504.49633
464.64307
644.49732
518.10308
345.01283
408.51543
458.29435
519.03159
469.75831
595.38454
645.57952
629.67279
288.47053
578.67538
736.70279
512.3887
309.56707
402.08908
709.74171
706.27775
840.00595
735.91074
641.0687
511.30343
451.3359
433.55691
520.72869
451.90321
541.92771
511.45313
445.02422
331.76209
529.90968
644.15212
336.10996
340.48073
78.976883
517.18393
772.06299
548.58824
449.61117
494.79881
564.93748
706.88435
410.61019
572.06996
597.51819
622.7872
591.98334
412.66981
612.3054
571.39997
485.13456
361.2402
673.20414
423.66894
631.34041
633.60692
709.62387
432.47509
755.62041
385.75501
715.44229
390.46229
608.22627
371.03699
536.93541
409.77014
606.24023
485.40917
195.56843
301.28379
252.11465
455.77572
732.58137
849.28079
554.04077
329.23416
476.61704
596.21345
305.03605
425.0259
529.88356
717.7952
668.31839
824.59332
600.48831
587.5091
411.4098
548.65848
663.06944
462.88011
373.92821
180.19196
219.34431
577.74531
297.48981
367.31683
313.17969
422.67167
499.04123
740.36236
825.75364
485.97561
312.15091
565.12635
555.74321
308.17454
282.78481
531.92122
342.99558
553.21022
686.08057
353.83854
388.42068
369.40915
679.99757
576.35443
500.11027
429.62577
551.90256
597.95668
635.28314
738.4684
519.39934
452.75139
847.92284
398.01086
523.40754
590.57814
493.42704
572.50165
710.93715
483.34496
294.31127
309.48105
524.25211
370.10944
976.88449
811.04787
512.74673
410.1515
485.06423
514.55358
411.05944
222.7401
329.51905
443.70557
625.82525
474.22952
433.97567
704.20002
500.8335
652.56
614.16269
630.82244
458.16716
561.82644
544.05599
561.63883
576.02782
704.05207
752.23018
712.68428
501.63844
428.82601
427.72172
669.6058
443.87978
472.66631
665.03069
695.11461
627.69584
551.28515
470.34751
515.71481
479.23698
401.78577
664.12407
732.20019
468.50617
407.96355
633.34929
609.69709
615.4726
689.40687
686.51577
448.31845
474.2868
471.95208
548.04317
415.55996
531.84299
563.78933
499.54876
683.27737
587.28706
709.56459
424.27261
474.92724
394.45747
275.74251
249.33896
408.27807
371.20595
332.40634
746.15769
451.01046
453.37518
361.07623
630.236
782.99467
638.26138
634.90523
643.96427
633.50667
602.80755
386.5071
676.91562
760.73599
666.95023
474.25454
640.5384
489.25655
451.68896
423.74501
643.61652
541.4726
612.98189
388.45258
690.72492
624.21983
434.08034
423.80031
495.70159
503.73251
640.37829
597.38575
335.74951
463.76373
480.06124
585.41911
555.3042
809.92209
892.39557
778.9576
497.24024
397.42387
517.81676
600.39533
785.47351
394.269
679.54524
674.08375
456.71765
213.97071
338.1832
349.4007
723.22719
554.91703
314.881
657.96146
467.32539
372.4915
682.57123
299.89065
583.83199
573.81857
366.87818
532.87042
465.88609
229.83113
461.48237
534.11777
654.17034
515.43498
345.22926
443.16933
596.85436
479.84551
556.09326
468.25257
391.84113
224.70109
621.19487
535.88294
582.34873
339.16331
710.96371
506.219
556.84138
484.68041
482.64051
590.68012
465.47667
559.04334
458.29796
690.49448
561.02706
532.29072
570.18442
671.34451
701.27917
664.54956
625.6958
528.64633
608.14307
840.0731
554.73212
695.92892
521.84544
384.48538
444.33145
564.62788
563.88748
703.7518
761.46315
639.46977
399.3489
606.97594
609.72338
822.73476
479.79465
324.25096
408.31622
521.71772
794.83087
535.04924
366.84268
781.8394
655.39512
425.17519
490.16572
570.89465
655.31608
511.27535
204.36709
418.6728
548.61108
700.77941
463.28796
553.33689
393.31747
434.04094
447.72216
594.13754
422.08943
725.40208
765.4415
510.41893
522.71055
568.41432
785.38278
685.85444
668.67902
602.98084
737.76815
404.24709
465.73425
391.03859
370.52573
424.79297
511.9412
343.33469
485.42973
694.92179
733.96959
466.01465
287.07688
449.65365
432.60384
266.06341
272.87239
447.83227
415.07615
343.21669
638.54304
644.18595
565.28311
547.98738
473.17565
379.8014
479.33887
335.64672
499.43705
662.20673
700.49172
450.15429
484.18054
543.63433
294.18102
566.67703
399.99809
643.34405
375.60079
472.16528
588.38002
340.82767
658.2533
614.20177
752.64654
675.26214
508.23412
433.30271
498.90947
706.93109
546.90839
856.57415
260.8762
599.65747
473.91731
718.68395
451.81759
339.55279
296.92962
611.63224
326.5756
389.97586
627.02334
513.08861
559.63858
496.61699
538.94631
554.24744
770.13977
816.3177
524.10518
597.80219
657.00918
830.86317
578.26687
864.13817
721.67315
416.68882
331.01695
477.30308
499.59982
473.6983
468.45729
373.17216
130.99238
453.25917
504.84256
791.74095
697.03347
632.11169
240.47549
505.50677
620.91713
567.85642
466.61622
607.5361
401.29807
769.51204
797.43823
559.41906
412.29557
218.42126
681.68957
610.66422
645.20937
697.89764
387.0963
680.42202
463.36009
709.98897
310.18653
588.20941
495.78356
222.16475
290.6435
352.00514
432.81893
538.44604
363.52225
405.15776
569.68247
553.2334
379.88022
298.43789
609.85428
555.53315
283.22496
471.33161
604.60854
548.67847
656.70266
492.64855
336.80658
205.11504
575.80298
552.40779
827.70095
571.25798
685.50575
463.51031
509.72619
442.37486
539.00967
605.82446
518.18811
338.2674
543.14318
499.31514
581.8853
504.62749
587.65812
512.22678
461.42083
714.53885
630.76199
581.18794
615.21469
556.84104
556.13993
701.98911
423.0208
368.07121
708.70569
632.95208
838.85584
583.59317
579.34113
645.62212
682.96131
534.29831
550.56989
598.99039
472.31121
395.70465
743.3819
544.29597
410.62245
328.79009
539.68163
587.67732
548.84797
486.56799
597.70086
401.75799
421.69654
742.96453
192.0234
511.29937
824.96421
637.02875
597.27084
599.38139
757.33874
888.43082
553.03243
466.56697
619.1374
572.50531
492.24676
709.93183
735.50434
446.4581
541.91262
795.10291
704.80296
766.97181
639.95329
485.63693
479.59801
308.48024
627.59731
536.21127
469.6721
655.91456
649.94889
370.97248
828.33173
779.59513
518.82626
460.58332
448.78784
453.66966
738.86749
750.68373
501.47092
442.01654
550.84107
531.55528
578.79013
357.15193
384.68457
441.066
690.11239
563.00597
441.10052
657.71216
538.48908
469.23317
788.22594
715.06857
222.84348
471.57408
430.8703
627.77899
753.83798
522.74543
469.51572
691.77575
389.85699
541.61827
538.39971
825.45357
748.13953
561.70561
383.0405
413.25691
409.69449
319.43981
302.5604
465.48673
505.26488
899.83511
563.15182
622.72386
556.27529
624.64395
166.51122
449.95486
573.88383
498.87004
767.86978
574.20289
504.6894
360.86298
626.62415
615.64622
488.44335
532.25867
560.7589
241.95536
391.34806
462.95265
492.67853
680.23701
320.90903
339.16661
447.70945
519.91878
615.8444
523.38544
298.95499
583.12136
754.04236
753.55704
607.23077
801.8728
661.95024
394.08829
237.57263
709.1726
732.17002
876.78372
442.72849
235.51371
457.09771
330.52114
413.60402
457.42186
206.39538
270.48041
450.4692
349.46848
786.86287
427.66252
362.56784
530.89297
482.399
602.12446
504.99744
555.97642
700.13326
432.55644
663.68215
797.5975
687.27232
656.54733
569.52024
437.35371
571.43392
452.35644
243.2444
275.61582
554.96037
321.52325
640.4315
494.09099
594.44098
708.87678
639.63972
514.53799
576.20514
596.09512
654.53128
633.46273
602.52674
577.81166
538.88161
592.11969
534.53537
361.66528
761.36744
575.78096
675.37778
416.16063
576.25079
380.89164
771.28001
487.32852
678.80779
668.36478
574.80037
700.23698
637.22816
847.33503
573.47954
749.87951
353.35437
773.81253
468.65498
884.54932
817.63282
811.21914
627.16505
656.48892
726.82041
461.15872
441.53329
819.9148
642.27384
616.53366
727.42266
780.63498
511.67067
461.10905
690.69562
774.01712
725.31141
460.76579
591.05265
606.67017
484.88559
640.51389
683.33633
554.62533
763.42537
795.60151
545.5625
623.10044
603.26844
500.32469
372.81224
664.68051
427.37059
567.00729
545.67793
889.40733
572.76006
560.18633
530.33012
441.46618
415.21372
531.41472
593.30933
556.43859
608.88263
804.02796
691.75115
531.84506
288.19945
618.75844
378.31192
698.55513
506.61144
744.15646
538.19087
538.26707
394.06457
343.12575
470.6067
284.98264
554.26625
589.43912
375.91011
469.21382
268.59223
412.17744
432.26755
773.99876
695.80314
590.90066
628.63918
337.21724
413.52638
593.84228
712.04244
525.83789
543.03672
314.24045
444.28261
277.31815
470.68637
592.76606
632.74576
505.06432
528.42035
367.65748
505.12555
397.64225
644.1153
425.95814
544.40269
625.9028
680.70512
797.57111
407.89326
494.32001
358.08637
441.89174
616.74774
786.10815
678.59669
402.32031
419.4596
746.91759
519.45158
291.42639
401.4272
845.44267
607.88345
688.34971
441.74704
472.7988
336.9582
431.26317
687.14135
528.17324
733.0726
521.81939
395.70858
501.81917
487.29687
386.14516
551.53817
361.84392
390.98596
420.65485
424.16558
626.42636
538.98106
698.5862
660.48242
568.38296
311.47058
501.63949
447.37336
543.93513
703.08138
439.07954
637.71329
416.16959
580.479
526.52574
454.30818
657.24556
469.01132
252.9317
365.37148
553.3045
512.55102
447.85395
650.74785
626.78268
801.59953
558.08801
589.20931
786.40385
704.87868
434.4085
581.84047
365.77695
565.45
802.2912
546.81255
599.98823
527.13671
511.36974
430.39911
321.55651
665.48133
496.83947
810.35629
619.5588
575.83883
520.17682
461.46237
429.42227
464.40369
321.60007
543.37597
800.17215
735.80733
647.8275
585.60798
401.16726
457.07262
616.70148
624.37314
373.57975
540.36742
440.83309
571.86998
160.28031
458.80939
612.41322
445.17941
496.06957
328.40333
437.63469
697.91561
328.06009
42.943114
248.75247
546.70133
633.93202
636.87895
428.08863
584.40347
552.36694
589.6908
637.43513
522.35094
576.32895
469.02394
415.30968
296.60912
614.31629
593.3558
342.77737
447.51907
706.66053
579.51579
615.00205
365.18816
467.01334
575.69596
511.91074
402.5606
586.19504
431.53783
625.97018
649.75704
575.68433
385.52288
140.10149
734.07369
862.41597
223.30397
950.4004
369.89972
589.3506
638.6774
505.64138
658.30838
825.11002
581.43194
504.12296
493.81256
515.86299
582.42744
490.58372
762.16729
620.92529
426.82926
423.01262
574.65122
604.40846
538.05406
486.49676
477.73829
579.78354
651.27418
632.85229
501.01068
447.65745
436.55859
498.05841
533.79536
543.69349
363.72901
350.03954
651.28031
615.0782
640.43853
640.34771
709.93512
573.99307
622.94256
852.53747
340.73594
707.97805
676.03972
627.71233
324.84341
538.51431
517.08387
678.61042
906.7586
505.16457
585.0385
580.35807
661.18234
669.73362
642.25168
599.23683
269.41524
226.74669
231.67503
484.42407
356.58705
624.40017
534.00937
477.34968
598.7826
495.79398
773.39078
608.2186
292.32826
584.86459
501.6501
674.55394
449.46055
621.73374
681.05154
510.4669
553.43442
511.53774
821.43171
636.84619
641.20376
545.7629
610.91647
673.7486
696.33923
810.84415
660.06122
618.93836
449.06912
689.06034
548.86277
633.181
520.38938
495.32105
253.70593
334.61256
413.32324
684.69946
924.53577
854.98361
697.08759
590.7879
403.26663
647.97224
381.23284
526.88196
544.08228
276.237
639.92818
459.87448
454.3826
590.3816
707.56759
641.77421
397.7868
474.52927
419.68543
555.69025
576.51944
530.23271
534.93123
800.02374
421.54427
734.39722
454.12394
538.83046
465.52548
719.41843
777.05836
608.78553
716.65929
565.29402
508.65044
386.2142
580.44028
755.13077
760.80219
658.42215
494.14226
458.72054
370.09487
466.56498
480.88203
643.68971
260.71081
519.35825
653.48272
621.23438
534.01983
594.89924
569.49753
643.76843
577.23802
499.99831
485.06666
592.42895
508.32169
587.79106
721.37405
969.29317
559.59792
583.9489
680.59076
411.7792
577.82697
735.27795
871.3968
470.37215
720.29343
729.08588
578.33217
504.68492
247.94822
533.77892
605.79065
707.7886
458.7107
308.05978
654.85781
683.9535
608.52352
523.93911
796.85773
378.86176
621.51607
528.51939
740.46929
413.24583
803.18774
406.01464
507.19719
569.97982
696.48649
643.96133
477.76218
300.02489
533.64354
408.10903
715.20089
681.60968
423.4799
635.40418
503.33541
567.33974
552.29106
622.44338
709.98652
511.9875
477.95685
319.594
286.86623
483.83262
577.55038
481.16176
401.76839
635.8702
474.40499
590.43428
453.59211
724.56563
502.08195
645.96628
547.46839
447.43963
650.08336
624.07203
549.77071
434.77283
668.83692
856.07378
522.9244
603.27373
593.07068
761.20666
897.02001
543.27786
803.56144
662.04031
801.36426
561.13488
481.04879
427.28954
575.69317
722.31203
774.70719
712.25935
554.03905
504.56671
447.8672
672.2322
501.18596
455.56353
493.75061
435.70628
576.13279
940.10342
533.27819
574.57203
650.45198
546.90204
400.30673
502.37439
615.1273
699.432
717.77076
701.5003
696.34419
338.48144
350.45335
746.41014
514.09393
342.7747
449.25558
229.08624
376.47557
607.79497
837.66931
613.53327
598.16451
297.45448
543.13177
594.82323
596.91587
339.77879
631.5139
442.68896
776.83411
651.27154
441.62607
629.47699
514.22491
512.20224
460.47371
688.19884
627.41764
641.15109
444.39935
511.01287
322.39746
353.69651
584.24093
677.4777
701.55201
481.15718
740.48088
878.9565
785.01048
555.09863
453.95809
565.87366
297.64075
330.00842
423.1728
730.39903
797.05804
479.70944
541.08513
401.07659
495.29692
540.68326
641.55508
519.47202
624.14886
360.7144
359.03641
543.45615
480.43491
541.42575
406.11063
447.75606
316.53104
682.17987
446.54183
563.18986
776.88246
623.56219
765.26186
685.07029
461.37491
216.22569
488.9324
628.28716
746.18355
788.18938
749.32717
593.59545
381.76892
175.73261
576.04717
532.57535
673.41036
663.56764
661.03155
704.36301
597.56755
495.74516
584.92263
462.22072
595.3608
675.29771
703.52615
621.30145
522.68333
437.82026
351.88536
588.12443
705.82077
705.94619
422.14632
610.42341
477.62017
606.42366
695.82278
451.86811
600.11003
321.31408
488.353
413.07884
603.66355
766.48837
597.21233
598.57567
443.50754
343.84566
438.61777
477.1195
668.44442
605.0929
525.37427
473.91927
458.12587
620.50395
345.29212
662.52117
551.1577
403.63555
729.44951
438.88606
389.31865
540.71516
482.7718
593.49292
641.68643
726.52763
880.80466
926.27795
582.01615
595.10219
496.31493
395.86308
576.18492
718.67755
551.83389
465.63698
498.94346
511.74599
620.42406
413.2684
624.77296
418.72624
454.51774
449.97461
670.84402
358.13762
581.83091
677.16509
863.5924
477.5897
588.9991
388.53663
820.40126
842.68739
627.9343
450.77206
663.39988
520.97844
584.91132
825.42175
484.8007
853.8206
706.36781
500.85806
350.907
285.63027
438.74661
358.30285
531.96164
657.98398
952.65829
664.76595
241.0594
68.283199
442.41244
439.77341
519.05758
711.0355
720.23079
641.04236
381.90911
396.70093
795.98123
530.44562
572.09058
455.96629
561.1913
580.5403
488.05563
709.53549
584.35711
779.93982
714.02564
560.5095
446.31197
701.61375
795.84563
605.76237
673.65525
734.6421
461.1056
618.14306
633.43811
355.63212
64.886532
559.32572
602.73253
546.442
512.49149
430.31058
334.56157
379.67511
277.44672
579.48799
677.01783
492.88916
417.71766
329.6119
720.7578
663.41022
624.67348
384.82931
572.23865
598.03327
258.01235
386.99372
602.93638
548.51971
615.9932
428.9623
534.29894
669.69886
620.61208
543.54307
380.30373
423.23361
544.72408
485.17239
364.17209
711.04956
620.86069
635.79911
770.85938
554.56948
525.25524
601.36511
419.17052
835.0824
695.86751
661.61654
571.11244
684.2385
611.67322
518.05064
740.09564
698.57365
379.42075
602.15252
691.88758
604.07184
564.14379
401.00321
479.11849
373.52658
489.18356
487.26191
496.23798
783.32174
403.19211
694.22625
763.85029
497.89019
686.55188
633.9963
521.2825
549.22534
543.25613
381.7461
758.39339
664.77054
656.71134
664.83913
876.70195
767.6987
461.49334
522.55589
163.21955
617.55421
643.11354
633.66667
420.97927
401.34598
425.02835
551.78389
312.71058
769.07165
580.89858
414.26519
279.40516
353.99373
743.52448
497.17427
240.01626
711.94516
625.05345
657.41892
632.41657
882.50715
585.41094
682.09271
654.11237
642.12004
535.41388
626.75467
641.92328
527.30643
614.20003
733.69463
549.61836
646.11858
599.62494
504.43413
467.97445
424.9981
665.38012
503.89301
359.53541
464.58871
592.10401
466.5522
511.08739
504.47942
605.84579
507.0723
485.61195
423.43825
570.61586
710.91798
475.68913
392.16035
198.39862
208.38945
429.15121
784.87759
513.65658
215.21727
512.8133
568.60729
264.0025
749.23308
721.44186
369.73681
353.24685
814.00569
725.23032
178.44374
406.75344
397.60714
342.51363
443.29241
664.49212
538.79146
197.81436
302.13256
461.1506
627.85822
717.7203
434.69725
530.08552
597.40709
447.47322
447.6222
540.04315
264.946
362.83478
400.43852
514.72093
603.99657
613.03029
568.75921
674.34316
194.90185
316.86918
558.40097
472.13182
206.70935
527.52884
331.35471
333.50143
583.27583
502.04056
488.77532
597.0368
767.44013
609.25342
569.31408
587.08024
444.06997
486.46188
534.13814
562.44211
326.5184
625.57778
609.49613
773.94332
404.76163
311.27461
489.21024
358.38554
514.70845
385.10822
522.1153
256.32829
432.62692
593.44373
454.97124
529.05985
659.88483
493.48086
670.23537
583.43237
760.14232
220.00201
300.88639
410.90126
354.25583
452.81623
579.3534
525.41725
573.05193
856.61834
341.6954
480.02154
395.35711
581.85273
429.92479
469.8749
572.30902
653.65411
512.88313
423.40492
579.59446
413.80801
545.62357
511.79981
595.36109
381.43063
474.654
680.65635
549.11026
797.98159
596.76628
399.54784
436.51024
227.04086
374.87658
468.20585
647.94017
401.72034
428.16274
483.29008
550.33418
542.0175
591.83042
536.70173
150.00588
453.31072
606.32015
356.82076
393.16063
610.08742
510.59851
386.37901
599.1249
409.83775
614.87188
540.89845
471.01613
658.41882
577.36486
480.07156
84.420831
662.72039
580.07081
304.33793
434.19104
471.14756
628.28724
593.6825
706.66451
661.08589
514.29209
663.89414
540.68337
705.80297
424.09117
815.80029
499.21846
492.43926
330.31944
179.16403
462.09644
531.31677
530.61257
512.61379
484.05299
457.47996
560.49135
472.56678
560.82144
498.49559
582.88835
321.2226
382.3716
602.67855
335.49933
562.47575
718.90389
584.50261
328.23785
503.32024
729.58894
568.64742
507.63371
550.14369
682.45363
410.27399
333.01321
561.99842
559.92309
496.47718
659.55345
607.62225
517.29303
411.95906
478.94681
411.14004
444.30608
730.36698
726.90714
674.8991
466.17852
606.03845
475.66053
365.62471
502.96895
355.57071
528.5816
545.59667
333.86988
270.85863
366.08303
240.7418
402.44172
535.58135
404.18148
642.06305
420.99267
365.26357
603.85373
668.22296
338.7033
532.07128
632.98179
744.86547
593.50951
722.14063
605.65258
615.70029
339.27047
482.82353
361.15
548.25809
612.07842
370.63203
444.72237
391.35372
501.97911
595.5073
442.2449
172.30778
254.81122
504.86162
294.12399
845.36852
513.29352
489.38513
723.45675
408.22269
656.50412
584.72502
632.88393
574.59772
523.89686
416.90542
446.69615
706.089
675.6694
639.4451
768.02989
586.27392
306.35287
312.46947
600.95291
602.02127
745.40855
731.49505
262.96496
410.14122
282.55789
182.65289
540.01173
498.18466
418.79249
617.00804
421.46671
598.07905
456.71402
596.09023
631.73564
523.39256
457.61405
288.2316
354.52184
570.17496
563.66327
460.75687
261.27442
287.15874
317.94833
552.09228
659.18246
495.2715
504.94606
325.79036
618.00904
684.94645
531.79363
470.88182
493.41094
515.92473
341.74566
523.6106
403.36488
571.27238
351.695
270.56545
229.14193
458.76349
579.59628
500.79883
402.41268
495.84545
536.05641
615.26618
597.89918
574.34924
337.39006
528.01295
452.56361
417.47054
263.91616
344.56875
629.36941
413.89642
458.05863
559.29162
602.07657
425.26855
583.3344
358.54308
449.94688
553.35169
458.49701
375.21595
391.7807
211.07309
327.78269
745.5899
341.04939
530.46733
195.08142
384.71626
237.59535
315.95387
391.12236
681.54815
491.90356
531.94049
176.49978
356.45466
398.87488
492.43752
704.73116
701.81191
819.15266
517.09838
331.64033
498.98445
603.88135
475.29824
426.61909
495.99227
523.29353
539.1209
465.97699
313.91358
535.05111
612.80191
283.58114
308.53498
610.97198
610.26193
583.32621
231.6377
343.15802
395.4808
420.67927
455.09242
643.38271
256.00554
292.29773
606.94597
530.10369
502.46224
597.53371
723.86913
560.99112
464.09797
551.04363
474.50374
353.82698
442.67741
423.45524
473.0472
527.29522
391.06348
572.96678
757.37379
515.86595
609.6594
523.56031
567.91144
422.1432
461.21631
428.77854
640.00738
614.12912
439.85055
346.64794
301.29639
495.81139
667.49279
630.13336
844.21737
600.56029
632.43639
715.95787
518.05439
403.71066
305.50157
609.02447
377.0241
579.25238
648.6395
267.13224
208.31496
203.49149
245.4116
471.87056
640.68727
723.27141
660.07682
609.63089
594.68891
517.74423
316.82415
453.25242
618.22768
533.06309
632.12471
558.20376
525.14168
441.11298
650.43915
422.54353
748.11201
448.70419
525.6081
733.90092
554.64456
608.42118
403.5785
704.44975
647.07284
570.03193
615.345
457.92276
502.54491
531.23633
665.94988
576.58542
566.73967
604.98424
560.05115
640.0827
683.6014
508.91151
562.18362
662.76358
904.47311
717.73754
729.93991
674.11079
463.45858
590.78589
462.626
552.38735
841.268
644.69727
508.59869
522.3556
440.89284
651.28508
480.07562
911.39297
643.81725
629.09836
385.67486
478.25553
482.52913
545.9828
638.86986
406.4447
538.03479
759.81023
606.73102
536.05734
533.48846
600.94741
200.33238
364.01929
576.76293
599.89892
303.11401
358.99043
400.29408
525.36795
704.24204
441.31267
521.65796
464.97014
346.0192
454.19845
504.97249
699.23982
619.96185
572.26121
854.26528
640.60037
519.87708
672.04903
656.894
445.54012
331.5939
718.60527
625.46542
570.69001
579.85859
283.80471
553.38231
613.27358
863.06469
502.05772
458.94137
536.04093
767.57149
568.63179
523.29831
679.00774
804.65801
777.60633
808.20276
459.9645
796.87447
445.06927
400.24901
434.09675
694.6176
214.26032
428.37345
644.21834
517.68854
835.53703
466.8386
425.5945
304.56097
378.77821
549.53623
400.46243
465.86035
521.0352
641.95736
412.57691
608.5545
563.62724
647.29498
360.59701
481.50298
598.27379
510.52096
657.71968
511.1325
339.17492
394.42109
428.72245
587.71302
457.79358
513.88404
392.43464
543.96821
452.36969
603.18492
816.31274
741.48304
517.04381
372.04104
644.29448
441.93735
621.51799
387.78809
605.62046
247.65914
573.78465
588.07802
769.60662
711.29966
713.32012
572.71808
506.20467
773.22131
355.41819
628.0775
338.69476
493.61713
509.61256
627.20846
629.20539
466.14093
327.64678
620.10603
284.84825
605.54728
306.03061
421.84973
399.67271
246.16213
636.14655
479.85166
751.28693
511.61393
523.37876
602.36465
727.6318
266.058
593.85228
443.01895
408.35121
632.24096
930.14576
605.01097
748.42724
286.20775
220.00897
507.67877
630.5732
487.27264
489.75776
432.92259
271.35957
328.61366
453.37389
408.86128
654.34188
544.34415
404.60912
426.5438
324.71521
544.04762
569.98417
760.0126
659.67545
372.13609
460.97738
493.93708
659.02543
695.48725
408.45352
437.58889
467.12838
608.24139
628.68549
559.3137
610.95491
769.31929
757.70721
405.23277
409.18243
430.45937
437.61129
345.94296
557.09206
462.60044
282.14655
296.65276
442.71271
503.11026
209.5572
316.85901
482.36066
90.170415
581.3148
360.78135
632.03082
433.16821
569.37416
652.06521
156.2716
414.13123
558.12994
688.13386
355.77531
206.18703
384.08003
619.88835
452.90125
743.81126
712.55554
645.37682
615.60152
769.08969
774.00681
725.61404
563.62348
267.60875
406.56479
501.87355
218.99999
434.5894
455.41612
168.33068
619.43939
499.42798
535.20433
524.26168
590.55165
570.38896
676.88299
703.51392
271.14543
295.0304
229.35697
357.14403
565.37885
318.73213
500.55913
598.52729
375.80021
420.88702
448.38164
686.15501
325.94722
398.51528
385.53005
612.0427
619.00561
138.97627
182.3737
309.91544
407.91104
505.25941
387.97561
246.84888
628.74775
414.97735
577.36115
492.77331
284.67704
540.02983
651.49291
340.16797
477.8449
315.76801
468.73078
567.61964
701.17932
696.77848
618.81181
556.43386
531.26251
473.32762
462.23417
751.80794
673.46932
644.40465
571.42571
579.95768
666.96461
455.74341
430.18966
612.41584
911.83698
626.3257
735.1354
421.107
899.14477
758.37693
760.61309
316.4225
536.9866
673.67738
534.60399
312.81437
371.90959
490.56583
386.2479
572.60542
338.7912
559.1674
440.71368
264.47703
507.05838
484.96091
213.10557
580.61311
334.95217
624.23938
806.11435
1032.4012
440.59367
473.50892
407.28824
531.14665
671.0116
378.34101
589.96586
550.18603
306.23727
445.65537
595.38324
388.41302
756.67815
615.36357
543.96496
713.56597
768.87493
716.6456
503.81942
739.24885
462.60018
537.10398
487.85344
329.82008
580.53459
696.71445
627.15909
582.1098
310.77097
448.32761
727.10376
638.69131
695.01255
878.46035
788.52033
883.41979
422.66146
642.951
568.07004
381.99
228.03392
530.16894
406.84721
688.6929
1000.6369
499.93944
542.63827
547.18196
515.10156
261.59727
592.10932
536.70564
508.51092
593.89584
620.36326
552.21188
280.68323
550.59312
802.99554
660.90606
394.50791
632.82775
581.70996
219.1289
243.01383
196.62978
522.07001
583.50799
535.84971
841.27121
574.22033
554.16218
471.88123
485.65353
802.65834
684.63229
401.52582
749.8464
772.02003
710.42137
680.75726
526.35431
576.25837
391.26
406.63481
646.90028
563.08277
654.57651
422.63049
740.69903
739.0866
536.27363
610.02907
655.54503
286.91903
575.45141
558.15164
738.15524
580.42554
371.1973
830.12227
814.16229
768.74051
845.26215
588.93074
526.01574
699.84956
674.68994
517.88193
821.77707
673.58895
357.71915
488.25573
584.77277
522.30193
325.27983
433.93172
486.40088
425.01233
318.58498
749.98079
633.29045
506.12222
520.19496
785.05414
603.52213
671.86375
569.59178
560.22933
331.71527
613.2026
380.55141
714.45908
765.97126
669.56756
647.27133
392.78723
534.90105
406.98115
705.49743
584.10905
714.16746
494.65149
548.05757
602.13197
524.86387
245.58564
808.05171
284.93806
502.55265
592.12059
503.92377
323.88497
513.98063
467.1224
593.98413
617.53107
599.24389
588.13319
425.35021
700.62434
889.02242
617.73694
536.37319
483.47462
460.89843
459.7843
403.53705
370.51707
409.14348
395.79892
614.36544
323.24118
246.73691
315.80496
248.62403
335.25747
645.25742
454.4732
483.82057
499.80892
542.24478
516.97749
700.21873
357.05466
442.03049
383.24905
625.00866
549.56261
457.01802
675.90976
475.95593
308.82844
376.67081
609.3513
738.91816
408.99446
550.65517
582.65396
404.81985
358.25104
403.26743
321.00449
207.47308
566.79015
537.10806
685.10743
551.83553
669.75964
315.74769
492.47569
515.89231
609.98429
559.45174
783.56968
605.7354
543.25751
512.55094
486.89286
732.41952
743.097
535.75612
308.93343
262.45257
695.21139
330.84823
354.54281
283.85633
311.24046
678.47166
617.79656
816.25522
402.30063
630.9011
752.52399
581.34243
559.36421
641.08896
498.94081
346.21279
434.60719
584.48782
425.93788
618.82543
449.31226
601.9303
760.69271
717.79431
546.92008
546.64593
363.91826
386.53216
444.49999
535.12384
342.69455
490.17768
467.73039
395.66195
641.15106
814.37265
714.69686
498.54238
300.30818
501.57422
446.9736
336.84609
419.53545
580.68912
549.69164
491.48841
619.53206
539.84811
482.57127
298.67342
326.73003
647.1032
599.20728
713.84363
476.29051
505.85429
308.7657
437.65986
557.06319
515.63075
719.23645
780.77653
558.84719
527.77247
404.81948
405.63382
313.71836
574.44146
473.98074
501.88201
535.89424
646.36777
516.33858
407.95357
733.46833
497.92033
550.65979
623.11565
304.85263
696.65489
629.86082
429.95849
352.96773
261.77423
260.61393
457.85463
812.10874
533.18333
488.90785
267.07082
438.71508
852.09986
587.23912
665.21521
673.74737
565.867
568.64574
507.87684
627.72908
651.96604
648.2764
604.70012
298.84401
365.42196
692.40803
515.53429
534.50659
627.64519
413.81183
491.1343
532.9268
672.98648
630.24403
462.827
661.07206
538.48421
256.93378
410.75823
343.68007
571.71816
541.33839
506.94234
713.03999
639.30843
622.32717
326.50811
638.87836
561.24488
589.34261
510.92388
787.92461
574.30145
514.11546
405.79905
301.10895
371.28483
721.11598
680.93648
677.15752
684.91521
442.13085
268.88355
510.52576
617.18487
708.03524
598.26017
385.3437
603.86257
208.76918
512.34008
639.25026
657.44375
479.80329
552.35885
371.6139
212.25963
582.0613
658.00312
631.67308
585.18724
293.9558
403.77993
585.36586
277.28604
501.03352
625.32483
354.17201
117.35595
670.11808
368.41294
631.59349
412.78383
600.89042
611.1533
466.30334
611.98847
377.66882
627.657
572.94635
471.01444
471.96554
639.77692
646.53866
432.82801
211.52916
334.31146
308.94527
649.52
630.74963
669.0873
597.37896
526.28158
726.0676
473.18028
615.52519
453.75653
305.61347
519.07954
365.86016
685.49122
563.67312
605.21273
556.01551
472.05841
371.74622
402.40328
387.45521
491.08367
461.78386
576.75586
506.4267
483.5656
556.73029
273.47586
368.03368
425.34354
510.90021
457.95433
608.80651
560.21681
536.19898
505.80654
606.20045
577.36359
589.98411
566.19471
414.77942
638.4524
378.99211
406.2327
408.54214
723.18921
609.29294
374.29541
369.65542
551.68997
288.86801
448.11259
461.67653
536.86284
334.21506
557.94978
555.51334
345.1156
589.23799
495.03911
375.2182
1005.019
484.64544
559.80769
227.05746
185.97922
586.11134
322.66922
438.26725
715.0845
244.35632
276.99111
463.42208
601.56906
391.56738
-13.693995
712.71588
419.87574
487.1898
634.09142
505.81457
541.98481
726.49891
552.64655
776.07296
684.81628
658.91886
500.81966
393.68413
366.28157
296.2237
530.12179
512.37469
753.53813
449.62411
713.39814
528.3403
479.55738
374.25901
472.26087
623.55869
479.37695
409.93592
532.66391
432.43926
290.70606
611.55109
505.17132
443.44029
618.40607
589.31399
435.04816
343.56447
484.86703
927.64062
592.73653
302.73726
599.83412
343.33091
385.17986
495.19227
768.07151
302.74345
473.72035
419.0372
369.23642
475.94961
695.73806
639.71686
585.96284
603.73315
175.12489
505.27921
238.39631
571.21884
646.08053
489.92755
510.98294
756.32852
757.43272
543.61305
660.7754
528.22087
657.9077
500.59357
848.4867
526.37054
743.17444
486.47783
528.37756
785.88643
645.7982
696.16284
429.45384
555.53111
386.21884
768.29168
856.41242
490.10697
577.20816
636.77887
545.29128
643.20317
504.73558
424.44303
582.57875
515.11193
435.34019
599.49959
409.78958
484.91991
494.73263
298.18975
446.44258
501.14811
825.00898
780.67944
559.99683
446.90461
331.23885
398.05873
650.94138
778.5853
642.28535
642.84141
618.94721
929.89933
544.94596
529.17681
541.02765
421.22832
484.93359
704.81705
601.21042
782.92896
857.03161
430.53712
628.42296
638.87604
609.53753
398.26257
416.00498
453.60748
364.13545
441.94732
636.27301
336.55986
139.48815
439.67119
340.32829
461.46187
306.56319
620.37653
775.93355
230.44367
213.43194
512.19966
314.07639
821.73785
190.34944
622.80454
519.71565
396.22275
521.12908
635.42637
860.34302
350.11973
431.29307
437.50826
588.34218
266.45452
446.32898
422.76414
358.91245
463.85766
527.0117
519.26672
356.59145
488.79029
524.30586
674.31782
682.97904
572.91882
318.32946
678.87986
601.2198
946.64056
637.59032
797.1578
548.24027
588.70532
803.41116
549.78644
791.5296
781.70025
690.81088
602.57199
446.94477
446.19601
734.42101
583.26912
703.73131
574.29921
524.27161
183.22036
674.3573
439.81546
468.01232
465.49269
511.32199
648.53691
500.46364
493.05818
298.77761
549.85669
500.21129
620.27587
478.85597
784.81171
454.18263
505.1817
543.94951
315.82782
502.00469
579.99938
668.20953
572.40461
436.68
726.15516
679.52622
938.39786
662.54101
646.20964
391.04196
524.93506
474.20449
423.89067
420.94031
208.89704
390.03913
502.79321
668.49257
608.84763
539.1156
587.99546
666.51592
630.87372
577.95925
732.85415
552.09074
519.94217
394.36748
650.18251
632.80224
376.83662
380.1027
473.08151
441.5293
162.4775
676.02303
606.23032
779.79557
581.00167
583.29793
449.56604
594.22264
601.42832
513.35145
595.37405
610.91247
491.13024
495.41905
729.39932
552.31637
589.44724
247.04245
489.7453
457.01144
520.48424
417.54812
575.58136
724.53999
853.6296
730.41905
587.20636
626.47103
737.88304
569.17331
578.26584
356.11411
484.76697
460.90566
393.6729
237.46077
436.18695
592.6584
559.46636
720.94667
634.37963
698.65852
569.34878
454.23796
543.2602
349.20341
410.36852
661.35475
797.1115
696.93394
472.59867
659.4354
760.84394
553.00893
685.23719
694.37564
618.77924
690.69249
366.51604
344.03299
300.46212
288.81074
532.01929
510.05202
726.36907
755.96732
700.22857
433.97977
424.98518
302.84093
443.20691
556.05588
570.27556
389.73082
450.00953
527.93075
345.97507
551.12381
465.42278
479.21597
523.00855
512.06597
440.40331
571.51491
500.03258
464.16602
471.69327
469.93639
687.30535
356.53499
473.11441
469.32838
462.62707
497.37909
511.50137
669.27555
710.92586
692.71785
704.73047
551.74904
597.15378
648.80038
782.28948
406.69516
550.01692
357.68216
385.43244
591.7631
646.7857
421.44671
318.66885
548.71771
422.96524
348.34417
625.44255
503.62542
400.8392
373.26798
818.43325
448.83445
805.03128
559.46901
174.66619
403.71115
453.13731
333.283
534.08756
682.63057
769.17161
436.93883
361.81175
729.53876
199.31218
332.70748
590.94827
538.89213
640.33994
393.95032
640.27656
546.8845
263.99144
238.69385
488.87805
486.42906
589.15043
621.39166
591.22761
407.45497
660.88832
798.63037
354.67683
294.96164
211.98178
638.73918
437.61233
461.62644
313.52735
774.85124
627.05605
749.58501
787.67072
738.28826
537.3194
