663.08792
1037.5057
1531.7859
1579.4233
1540.5744
1648.71
1537.6392
1162.5615
1275.3611
876.20478
1187.4046
1183.5448
1515.0446
1046.8519
1273.8409
1357.8591
1192.7511
1364.4821
1173.3821
1312.8818
1127.7481
923.22346
1389.0198
1435.709
1269.1817
1253.2135
1053.6294
849.85411
1187.0644
1383.9363
1510.6426
1609.4842
1245.5898
1132.1406
1053.6889
982.10643
988.59883
1262.6018
1170.1869
1144.6856
1247.0634
1424.1747
1285.2615
1079.9266
1098.2316
1082.8489
1091.7569
1069.5398
1135.0528
1187.9675
1197.2786
1082.6284
872.47031
981.29115
894.17279
1046.6461
1086.9843
1073.2812
1208.1858
1088.5613
1276.0742
896.71111
788.6149
1285.9022
1053.384
1091.8983
851.66132
1053.6698
1091.9059
1088.8109
1208.3493
1065.5487
1070.4968
771.10912
925.08626
983.91674
1005.2728
993.43543
1051.161
946.87885
940.47965
952.4022
1287.3921
1088.2607
1158.2717
1194.6303
953.03088
967.53812
1075.8387
983.35004
1302.1345
986.57027
947.64802
1113.2101
1053.7072
875.54447
672.28754
962.58556
767.01858
1100.5414
919.66466
945.14239
1073.9965
958.42099
1053.6655
693.0601
705.50723
831.78982
910.62624
960.27813
888.43412
703.263
1077.3991
1007.727
867.62279
713.87724
660.87924
686.72518
944.84806
839.48209
636.69917
553.40975
872.5045
904.14934
636.95558
696.56525
655.38898
621.76017
689.84742
1136.9324
1077.3151
917.85229
854.67104
1054.5746
842.54197
871.61479
807.2016
689.61269
807.18794
884.09327
828.03843
996.33293
635.90382
699.94657
858.02402
1067.1717
1010.2763
910.08149
752.77569
873.01746
795.5603
993.19284
714.89527
851.62193
943.5276
1103.0664
804.41621
969.61095
870.53596
716.34345
1032.3661
657.77825
960.8532
848.5459
919.86759
897.04542
662.07377
884.75609
848.1749
694.24639
927.56197
732.48402
877.99881
696.25819
825.06611
772.68528
1061.034
987.65967
964.86971
681.46211
1079.7568
1101.5468
1012.604
794.18263
891.26453
888.7402
1076.1673
989.81684
1215.3564
996.6656
863.37921
811.31437
990.97771
1177.5508
1086.4768
1023.5574
960.55204
1024.003
1046.204
917.98638
917.42273
934.10327
970.60442
1047.699
1109.8626
1057.2199
1108.5861
1097.2624
1029.0498
1004.7243
1386.8966
1137.5689
1470.0823
1076.8324
1195.3527
859.24584
954.21995
1027.9942
1149.0871
1220.703
978.69728
1045.2822
1048.3907
1010.7874
960.01602
1034.8584
1114.6711
1201.1106
1305.0292
1288.0442
1035.7587
1118.177
1132.8169
1249.2941
1412.2107
1353.1305
1279.8782
1145.3158
1108.8247
1205.398
1174.0296
1080.3701
1215.8014
1100.4673
1212.2299
1245.5312
1294.7465
1230.8136
1336.3031
1207.4369
1200.8908
1020.2018
916.57655
934.81656
1132.6292
860.89822
1054.8463
1221.0201
1082.5553
1313.5003
946.85348
1174.7893
1161.3423
1114.3496
1180.7259
1007.7519
930.01121
940.26979
1100.016
973.92142
985.39829
1232.7345
1086.6001
1086.2801
1167.3691
1048.1881
1062.6464
982.80968
1056.5936
1146.8387
1303.5281
1088.7548
791.93228
1098.8915
1159.6812
1313.1453
903.88047
1133.481
1008.422
1046.2592
876.15832
821.28771
1234.4644
1047.6618
736.0068
926.07427
719.32109
963.52755
1073.5245
1037.8622
1193.3113
1199.1012
1117.3189
1075.3288
873.89584
1167.0948
1265.6366
993.85377
1199.1091
1172.6955
858.07336
807.05166
1038.042
1246.3444
1129.6468
981.23953
1069.2743
1040.6836
984.99197
1152.2128
711.85085
757.17539
1007.4294
1167.3575
968.27889
1430.9395
1239.9852
947.75166
1125.2262
1089.0194
1152.5509
1107.0966
1215.5265
1190.7611
1018.0824
1015.9062
994.8025
1056.7364
1189.108
1108.7361
1128.2026
1049.4198
1172.8402
1072.8539
1232.6259
1129.1073
1053.8622
983.57747
1351.9916
1180.7855
1093.7679
1132.154
1229.2556
1077.8406
1176.8292
1199.1496
1125.1635
1047.2702
811.85871
1070.2978
933.38254
861.90674
1077.6569
1034.0952
1125.037
968.82461
1172.3319
1341.5224
1041.2606
1280.2277
1040.8501
793.45475
832.81996
1175.913
892.68601
1061.4387
1135.355
1129.16
1347.012
1218.5918
1019.0981
1056.1788
1010.931
852.3599
1055.1619
883.46457
1303.8299
1315.2424
1199.9995
943.13138
1239.1177
1290.3264
1057.717
1274.2819
1223.4751
1044.6838
1174.4936
1024.5529
1178.1676
1135.1899
1206.2899
1091.0616
1044.5267
1012.8136
1221.5347
865.49318
831.74504
1229.1262
1241.5256
1176.5452
1282.3047
916.60572
1083.6856
1177.2966
1158.7427
1130.21
996.26874
1138.7826
1177.9916
997.89634
923.45397
1225.4182
1230.1262
1057.6153
996.67831
1075.3975
850.55426
1084.1787
1169.1101
1174.7887
1368.2628
773.74281
665.28908
740.08637
954.73331
917.58924
882.17568
790.55506
876.36775
1049.0379
1050.4617
831.05021
955.08106
812.13153
960.01873
690.91527
1036.182
971.74755
874.56767
1089.1417
878.4083
869.82064
994.12249
924.12219
1105.232
1116.6043
1025.2869
804.58431
799.87513
767.75064
873.52701
1021.7254
768.14395
825.67556
1026.9992
997.48607
940.20329
883.65066
805.71818
883.09349
831.44461
782.70757
891.33978
1111.5617
1048.9101
947.36536
967.75094
722.93761
1090.2469
1116.3171
1073.8965
1081.5341
887.90142
722.75331
790.23172
669.08568
936.88011
991.08421
1038.5837
691.8323
732.43747
790.09585
1085.6892
894.49247
700.27709
595.71476
729.44706
889.7192
835.06304
733.60859
749.16439
705.51241
685.41692
711.83822
695.55424
926.16386
870.17584
724.56106
733.34129
908.21689
541.3402
933.04536
677.44842
1011.4186
1103.6091
730.06968
783.50674
912.47051
731.12172
909.08114
806.37814
773.03293
1062.4454
824.08041
748.62328
724.11491
711.91234
789.90531
750.14731
790.15411
862.81683
644.35075
810.04925
558.75756
726.71698
759.75161
898.93451
900.50463
575.8236
566.36158
663.83992
476.05065
601.27545
567.8378
777.34541
774.72677
693.05434
548.85293
546.28417
780.15186
858.50332
868.89647
702.96397
580.17003
698.06923
809.0948
732.50549
677.7866
883.55308
757.04394
984.13016
650.70463
767.00522
707.39385
721.5566
707.93434
776.21141
610.43974
704.30237
603.19755
1161.3718
635.23992
927.98486
779.87442
668.12886
808.1952
582.49105
727.23524
898.99019
535.33735
725.13527
766.79078
851.84425
763.83646
649.34373
713.31047
454.15759
413.88827
669.2534
561.8087
738.80705
632.96616
766.12065
583.33524
718.81192
908.41993
798.48182
744.59306
707.92642
607.88741
469.65775
571.7821
720.66417
826.64765
806.01316
703.11289
568.76983
814.73705
377.65673
801.85417
502.78651
420.61046
617.2677
635.78153
690.01324
724.706
432.66295
601.28314
591.3678
395.24722
617.47425
627.86278
612.25808
599.72846
723.30835
510.16049
584.80766
464.1642
703.99301
785.19498
621.33717
592.52542
717.89
646.28573
588.73883
452.92482
562.32966
377.4006
489.98851
803.44715
663.86585
524.17889
814.83027
378.06613
621.77307
613.11579
640.96629
947.88292
814.45806
417.62533
421.11902
481.80494
520.91165
840.12112
391.85494
493.98504
621.22133
631.91444
385.88291
465.36238
302.964
614.69862
765.9657
776.0355
623.22858
480.70867
729.73956
678.75005
482.34589
767.04953
516.26461
934.45774
439.87454
601.73483
539.06685
565.85932
747.39475
607.66215
478.38277
739.34603
380.85685
639.05111
529.52613
313.99337
673.9375
360.70035
632.01966
498.70991
718.30737
631.94425
754.70864
504.62017
535.38475
470.01017
468.83482
585.73215
571.27058
518.28026
605.22895
407.49227
558.77033
574.68594
622.91915
681.03108
814.22548
715.77952
554.78269
528.08551
388.09159
482.08934
603.21837
580.65375
410.26993
524.60636
565.50735
586.76842
532.57703
781.48376
507.29244
632.56019
661.023
632.13102
217.91014
691.62471
623.49697
590.52395
776.23315
474.93325
582.07824
699.89209
564.31575
568.28077
604.92237
413.00437
551.65294
760.94235
572.28383
721.0229
396.38375
352.34006
703.3719
525.38596
422.63244
810.13331
727.77362
769.7684
779.5408
754.82896
532.43773
412.99919
644.83536
496.04767
506.19989
695.404
448.63178
846.45997
626.57857
381.51369
609.66451
457.5431
495.25044
810.3885
481.63181
461.28471
476.13206
489.10472
290.72995
608.76367
524.42409
599.03422
555.16242
670.19174
658.84169
261.50034
355.90131
413.28998
467.37745
208.51231
539.10348
655.03943
615.34538
459.2587
591.08468
300.78759
356.87749
606.97771
470.43435
432.97213
216.67772
576.85182
724.779
438.03039
375.80272
371.96283
423.35938
528.73463
557.32801
525.51907
476.88261
528.57585
476.13478
319.33855
467.03739
652.90774
842.2341
578.8775
263.58205
316.44712
109.79344
308.60341
881.92192
657.85552
346.1621
255.01905
111.50927
645.42776
467.48741
592.65381
365.56614
565.01441
564.76391
421.76357
407.12284
598.38662
602.09111
554.65278
574.10854
734.74746
596.58627
520.94863
653.27312
729.58192
560.04095
714.83123
542.59931
430.28241
509.26575
533.924
552.04011
677.24772
694.74267
511.85751
512.91703
298.07123
518.74647
407.11907
398.78862
362.89233
663.84347
526.45419
749.8363
613.99861
300.55038
611.67935
372.10315
335.93481
549.91987
574.32488
677.32619
602.31082
526.137
549.25196
488.87811
552.24365
490.66834
478.08276
516.56455
430.91346
653.66054
415.41842
462.89106
674.25334
548.3258
530.95369
660.1363
698.11386
801.39905
428.09167
304.66427
666.09956
621.77865
722.25935
675.68043
512.37467
807.15918
582.27178
606.75841
544.07392
564.42364
166.00539
302.28713
329.95103
436.72236
663.74885
383.69987
602.8787
424.50108
285.00657
415.7584
634.35154
580.67854
304.99259
486.53153
425.5798
357.10145
239.4083
259.85074
397.20302
180.345
299.49669
225.04818
490.57895
329.74534
263.09023
390.62213
349.66919
340.80936
276.4153
236.10945
387.46255
219.47325
217.44096
285.37206
193.71809
189.85387
318.09025
239.07555
312.11752
531.51792
731.56622
552.22556
426.6599
303.62922
400.86641
362.7035
490.59708
405.8163
563.12693
610.50949
331.45304
430.66559
425.32229
295.46785
596.07939
166.0255
516.45311
362.62648
514.17189
480.0387
315.36284
581.14223
432.55078
334.07203
548.31498
552.48258
446.59624
410.36065
307.31314
340.04563
491.66314
384.87776
402.45068
475.61872
585.92226
440.9042
273.49088
131.12317
252.16359
414.57712
120.50598
301.06489
420.98907
403.54319
377.48607
375.96068
246.26954
462.96649
249.44813
239.58229
357.5344
169.18543
357.89964
544.71119
451.71421
522.87043
246.73668
146.54008
432.64247
414.17221
240.12741
390.03992
397.40358
397.10149
546.22899
420.54915
332.39127
459.90596
470.61241
124.51395
271.61921
300.32044
551.79738
437.42908
327.23448
340.88508
357.27557
66.199311
420.36613
195.84896
157.18773
394.03535
521.45206
403.76182
299.47612
423.99524
573.0008
491.29104
351.13671
488.00682
446.17485
373.5114
316.87854
301.49596
203.61961
257.98472
221.54996
393.48831
403.241
438.72828
453.552
170.22123
549.64706
9.6452885
259.29897
460.91575
279.28895
355.86344
77.160803
396.81693
208.92914
345.74789
226.48698
483.98248
521.73933
353.41699
205.78034
253.94418
518.65855
422.14429
424.4969
250.45771
401.47899
392.86043
279.37699
355.57416
326.77135
343.25923
410.55137
542.7698
201.73312
448.70489
471.82029
306.75764
307.24716
176.38057
524.45285
528.17809
344.31543
239.09901
346.40437
187.39518
254.66036
431.83006
394.70794
-49.895381
290.59618
303.07439
366.95441
309.21391
354.98035
318.62198
171.19932
300.34417
287.58981
567.56093
246.14705
646.10417
249.17744
136.66542
215.05432
253.50682
409.95867
364.10609
468.22943
325.5453
327.34928
270.6229
263.04473
70.209555
475.62501
140.78945
204.94685
45.921498
225.90495
274.52606
387.00627
223.67932
284.19069
579.92999
264.36399
132.89784
66.168616
252.32434
418.61566
406.37188
339.08917
244.134
299.00154
340.0381
394.1532
346.56529
312.75682
381.23281
336.34796
336.91269
108.20141
302.3687
494.89874
289.39634
292.78341
420.67259
452.42871
276.43924
452.60605
465.19065
189.65408
235.69699
204.5033
108.93366
528.20856
382.48726
356.28531
198.837
205.63249
34.717516
470.24238
378.36796
359.43941
529.61987
308.96308
258.14384
110.83823
213.52892
137.3728
30.098792
-18.882687
93.96185
368.99749
499.0019
453.97422
296.73012
393.17146
272.63884
330.70602
123.48701
263.81755
384.84394
372.59342
311.56786
294.95782
137.25045
395.72066
252.39985
288.42744
236.17288
66.908189
183.05155
181.08711
164.25409
202.83644
183.45423
293.31906
57.941257
177.73266
222.83909
302.33409
385.85754
573.83488
410.55652
166.20584
200.76666
431.21608
419.4297
281.38817
300.47335
390.50896
119.52156
265.51704
170.2649
356.43994
360.15054
296.25466
229.54293
405.8647
367.26057
-136.96453
439.21915
303.35605
425.21381
437.93195
182.3856
362.08523
333.16976
395.87133
486.30645
473.9854
226.4351
441.59849
213.48819
444.74573
275.19094
245.99704
376.43235
373.3142
494.20654
458.90603
505.82283
516.26401
532.49109
585.48701
462.76987
461.90101
462.27535
362.74037
150.92707
313.11548
339.23816
347.67196
264.6915
307.6646
198.49775
73.123265
353.5646
504.31582
328.66676
378.88516
422.31678
422.18976
285.96271
297.48438
310.00018
317.47243
97.936892
320.42288
204.31998
202.0765
120.61744
184.30413
64.128904
299.17855
56.079135
287.46641
8.4294299
125.83931
215.51499
81.646701
132.45014
232.74711
174.07642
335.55017
384.90408
227.33949
249.28127
225.87466
561.17961
485.41944
353.1185
438.36258
628.03129
312.47736
294.77822
292.21031
449.36754
320.13144
234.65495
321.07054
171.59299
420.87779
-8.1563053
234.21078
258.03301
348.2843
288.14428
553.2093
78.433411
214.5562
432.70799
430.02031
354.46127
464.3761
516.03042
526.86184
179.23028
337.37362
290.2022
255.86348
173.05677
121.12649
214.48132
277.64777
108.74577
188.29341
333.76837
539.96845
675.56848
594.91438
226.6046
380.07367
260.51509
314.19396
221.72032
176.10452
465.1512
318.19707
408.18283
309.77694
255.62812
408.92472
128.58559
298.03462
284.05616
198.85301
324.91277
215.03703
9.2215243
347.90532
198.76673
-254.28549
116.16097
215.97966
535.41572
252.18651
277.79495
350.03076
580.44934
312.10717
175.71944
330.05523
327.17919
378.01089
217.54781
286.65978
91.734935
137.07695
231.7081
377.54972
330.20395
374.67598
132.5533
515.74851
82.331934
161.89245
196.04042
346.25091
362.32729
382.26602
235.54903
281.2139
581.09904
526.14241
329.62162
243.60009
190.31345
92.701316
54.641016
365.26759
248.86555
486.15842
452.87017
219.8175
252.09945
177.19486
278.33023
221.03784
386.90865
316.81404
425.75886
621.15992
281.51101
265.15294
188.6216
103.04227
292.62986
507.60885
463.56918
488.56047
406.4324
266.04232
296.26517
59.498741
326.48248
344.51067
164.5006
201.90197
367.02066
324.08704
374.10752
565.50009
323.02279
573.34579
516.29022
522.34781
522.33856
456.4912
515.76998
456.90115
492.52367
362.79958
399.91019
365.57723
123.59594
242.80233
423.39252
444.51683
446.32722
169.08142
249.55025
128.84287
211.40664
300.12241
293.05259
341.45247
473.39011
436.73815
357.46661
318.87232
288.91689
478.27767
230.9334
776.68636
405.95729
203.99298
-16.501448
61.378144
281.80972
602.74221
203.52379
373.54208
142.77538
116.21177
412.95546
675.50975
365.19304
248.41166
320.08359
254.93963
205.04219
432.00185
380.38937
390.06504
208.61508
266.26255
410.07389
232.90213
231.77214
250.01584
340.35335
548.12925
245.50424
594.56689
445.58317
390.14081
441.79216
426.23341
218.15777
74.513989
218.01948
310.64986
356.60829
266.51186
55.223749
18.396559
312.38539
297.37787
394.04289
113.6912
20.511813
330.40718
75.975705
342.48975
172.16761
426.99273
240.58328
552.21763
374.92293
501.94644
545.32842
454.98517
371.53803
377.74258
438.65025
292.09024
461.11388
130.66134
168.21562
237.20517
283.33259
78.403558
214.64759
269.79927
566.1041
371.43322
359.76682
496.09945
281.55641
209.7547
447.8068
286.66411
225.82588
426.75536
267.16866
478.12072
476.46392
478.73451
243.27974
326.6208
355.045
365.13477
494.65163
75.626263
268.25896
340.70616
257.60219
42.3517
166.50612
265.49921
359.042
172.53713
304.04293
256.6723
240.56506
277.76314
307.82941
199.51182
353.15852
399.80989
220.45673
393.63312
406.62636
285.59397
356.24757
227.82715
174.04123
392.19951
391.76973
275.07932
521.18468
402.43125
72.528687
55.991715
106.87544
238.97194
240.51378
319.58265
322.18755
578.38415
461.86077
434.91631
507.35845
371.44196
251.85242
368.50051
464.63773
461.93127
460.5524
360.06011
183.15994
414.83069
372.87375
306.86653
235.20653
348.46663
349.39311
579.0624
747.16188
437.02949
391.66158
390.22102
449.52659
378.27896
383.14828
190.74141
180.44765
437.52299
265.82891
57.981652
426.5987
361.9861
522.69692
436.83911
223.00574
368.32437
237.05937
118.7447
308.34558
22.481047
358.31329
90.413305
284.95229
413.49315
283.14348
327.64807
57.932371
496.16743
156.7961
170.59979
321.83675
343.75072
289.97913
387.86422
196.89386
152.38195
191.7569
289.78007
483.26534
45.790774
314.72658
126.17011
471.8787
431.77691
248.06073
192.13078
163.97971
319.79748
388.74736
448.92725
303.80047
126.10361
190.47573
157.60274
428.57955
378.15121
592.07733
463.07296
283.51696
140.17833
482.165
594.09518
447.38636
361.50588
97.519417
110.95454
-47.372612
430.03636
493.32253
320.1459
244.98193
77.226418
94.801406
18.038701
329.88067
418.14979
341.36176
166.86945
37.78861
236.24425
236.98571
324.05926
114.45976
108.47518
277.65831
109.65531
136.47625
253.7435
559.80579
538.99201
301.33279
268.16156
221.01954
418.32536
230.44284
445.92543
175.32294
456.21112
214.10385
280.00913
271.92431
362.66743
206.33285
247.61929
312.57845
203.66749
491.71327
134.65858
232.2951
192.67574
122.30195
212.26395
364.40271
280.98671
415.82666
674.78835
387.92113
372.50285
473.75167
169.73279
138.45657
-52.013698
231.06872
587.9082
382.14587
412.77603
199.96052
426.9226
386.01515
340.99856
698.2553
491.93112
269.36762
170.81088
314.9502
290.78453
46.347414
313.8691
399.98507
249.34692
324.16028
499.13997
342.74455
506.41185
110.08163
210.94131
480.91597
401.77373
649.16287
355.11149
541.2752
368.17658
114.35619
341.67574
187.89112
474.37999
263.96619
407.05812
303.90034
338.92362
228.31424
307.50878
345.8381
490.2221
415.0931
454.77702
489.17836
407.06317
270.19103
232.28522
301.9717
353.78918
262.44184
277.63623
369.6597
431.96468
408.6534
393.58573
373.59486
362.52209
423.47155
357.99486
349.95711
215.43037
385.94458
259.4189
101.90599
243.57758
388.44231
399.81065
632.19187
309.5318
372.64756
305.6596
432.55383
491.52443
412.39137
117.17816
392.67733
457.80266
288.86729
614.14394
395.04326
442.53639
285.85479
389.2906
382.10033
267.53795
418.52094
560.64427
280.28801
156.52368
397.87536
145.21168
468.60035
456.65125
565.23222
373.70768
440.58702
426.31093
596.77755
222.02179
383.05212
327.80717
251.17391
194.30089
326.55537
231.70367
169.53241
498.48593
262.85168
294.35408
74.683397
107.64108
344.86363
230.47226
200.33939
48.573453
177.19781
394.98423
368.5343
569.52112
431.81351
473.50306
340.13007
341.73747
498.62021
552.94399
454.51386
489.45596
198.48139
192.37791
315.23281
262.65287
154.4476
276.79408
416.43891
261.27915
571.58869
323.85211
602.45204
410.57715
317.32075
479.43583
489.55185
197.28721
559.79688
383.01626
410.91926
344.98228
490.17638
434.52474
292.97348
491.49932
466.29865
608.0387
479.27121
424.57471
184.49424
252.32037
165.97327
251.66918
258.29034
163.63043
245.16045
55.457905
98.907001
414.2785
121.18464
131.44726
48.334435
345.75455
447.52559
378.9324
399.98163
131.2428
193.72285
440.14829
141.68712
143.16661
254.82482
271.9109
657.02091
497.82204
133.55714
358.89547
358.68333
298.39876
696.97636
314.51088
372.34135
162.71832
385.40816
176.79266
327.93574
95.509106
148.05627
126.18805
-21.229968
379.51949
465.19721
444.57822
394.61083
507.22417
282.02895
225.69051
207.52057
133.51568
91.922104
360.85934
197.13825
391.46441
529.72725
521.65085
262.40383
388.90266
662.40044
439.67181
435.49644
251.68834
218.05936
217.87733
399.05641
169.66402
264.14224
522.46288
282.34191
482.43013
208.85011
207.63203
-34.670946
269.94073
500.30033
372.5113
438.89874
354.98023
338.49948
238.21316
408.05379
381.88143
330.40616
230.91544
337.19876
335.3769
259.08336
-71.754571
526.81205
450.85101
535.64825
438.15481
188.64016
355.74332
346.4703
585.70018
706.49009
318.22437
612.62553
218.18993
186.54461
215.02665
283.8515
278.65334
404.06375
578.51756
404.91373
379.52423
246.26807
567.88896
362.02053
7.5087095
368.03257
639.74766
185.06377
345.9599
457.32923
563.76764
288.29412
252.80215
448.29789
405.15092
337.81091
362.6252
261.19228
404.55415
272.28092
346.51741
534.73954
581.41882
645.47177
370.62595
380.13838
175.9756
311.16624
202.76051
213.69972
351.63539
559.06355
437.49631
470.45576
246.65514
191.95646
529.51908
636.2839
598.66674
487.87085
432.18695
254.56787
197.85089
-87.15794
490.94802
385.94341
349.09054
492.09743
146.86827
370.90669
370.4827
414.31178
245.01056
170.3179
117.42335
465.96978
470.18955
528.05566
605.9544
224.60043
222.8705
173.23237
380.3934
457.31626
527.15271
338.10243
136.06205
343.44167
275.43606
444.72993
350.43339
457.37451
326.96855
318.61685
250.3956
281.45208
213.93453
343.87599
571.54565
330.33223
230.49894
267.16532
299.83384
240.1976
472.21245
468.65148
-25.849473
127.48999
167.60352
127.09358
264.76621
416.59373
412.07657
640.92907
290.07907
303.07639
213.91115
252.18262
713.91656
491.41296
1.813587
79.340848
433.53357
385.60083
163.66839
411.22834
366.55662
349.10226
233.04749
284.42413
242.2087
351.08682
329.10264
328.99434
391.19067
405.98092
371.40844
355.65865
447.49332
410.53978
625.87336
358.37412
536.63604
312.26693
136.17833
197.46425
340.5659
238.96409
306.63914
297.01478
426.47789
342.36251
124.86669
254.0645
438.31131
305.43719
55.227885
233.17957
345.09377
434.43358
270.05378
329.4265
236.91695
576.31921
467.11125
318.00706
277.16385
487.04048
303.58173
225.55767
30.401048
293.4775
377.47874
454.2727
172.4175
386.72598
463.41389
428.29533
284.2639
267.23334
169.67089
305.60266
481.07309
494.02493
594.19299
439.70333
375.83192
392.25839
210.21549
309.69737
299.88913
549.09366
507.12871
424.2527
163.09256
387.70369
386.75072
378.57734
129.56404
242.41505
296.80623
225.75262
532.96374
117.86536
179.44737
86.162807
293.98695
585.00014
305.15295
446.76245
346.13878
286.30282
377.00162
462.44506
526.27891
279.19766
707.4604
483.96218
511.4549
389.19843
409.02425
313.33598
314.62285
353.52328
237.6561
74.644704
372.60866
234.1386
512.76958
245.72153
336.42181
414.28391
430.97985
301.58276
377.8719
202.80088
303.5027
387.69153
337.25518
364.23917
212.54188
341.82229
.082832682
535.85941
369.95362
483.3935
401.50684
381.61308
298.3147
369.40399
392.38824
629.61606
410.69582
417.6021
144.27519
98.181852
310.95511
260.02084
153.36609
360.01541
504.49658
303.96903
431.17418
469.56352
337.40871
427.80493
431.77289
312.29527
298.04954
281.35824
280.47961
482.40206
338.17872
181.43355
322.81214
285.22385
446.51407
259.98208
472.35508
356.76523
111.42345
224.8804
432.34056
345.27245
292.15424
270.40799
566.43785
385.97585
416.06818
220.41315
383.15104
616.76181
523.87569
362.39902
250.57315
673.52581
511.26464
423.84354
253.60665
339.27108
260.41431
404.90779
239.22452
79.371765
397.5708
399.31777
333.28186
454.97018
458.43839
325.24481
391.74994
166.52969
98.382975
425.89927
565.68412
545.08119
495.68326
722.41344
566.60892
263.65335
717.79293
651.44364
371.00693
445.04296
186.96955
139.342
299.02136
305.66356
639.21832
409.82029
324.98672
477.5253
303.97478
279.39297
564.4483
224.56124
176.00579
354.10906
321.04321
343.12943
338.59196
375.37938
299.40311
195.88672
238.39356
92.212847
442.96245
241.43161
284.89438
458.0942
412.84036
64.713524
239.82392
245.45085
268.39035
207.88128
324.58444
579.22757
593.28663
587.48359
269.51348
285.36895
324.80406
535.18565
496.65615
429.57878
193.08888
309.32559
258.52249
420.29849
432.88608
427.30889
449.02502
260.12613
155.56574
141.01755
404.91339
291.03756
447.87008
539.46941
445.39099
511.31991
342.53356
461.93253
450.95123
551.79585
458.71549
307.41959
184.84878
309.6927
350.06164
268.02164
300.00249
122.23321
197.23112
131.03716
136.35208
445.4107
513.87689
329.67268
213.75472
221.31594
184.19252
166.67302
314.39556
380.45398
533.17835
298.3485
101.63835
310.2338
459.41206
179.43213
208.5178
454.33692
108.84479
379.35351
225.1371
249.88307
-69.480112
306.08555
492.17524
360.79627
428.2951
215.48478
288.16665
17.489595
76.968604
171.21603
476.46944
250.18656
147.45169
172.50055
187.44361
178.42097
287.15315
440.41332
96.525739
324.53286
433.95184
232.52958
495.01984
481.40753
478.4421
317.37547
296.90739
272.98908
154.93606
380.17471
283.31503
386.27681
420.90161
139.47857
318.45253
212.75921
380.56143
361.39307
246.69139
238.23781
-3.0271769
37.66537
135.8092
289.77632
202.2998
154.0422
277.95678
9.7054758
243.96509
612.24334
331.79754
194.01167
430.64908
403.25584
128.6208
414.00481
475.60164
279.15155
382.91704
220.15797
287.40978
169.85223
393.08444
289.40866
256.49378
236.76195
622.59482
388.29818
544.38387
482.66588
400.62937
484.31094
578.99079
165.58608
232.73152
453.45863
223.74179
486.22835
511.87327
220.82756
475.74062
205.92852
428.96916
626.36754
481.50787
331.15788
251.38369
496.47159
190.35813
600.91987
477.04918
378.6963
372.15559
477.08482
12.041352
175.63929
-23.005874
196.06768
107.08876
371.02001
510.00798
421.915
554.23304
175.99339
446.66504
414.70669
316.91468
365.68741
205.98232
219.75567
599.3866
591.654
341.32669
503.01032
484.93818
317.21877
153.21813
135.55225
184.53556
183.94873
392.06171
395.04983
281.17849
68.817948
342.87513
597.44981
329.48362
229.21283
43.13227
305.81867
328.85243
490.46483
516.94373
366.5716
347.51257
157.56624
291.06616
282.37096
219.7179
347.95534
278.1373
333.07516
586.34509
323.88252
344.3066
526.31816
487.94898
373.10902
278.45629
394.22616
150.82732
361.25247
389.84577
312.68433
139.3059
489.29704
333.73281
282.94018
501.87181
521.43337
320.29812
304.83355
431.2831
402.27062
377.17684
485.69712
463.0978
176.15418
112.14143
448.97994
377.99324
406.14736
516.76577
274.57542
224.61597
276.64342
349.35099
218.81223
186.77097
131.72906
475.25974
795.3903
291.21948
208.11639
245.35667
102.6217
245.95393
283.75109
163.02327
402.34083
466.27063
467.82472
381.59668
603.78867
364.43942
467.135
339.1424
272.04969
305.65085
516.67421
157.0313
306.83417
522.95991
243.81365
187.97492
398.29724
142.13679
630.90416
378.68375
412.17712
155.98925
-14.220952
269.71144
348.75528
358.068
129.18368
294.29293
233.43921
166.43066
289.2792
350.71108
97.65177
368.64565
262.48308
279.91412
287.77943
459.06658
338.9379
310.34412
515.39316
468.33768
181.6994
517.93028
378.03616
308.99623
533.63419
410.63498
277.33015
163.22251
214.03136
346.68443
430.92988
448.08373
262.97026
253.90312
287.93029
452.81736
565.21453
87.896124
480.57183
404.58666
311.95338
359.41075
495.13606
262.73165
150.79301
-151.75373
243.99867
63.31021
313.12305
131.00239
407.58967
526.01089
686.79063
361.93666
335.11588
501.41636
452.42066
121.49231
171.55527
164.92675
-51.224965
214.97715
239.99133
366.19687
412.48914
488.33585
289.60303
492.60227
245.94832
356.43591
585.80631
432.65184
616.61905
491.33725
119.80936
131.73863
142.50234
330.78754
341.15275
513.00771
355.9918
218.91813
50.893492
474.0257
363.12234
282.76867
470.70523
708.70222
246.76458
394.1297
331.9249
412.34822
399.34876
285.90365
376.37146
-18.73756
313.56744
346.34348
308.75696
4.9300497
384.21174
258.50379
309.37791
501.10136
322.01647
212.8368
208.54976
620.44804
293.02259
334.8506
295.75949
124.93984
515.4425
351.57484
140.21459
85.618883
157.12388
160.4699
341.73751
428.83673
449.07495
134.64308
229.93424
420.6166
235.17573
365.75386
398.70894
336.84745
456.82492
479.89276
224.24171
474.79713
432.56553
371.78929
423.43876
145.67376
69.701054
99.723923
276.01613
157.84409
71.994446
298.32245
260.76605
168.339
546.48156
28.508788
221.70598
463.62827
402.24389
316.44925
307.30599
489.24619
325.37181
368.80112
114.86862
412.52777
295.94579
540.41222
400.03953
186.79715
349.97347
487.70485
514.83628
453.04797
127.72499
160.99454
482.61144
280.02485
467.71699
454.23071
453.46236
780.97514
170.15488
384.84224
771.32872
418.12629
350.98032
403.88355
430.15571
321.7596
254.21345
353.05145
276.53535
237.52548
444.42256
347.54811
391.71636
696.14075
402.47165
177.29877
274.15642
454.10216
359.21621
454.47546
458.42041
115.88452
203.91791
227.99309
201.76551
441.86724
590.34929
267.15398
268.3048
442.70347
392.47969
409.95334
341.75212
648.13421
489.09147
608.53878
445.25609
209.68811
617.71082
538.96329
340.10054
507.04821
170.67275
248.69392
300.04263
371.13698
552.20638
595.15972
389.00999
454.70613
182.58434
302.24429
419.65295
512.71928
391.80762
627.02345
649.1474
645.26768
457.73977
348.08512
499.48497
266.54346
131.76785
312.70655
465.21827
192.66927
482.41703
252.0537
214.64812
275.43784
182.00702
387.58435
269.60791
222.75486
570.85938
472.34271
519.11895
602.24006
559.37881
297.20116
530.3172
210.50978
456.12312
443.07893
349.69015
164.10941
447.26513
398.98625
421.70241
400.60614
342.73992
495.3763
123.93126
315.50355
198.84044
324.56594
172.22849
109.43913
340.97504
361.33723
423.37088
660.52911
483.29012
480.63542
483.61025
444.52142
457.06018
338.64118
251.32151
720.22714
476.77175
242.18792
309.96234
250.81895
87.762608
182.81344
256.97546
63.139971
236.67399
193.15939
132.18513
316.76137
386.92892
122.03582
-45.790584
167.07959
299.50914
79.297612
250.85849
521.61256
423.43504
330.70584
198.015
293.65989
299.43817
465.18324
165.80756
163.72807
188.08396
342.16281
583.01615
366.71147
386.56374
207.7448
354.65237
157.06139
268.064
503.85134
295.01057
313.83569
233.58027
340.06022
267.34371
328.94477
177.17028
584.18263
457.75303
163.62631
58.926676
420.95947
324.62875
269.81473
257.04247
79.670062
270.54289
522.27147
411.5304
356.38481
413.01549
-51.885366
320.56948
367.29295
259.69131
342.25906
150.53448
403.07049
466.0915
189.83044
367.87901
285.18735
441.47911
444.67122
569.3845
398.12605
316.67799
384.97299
169.46437
295.02878
273.77673
394.64003
32.738663
334.47258
317.23749
466.51301
495.00581
301.02875
68.599499
201.39226
184.52234
603.68548
569.49667
249.67722
122.85846
303.12339
623.98507
564.11495
269.05513
203.07827
376.31222
356.32237
579.72935
692.58988
602.04888
452.5587
236.90022
179.6887
337.5939
402.88305
207.64021
195.68984
-65.64927
225.69032
408.6408
547.51567
265.88407
428.26964
485.83247
212.26207
489.94372
273.23665
270.47932
580.86167
621.76406
211.08336
270.84893
104.4744
159.28582
388.08469
353.51977
122.67526
167.76815
422.3992
391.20728
521.32571
650.17207
461.0984
330.47796
393.40244
390.06551
550.16006
101.00484
495.54087
135.73491
367.08816
474.51341
480.11089
390.50907
430.11599
119.89964
314.89468
415.60923
395.67594
439.66021
468.12778
96.206118
156.72994
322.08924
626.76548
504.95395
309.92587
24.11728
366.39181
99.841176
289.83629
350.20961
349.8629
333.72796
185.88054
334.17026
195.43979
514.12286
335.22243
296.42185
295.60719
367.17829
213.77468
305.84434
195.78833
111.5196
378.20108
422.2795
198.77162
230.76136
206.35705
576.48337
440.83535
547.87756
462.08942
441.92184
222.06305
143.00226
345.15215
427.3218
-72.370264
264.82658
149.96645
401.38175
438.59316
620.16101
504.17506
358.63313
341.96364
278.36561
456.77878
254.30912
266.03101
-39.445152
80.878348
354.25547
384.54297
303.57514
138.74446
218.66044
393.36445
305.64959
335.22882
193.20281
63.168006
280.70228
295.26466
381.04119
295.13676
376.06771
34.2851
191.18185
220.73355
90.878269
383.61249
270.63391
622.3406
369.48776
402.32228
184.43893
274.0922
279.04008
459.43842
575.52598
421.28062
522.4036
252.96433
206.42627
514.71576
441.91456
576.51389
439.31462
411.99115
322.2556
768.45666
469.87987
566.82011
656.82309
302.18811
353.54097
378.56645
95.741411
204.97509
329.01381
357.17663
297.1656
523.35862
534.89584
624.42246
456.20831
165.78027
66.781914
478.14046
385.60503
420.6262
291.28779
317.57271
231.15847
497.11546
193.25831
292.37028
184.59997
207.97413
216.83057
486.39521
375.30501
512.65764
399.75938
501.19334
231.11776
152.99835
340.90094
318.79278
400.88172
506.76272
533.66988
397.18871
345.49366
232.89818
552.60764
272.25897
236.00914
399.76755
292.19468
225.15001
580.41603
152.12312
465.84357
407.62317
288.41239
424.99563
134.16859
124.03902
363.1479
470.43788
541.53037
433.00846
448.21979
388.49266
382.47834
338.43706
236.27899
336.87913
444.27276
446.6617
493.57565
493.8376
502.40057
329.42939
285.72913
324.1474
465.0324
501.45203
574.53821
465.21721
226.08577
534.22269
706.22325
286.85996
426.56868
254.1457
228.03059
38.374785
222.29149
392.62048
126.29119
297.09956
225.20853
397.20768
340.69055
420.87024
230.58639
120.1921
287.38722
690.99402
321.46963
228.54868
409.25958
256.63444
308.36549
243.56934
560.51132
356.601
559.53447
267.69747
457.9879
243.42013
345.99996
498.49348
498.8803
585.70613
323.23899
386.54504
305.46479
297.15641
60.081454
397.43787
335.4303
513.20456
694.87344
4.0162396
171.23624
410.52202
399.41897
435.42306
457.67612
328.1536
287.55494
396.56483
335.17294
193.35492
374.49114
317.21883
576.58096
423.56473
461.06671
265.56063
-2.0296401
131.83645
445.04097
419.78164
436.98815
313.50969
355.73419
52.463166
195.56542
365.20662
270.34711
554.20359
141.58499
343.6454
337.4448
149.28635
405.7236
379.18231
326.77917
231.69176
210.06946
509.61725
291.64442
377.17974
70.137233
386.7023
312.37118
423.34421
353.97903
239.93237
401.28304
327.96359
521.68862
390.73805
288.48139
331.87526
425.57557
194.49874
342.63101
630.32722
328.64157
329.67159
200.26711
408.24029
215.99514
381.17074
201.2348
480.63999
552.69418
294.3549
286.7534
169.09444
339.61559
402.95525
498.21737
357.00239
118.42724
381.82262
377.3925
354.43737
218.7244
359.57504
763.58211
475.63925
605.25052
534.61074
232.01429
75.420948
277.82509
395.55274
604.2236
353.96182
449.65054
8.8184702
268.50734
178.6103
395.6613
438.78558
512.16101
252.33211
153.41472
496.22846
384.03481
377.41903
260.05124
414.60755
448.9357
584.74105
742.60975
403.88534
411.45279
82.980333
85.063015
0.49253177
398.32925
456.06481
575.96739
381.30602
163.74152
278.82617
580.52441
167.30266
481.89911
392.57877
494.54718
567.70529
409.47583
263.07494
222.50449
349.17123
687.72639
389.79954
333.11586
456.56844
634.97265
251.40135
410.7822
347.45251
322.19015
334.09094
118.86219
413.8949
235.38303
212.43453
355.07738
377.13224
377.8391
325.82901
352.64919
285.13057
438.9004
190.79874
314.66901
380.91258
335.48087
184.13441
366.84286
269.4987
404.10842
253.10017
266.4343
84.603946
144.43327
158.86714
414.20569
272.38654
382.83492
426.29025
432.08799
274.37669
415.88342
343.25571
144.3003
-77.181564
804.36772
624.42195
474.24696
196.62345
382.53972
472.24697
402.49402
449.45725
395.17459
603.12235
457.43918
130.75775
252.52024
186.48623
376.22159
278.50043
132.16084
365.50155
566.31603
362.74248
369.40765
385.97091
338.80889
150.09497
470.74318
464.84312
594.57968
268.81102
554.88253
716.55835
502.19863
294.19889
441.84068
303.78015
516.78095
299.82985
443.04179
267.03012
387.30286
324.31443
292.84835
314.47141
365.62642
294.89514
664.17616
706.32901
426.17866
452.09249
392.53136
294.77715
366.15906
262.56195
317.24401
530.90316
334.73283
363.42138
260.00619
239.2948
466.23345
420.76094
310.27992
264.82641
466.54574
396.36801
225.94293
568.85306
463.43431
398.36027
335.24251
356.66948
281.8842
209.29715
649.84409
688.05706
469.84288
430.0083
222.32681
153.6075
258.6231
327.99177
385.21402
423.58792
312.33797
362.90284
272.37615
429.22312
523.07708
153.3291
385.35229
232.82567
156.16221
387.42038
297.87678
401.49272
369.01434
408.51789
117.67345
62.651778
425.60213
338.00213
342.4693
114.41744
162.37201
245.67941
158.74125
563.64122
440.21708
437.62202
513.88703
272.6289
78.038484
188.85379
447.92738
514.51427
382.83271
375.82301
415.28992
441.29726
443.96538
106.26806
248.78724
173.97885
68.570624
301.45001
324.80758
583.41548
341.71846
402.52092
465.43575
316.42804
314.28784
79.643353
212.87481
603.45085
605.77696
248.1656
258.31276
222.66187
447.59291
611.18431
819.1524
417.50585
350.86635
141.66049
-98.912152
235.71176
47.106154
523.0236
502.16636
125.50242
72.564991
336.71667
387.87166
186.2662
322.10723
353.44628
369.70896
191.51466
158.19928
-52.154318
171.312
386.17067
247.05828
214.1997
214.50849
566.68732
270.46072
481.37862
484.95739
309.10793
267.49017
164.74506
344.65239
199.74012
401.50798
256.08224
158.73195
333.88824
335.27736
166.61604
149.36513
366.22143
143.44305
340.47366
230.11541
166.90465
128.70265
72.363915
157.11243
309.92438
182.86925
306.44495
456.06174
346.21955
533.60481
403.83085
471.23402
578.60886
734.60048
470.15262
631.70527
272.32057
341.78243
407.42958
434.17836
169.56523
180.84063
108.83864
348.40325
135.02042
240.53645
320.25767
396.38705
399.67738
174.36534
358.05544
571.99799
408.78056
181.61795
562.57923
296.29574
209.95722
313.67075
505.54199
453.47354
530.31525
539.90299
314.9179
195.04582
244.9138
712.57261
529.00223
500.94369
414.5949
347.4739
444.73514
359.2687
431.98515
494.65013
330.28179
316.64189
390.60215
335.02882
434.93759
222.20447
421.9466
268.69898
541.9489
359.98037
429.88953
142.91973
422.47906
494.41701
196.88394
353.04997
111.57616
335.31008
293.1977
539.40483
327.68772
368.24103
433.82721
455.07254
259.03373
281.15648
269.3219
149.10887
2.7644375
118.20744
70.614013
463.56703
383.16972
362.58129
405.3116
382.47636
373.81968
349.89131
390.49818
589.92998
83.475666
401.19907
283.09086
258.6426
153.2912
121.03669
359.76902
299.3216
307.62422
331.07495
219.75202
595.6084
431.88634
390.51684
416.00529
99.115645
482.44079
347.20528
284.04434
401.03623
504.168
242.78696
43.873632
272.85563
348.60209
169.95478
432.0556
-5.4777404
177.01683
207.46241
263.39095
268.97308
303.3507
327.63652
327.18327
143.59194
280.23854
210.76303
489.95805
492.25979
435.07731
647.5251
550.27981
281.33487
463.7922
498.2907
437.09094
202.70519
308.32486
38.834479
425.44906
207.74441
518.64644
373.30392
385.92047
206.31364
434.42036
293.74901
543.95521
238.82316
187.69204
320.83061
299.58165
364.9374
481.71567
377.7211
540.93647
227.08564
184.43227
269.0102
652.34279
699.42216
301.81994
370.52893
259.15637
330.65297
444.50021
549.73953
343.42673
506.04468
313.83903
335.47817
434.03139
351.08403
708.84194
571.90098
376.26207
158.31541
454.80799
297.38545
541.18021
443.67939
382.07031
533.13224
405.82817
228.16893
546.60412
481.08225
299.03284
259.37734
162.83976
381.58064
398.24733
613.75247
312.63565
215.52227
254.87802
253.78091
166.52509
421.27047
323.30612
353.09882
198.25728
273.11582
256.24764
178.78805
276.02004
134.17077
444.88463
175.54561
351.07909
499.79713
371.92572
472.0945
335.76268
277.06783
46.515891
188.98651
505.18874
266.25068
355.10206
124.10562
372.46664
303.63248
273.66014
240.21678
350.79107
316.21257
463.14078
423.84349
459.51838
297.66266
242.90216
320.72078
429.31851
380.42973
248.15884
306.38547
162.50479
105.64166
363.77531
335.92241
437.99011
397.61192
167.62566
281.70487
166.49312
218.26877
185.96177
210.3796
14.784438
354.57066
420.22603
106.67782
72.842923
191.51386
257.58986
255.12622
243.0699
372.7855
468.25033
411.21301
396.98321
308.07011
314.81659
337.41789
748.12731
574.44495
-16.569312
214.68857
364.29957
533.69644
331.19098
465.12552
432.24586
415.42895
435.50026
370.41141
281.58535
439.40418
225.3516
383.22134
397.79457
236.29073
377.56748
564.10226
343.44335
201.05395
-40.18654
20.153174
629.85144
419.08419
399.60397
172.90372
234.62922
211.12335
160.49065
104.99571
176.57811
286.01255
257.33137
248.41519
212.26426
90.717095
269.84437
226.24874
311.40149
218.24826
47.903368
129.55907
531.54943
424.95343
304.238
281.27246
462.47528
345.68801
255.77811
492.0886
420.94201
246.67268
486.25764
589.86328
225.48498
483.01794
318.4734
484.95733
568.68159
293.97055
267.92869
680.07694
406.13209
280.13832
506.34744
414.27112
607.94568
530.32781
490.04499
453.45984
359.21551
322.97973
415.66509
366.38924
256.40628
464.58001
500.34554
233.61276
533.58173
221.30302
473.24534
314.60997
327.31768
333.56281
455.50295
262.87917
531.01743
296.82353
498.01808
612.31153
348.20043
396.41594
559.18763
456.78224
278.53131
279.61796
247.72641
332.57815
244.73696
364.14468
208.27523
569.35854
512.08359
342.13603
427.33474
401.41172
364.45147
349.0859
407.26507
535.42292
380.7504
135.76235
321.95429
153.55753
328.47195
125.50572
303.31467
259.81242
325.8682
230.30331
289.46121
259.69581
546.02283
363.33212
332.94344
600.48761
554.73892
446.02542
473.50354
815.46052
458.70726
441.92827
136.47843
-21.491643
278.04621
473.19566
349.1602
266.93897
373.25759
275.11616
439.69932
690.32332
509.07817
690.28077
444.60349
380.92653
135.24476
247.21697
252.0136
364.10662
212.76042
464.6492
319.50365
347.72177
296.96227
191.22073
259.09272
229.37068
340.42199
433.04716
572.08867
352.14733
493.43831
318.93314
522.47791
277.33246
371.23504
127.58867
244.35495
441.3745
303.73082
145.66853
208.19105
125.55532
292.74755
540.39532
411.0778
348.19563
247.95598
281.76324
366.11823
280.11399
360.1146
302.46362
311.85861
217.28874
263.71621
348.37233
425.13561
210.62927
459.58574
588.89995
497.78811
598.5138
669.80686
281.09651
383.04495
413.81317
321.7821
324.96665
408.1481
393.3516
296.49278
363.24527
333.68092
240.19367
306.83024
223.1771
354.92804
173.63286
376.24803
340.03443
379.04916
266.69303
213.30445
401.44218
30.589985
419.48739
351.06306
562.86085
615.18491
451.02652
247.74989
284.1968
313.00216
393.44447
451.42155
436.26255
213.70446
480.83848
688.40434
804.85127
534.47363
361.57802
211.30747
80.759318
341.43351
170.9845
262.36903
400.06384
457.95176
499.88668
451.81339
354.43616
437.60415
573.41378
512.98826
332.09389
370.45752
501.87224
512.88566
209.74189
264.08662
158.369
503.04252
698.15868
423.93586
285.41732
600.17745
588.77284
131.84038
459.94495
321.94445
211.88808
320.29494
82.496274
511.62538
608.87416
567.68216
421.79168
178.30211
259.98944
474.50398
291.44881
252.95074
144.95024
417.52848
266.05868
450.12212
417.28875
482.15539
451.46407
52.261998
75.298188
-18.915874
222.93201
187.6193
94.936199
356.8075
211.46478
97.42448
223.69982
201.35335
366.38486
248.9405
443.43955
84.281465
422.80812
276.97677
368.14427
177.00672
372.58315
329.10425
460.62002
81.944254
181.70691
140.73559
30.429052
376.44712
139.92308
159.88213
262.56677
325.50853
179.69922
282.08252
215.49501
419.53339
202.75309
572.64004
126.43714
214.00555
106.04405
212.52151
286.10792
433.59536
429.38559
432.39169
394.97217
632.31384
348.92294
481.33965
332.50351
455.49246
-30.680879
197.89368
224.25471
509.19915
316.63727
463.18843
94.866398
153.84906
318.17978
320.89988
527.64207
479.65499
257.78747
12.914659
210.5331
368.55091
485.18708
435.83021
168.65945
114.99563
257.27641
237.13743
473.24742
201.90668
136.76236
88.334868
221.63183
396.76949
431.64226
595.36786
461.28149
160.60159
174.35881
292.82859
419.02958
136.31379
412.23249
325.60123
435.98313
266.72848
349.67034
367.14473
293.91769
491.03958
631.502
445.1265
72.850678
403.01476
407.20868
421.45278
462.72748
337.16626
199.87505
343.72125
415.8253
60.455438
249.09092
568.65292
175.94444
249.15546
-5.8696261
204.96675
249.23866
399.5125
543.12913
497.1169
456.33102
638.06655
610.27197
130.21686
249.35735
577.86089
338.1023
291.26911
397.85298
499.0523
440.59824
242.78202
261.83862
273.06691
276.58442
380.45511
451.28716
499.40098
410.86655
226.8087
170.14898
313.3967
423.63323
648.0704
316.61654
273.16704
212.05897
462.10524
602.32798
282.4752
333.32196
625.10337
354.12693
396.02904
441.84536
21.554088
397.28661
474.24248
385.74206
192.06268
104.48215
440.15552
663.40827
364.87451
254.51403
468.08673
191.29525
420.0249
379.9043
310.68081
246.75384
169.41505
541.0653
245.12881
157.82087
153.43209
300.2482
80.364792
391.54919
79.387002
203.54559
30.494007
252.01792
428.52751
128.62344
-4.7939871
70.575481
412.65867
366.67517
235.67194
370.75511
329.29033
168.79637
234.13442
300.31318
162.15136
452.56459
169.99243
236.81056
441.85186
353.61025
431.83428
363.14705
197.44699
221.46604
439.54115
285.47592
275.18989
331.6136
227.88165
159.28251
381.98581
456.96867
342.65878
212.0019
463.40589
518.03412
363.539
317.70664
534.16782
511.57836
384.72253
197.07428
496.63485
441.1945
394.3014
212.11369
12.039582
52.531117
373.32972
310.89603
432.35271
495.20161
422.17839
214.35018
40.997149
399.53612
463.42577
532.49156
347.21597
297.06696
138.37806
269.08064
270.41247
449.50743
428.36079
115.73827
241.84785
433.57203
456.30921
98.586046
79.715782
523.61025
315.87025
565.08603
667.7062
547.50208
157.58127
391.84898
258.83061
263.66731
624.52811
584.78342
450.47909
367.97324
365.27371
511.16663
680.95803
570.43079
458.47747
401.4768
385.5947
512.04523
523.03739
403.60252
387.61594
318.36458
538.20156
372.16249
364.53871
112.62127
253.66891
416.94377
249.89603
291.94015
360.31433
324.2969
353.70834
329.60143
210.75734
191.6753
546.00972
604.70512
494.79262
256.12883
312.46079
524.27317
646.19852
393.7867
252.03312
425.25768
365.44528
681.39521
611.56734
183.00799
383.0319
325.138
176.32866
155.17305
85.174538
120.62791
165.24763
303.90787
390.29399
669.35083
429.41751
546.34307
193.5951
397.47886
349.38985
170.63631
371.33866
330.18406
718.00869
602.91679
495.70725
104.64601
133.73385
189.51981
409.40849
358.1566
530.02966
237.71558
387.14004
237.3516
377.79587
344.61265
345.44863
327.90819
410.71947
247.31017
95.207278
440.32714
515.81748
485.05689
285.53817
412.57088
394.82909
376.3409
368.29134
423.15125
335.63146
179.91578
370.54805
284.92781
374.42337
279.66958
395.66138
287.87246
470.27733
606.12481
236.99308
470.00895
403.80156
257.40525
306.96229
563.58412
281.26237
90.208631
411.46319
385.95911
616.79567
305.45882
111.24008
450.96649
515.69151
774.16886
245.41133
366.70636
257.75442
405.51412
411.49597
329.73314
370.56252
410.4179
169.20792
185.72554
147.13822
385.60377
39.931367
297.92804
311.84757
447.23126
252.89104
216.30053
378.20648
295.52388
179.55564
377.01619
503.16258
520.21411
234.24861
409.5544
348.90123
454.30097
438.71457
520.60964
353.10393
104.1635
447.36317
233.3068
350.41785
240.07476
726.04869
589.71962
770.02949
403.13989
341.7702
361.17695
207.97844
392.35968
375.56037
261.16843
378.18586
223.96765
115.89179
485.79977
396.59442
381.9002
111.30172
430.16029
286.61775
212.7011
451.20799
817.29244
471.1679
426.77033
258.28969
219.91123
147.32888
365.91531
164.67881
248.24752
456.84006
403.08602
420.65486
206.85435
184.55345
256.70065
390.38389
566.2079
381.51054
105.02491
451.99498
297.24475
345.79429
552.8501
456.6668
365.64705
480.32098
255.91559
422.75154
425.93645
537.49499
324.97302
368.20385
590.40938
323.46311
283.09734
260.8709
96.429028
248.56334
408.24705
235.84472
389.31374
344.68283
386.53551
158.31959
483.10666
536.25877
393.82442
358.55001
380.61104
363.79909
239.4671
463.14072
399.44353
573.07316
30.72343
388.56753
468.81939
583.59048
502.13291
352.38436
381.76106
360.38697
229.94667
58.401304
381.99678
237.69679
185.40587
141.37505
226.46847
461.344
307.319
161.84491
296.10252
265.25028
351.52413
520.5172
434.83862
293.60451
81.713077
172.86899
415.03884
424.51801
99.700827
293.96205
431.20811
350.35432
338.26219
121.61539
423.98435
347.54154
116.78527
305.93069
215.15189
375.68636
-72.303605
316.99878
371.66409
380.92168
346.80682
104.63169
253.11453
437.66718
556.04127
472.75753
221.19535
60.328814
148.7353
216.52515
380.32649
496.96892
475.42021
201.54205
388.5541
351.06106
420.48125
413.52067
220.67365
161.0988
218.86707
155.65316
28.604811
596.66769
419.64659
50.260722
254.14515
204.91427
398.84171
247.01787
445.29083
277.75288
275.96825
316.09454
454.58845
282.33323
341.31007
267.61019
442.63872
393.34163
578.7783
339.87068
280.52114
252.16825
103.90069
353.62984
445.905
345.15003
353.97084
220.49774
541.47881
657.17569
494.07093
503.85876
275.16415
464.75689
299.58515
247.55614
343.1923
542.69823
468.77928
466.19636
640.91168
423.83805
595.21223
360.3101
319.67173
439.49319
250.42488
139.12856
399.49557
338.20345
186.89046
561.75073
244.61922
327.76758
345.16782
186.6165
184.04314
77.530509
105.43729
181.05823
191.21294
-36.307057
61.587285
163.89614
457.37383
448.11648
324.9239
543.0843
222.98637
217.82586
293.32424
484.64463
85.494724
275.70245
226.50264
140.89729
517.55501
434.71831
335.81102
169.68899
401.67534
240.85442
229.77666
293.13975
350.59003
327.00456
170.17719
175.03367
664.82171
341.58025
391.8497
-2.6209075
212.87559
191.31973
583.50738
808.04149
547.44976
348.90632
331.2533
360.73765
185.3688
265.60447
343.12522
205.62339
130.04289
572.56499
314.54336
81.069354
354.55688
386.82367
387.81826
667.98817
620.92972
518.78374
348.94362
282.01678
176.48978
345.13667
74.080117
407.43512
241.73982
465.3866
314.40339
367.2429
378.24947
361.47057
320.65148
211.48982
384.84688
256.6747
273.01721
455.59145
309.07379
150.87038
442.07642
359.33137
290.41457
326.78627
159.74862
168.5571
191.50726
224.93773
563.09327
409.94149
550.81783
490.96223
306.89061
261.63523
262.79606
309.6831
114.06281
705.15928
423.80352
373.9816
572.15406
443.83286
118.96931
379.23955
166.43387
249.5391
350.13768
488.39477
387.89131
363.51248
253.48058
313.0262
348.54133
491.03468
268.37905
576.10125
431.59648
224.61548
233.27677
257.92755
266.49683
373.19963
755.14354
459.62841
99.385538
496.08075
665.7624
644.56064
585.06051
659.30719
482.36248
206.92567
287.7362
292.28094
282.75611
454.8392
185.99265
169.08398
414.11892
156.80247
319.44496
84.791661
293.06643
192.73655
373.2039
482.55403
428.54835
251.65711
215.21978
429.21639
215.33354
397.2022
450.26654
524.33056
594.73165
373.09619
285.69572
539.52759
197.84981
294.24104
275.064
622.86491
371.81085
319.67696
377.08592
283.37771
295.91263
344.67961
92.03857
517.36461
610.48074
336.85683
162.65363
146.34399
367.12785
464.56434
441.58194
299.04203
249.6657
325.24769
388.00795
578.73825
217.70316
321.73733
195.32618
381.17465
288.80663
37.401259
406.59062
400.1183
449.6725
658.56548
452.80919
246.76675
433.31105
483.87101
73.301138
301.80031
202.29384
465.16778
334.73877
286.936
73.375415
444.25332
349.04269
551.47593
495.23103
571.09302
565.40191
335.03122
154.20881
265.34692
174.87638
268.56313
504.36205
286.16679
254.89031
139.73803
45.846558
359.20707
471.41648
-39.173084
503.05559
213.62897
207.19899
561.04998
432.56674
406.38203
-11.834193
300.21045
193.27951
326.19971
360.21634
180.97261
244.00405
56.744691
264.99247
183.54631
121.33975
213.0598
95.45304
237.72318
316.4043
534.12611
273.69038
394.94346
471.04326
165.11569
319.56548
299.12152
309.75031
146.25603
384.22939
105.68585
308.78057
439.98214
252.45727
56.696933
115.586
357.18008
617.12243
105.7309
124.95956
364.49568
310.89673
403.52881
119.60305
413.8791
107.62931
226.80534
487.64241
231.64173
288.14191
129.39262
376.04669
577.15264
392.19381
600.90971
354.20417
270.08799
303.32691
232.63353
233.5161
421.68187
327.03211
645.62202
419.78152
269.77694
310.97122
383.43082
305.98945
617.14713
711.62424
462.20088
296.88863
392.03357
480.90347
12.569934
109.52215
396.03942
261.84362
425.86528
425.88664
390.40273
113.37113
218.91669
122.18383
299.15515
262.11903
402.4211
341.84402
596.08483
369.84185
265.26715
312.56108
543.95154
511.54457
642.80697
323.04021
404.05078
912.45666
441.49079
161.99779
437.62526
425.00611
463.71406
280.92931
290.58305
294.39133
540.89467
143.306
289.05492
446.97709
356.44826
640.82255
290.80056
214.61059
107.50736
5.2401787
345.01323
292.49776
531.56255
413.85031
296.32759
-50.919418
-47.213679
143.03873
245.05785
406.53239
536.3269
523.91197
538.77961
69.506173
503.05413
346.62472
582.81857
292.91961
308.6359
287.77402
547.7601
403.44008
379.39614
241.88399
401.71454
306.18021
425.03363
371.63246
71.266469
319.23807
299.87735
516.82586
491.7595
523.06579
637.08581
235.526
321.55136
424.09059
250.19878
292.44656
319.9333
516.14565
478.00875
607.44959
434.55595
189.81947
240.50116
447.22896
508.17595
688.74754
425.4567
336.42667
513.36314
120.49316
203.68705
489.65269
479.60652
248.99043
486.69821
264.84842
454.8885
375.61896
556.83311
589.80252
695.43098
433.94631
496.37899
435.56633
125.24372
348.90247
252.8
459.73436
593.41252
564.98589
249.91715
321.97513
266.72929
204.4137
411.35995
470.28679
288.54497
346.26889
355.36977
226.03037
219.6958
482.9658
393.17091
574.72001
610.23919
262.27915
544.59947
346.50403
576.77324
583.27647
216.47206
285.61277
304.88942
273.03703
438.65557
430.57008
330.41111
382.72816
285.86659
454.9628
370.79484
90.012204
338.97514
560.97416
363.8505
441.00267
354.05675
462.71064
421.82566
572.87318
140.01459
490.42877
440.88976
267.94172
292.85084
259.20443
403.10333
379.75643
286.16439
453.64722
717.40053
671.44342
629.22968
382.41645
535.94795
307.42969
319.81358
194.35326
486.5112
409.26198
358.75603
413.83717
268.69234
310.89538
293.9793
334.21528
141.59001
326.18465
293.82695
280.84166
365.13944
379.08871
244.5877
236.84896
329.78516
118.91244
330.03941
277.05025
335.97784
318.63495
318.06642
456.95543
207.98397
223.63105
323.49838
366.61801
385.13912
311.58734
463.62536
302.63778
334.88973
444.80129
188.72874
120.57216
181.83546
394.50774
306.09039
465.70835
456.60906
234.66216
189.78654
437.11273
362.01464
271.49653
630.34809
492.69172
117.74655
594.08285
551.90157
481.59918
574.72974
502.42566
69.297928
133.51222
359.06557
251.6631
589.32338
598.11689
411.11374
170.3071
411.07532
388.33297
428.868
579.8808
430.58078
642.56453
470.39081
304.8882
486.03773
236.14906
456.72277
330.3829
436.29994
346.29691
401.3683
553.9858
515.05346
619.22169
499.201
67.695732
149.52455
182.02412
353.96808
657.43196
529.41435
270.75296
354.99352
155.18387
375.01169
276.17143
391.77852
538.48138
326.16342
474.21708
637.41635
362.93343
76.527927
396.75261
341.62882
63.210647
118.35454
418.26976
671.66384
453.83611
406.14103
117.95242
189.01981
450.9269
386.14674
496.80767
458.04172
324.8053
361.11931
356.61963
232.88778
585.65708
537.86589
397.89135
458.16174
467.70171
317.48601
190.70507
143.53645
365.03288
605.66316
329.14986
348.76799
352.87371
544.8594
365.79168
326.48785
387.89662
296.64696
541.58514
279.38246
241.29196
205.20838
316.37224
251.37193
509.6952
551.37304
216.6612
197.42137
197.03989
61.017389
179.47062
519.88839
453.79279
363.10921
321.30914
292.82911
418.517
107.74179
220.80924
304.73541
364.48493
176.5626
361.61521
274.33978
453.89969
577.23107
604.72717
323.25151
162.92811
265.82469
326.88768
162.85709
372.98257
463.4733
254.90608
245.97436
239.35202
-14.294106
236.11487
312.3041
309.78699
353.40298
374.20463
455.63368
312.14915
235.74402
476.64702
262.91461
284.51457
292.28643
247.47069
376.30995
450.89872
287.62905
331.01655
469.15055
684.44606
404.64046
531.04362
501.9043
234.37055
217.62905
441.07071
321.08835
331.15208
189.40459
235.8063
501.92557
92.422377
404.29854
267.64688
267.77902
541.2586
450.4816
472.59709
425.75363
355.82713
412.87865
281.10982
328.5129
319.95532
245.30839
302.35143
327.37017
377.29267
414.59949
353.3748
216.42547
375.23684
526.85591
246.90706
361.50212
447.2121
193.68541
48.99336
280.33721
176.14615
483.45605
330.05524
487.88173
357.82594
332.09789
240.22287
206.75107
202.47793
426.46092
269.34673
361.24137
240.13003
393.21093
175.86034
508.79606
439.24981
643.82961
367.8116
339.15083
397.81723
649.55662
325.62708
557.23469
331.92848
506.42823
227.31669
663.44571
434.5089
607.58041
314.85213
617.14017
572.27451
325.58126
319.41361
314.01996
253.98508
491.08458
529.25864
345.62131
489.19021
445.44179
185.09627
149.33897
363.13269
578.13597
391.67583
454.49231
571.20937
305.56184
315.24472
-6.5275246
234.22461
338.5853
515.64104
562.84407
377.14793
506.77199
602.32258
633.02526
414.15429
522.03085
365.71403
190.81263
256.48292
612.76812
344.86118
445.05087
174.08161
375.94181
495.06014
415.94558
224.99649
176.66575
438.61408
497.19415
347.61317
190.00198
167.58111
293.37866
318.82562
120.34329
392.4149
571.25816
363.8974
56.334396
233.28176
294.68546
87.948271
227.41025
321.81781
245.2768
301.56603
490.48169
461.72216
341.18349
179.0424
243.89982
184.07415
259.52688
254.93269
489.37343
291.13436
361.50856
364.57798
492.33298
183.77016
212.41768
159.68515
168.56508
23.564387
358.07738
370.77737
307.5972
388.16978
182.29506
160.86757
166.19285
377.84128
450.76139
356.8904
108.16793
522.71519
611.14705
347.51453
607.78932
590.16124
616.07356
651.46461
339.79575
269.01313
136.7235
320.52243
290.20635
418.75825
390.69148
550.64947
220.35093
315.89435
376.49465
381.83562
386.68119
392.39117
449.98347
223.29053
276.66689
480.97958
292.44033
260.65996
145.17148
344.05883
325.18263
389.80146
421.84818
207.37243
283.1176
97.109036
499.45746
105.90144
212.20508
291.36908
341.97671
358.32838
248.0788
143.18627
186.11575
478.13601
574.2724
205.21195
271.54667
219.02029
279.31781
266.75884
327.19956
158.32762
201.26607
258.68585
104.52892
343.19993
512.14664
418.43643
151.64321
225.27111
68.991515
277.98806
390.84221
437.30833
264.50576
237.75479
459.66757
291.31829
248.61702
285.84453
190.61484
404.54103
170.88833
340.50879
122.93229
195.70641
256.71205
216.77083
402.61552
504.75033
516.44825
714.29145
429.17953
370.52175
456.07195
548.77933
506.00917
465.68472
509.25696
372.51884
515.5706
487.20605
320.02533
343.47276
411.37743
264.01586
709.7654
483.50107
260.12929
388.73015
332.83839
544.57252
365.2569
338.31728
436.26324
158.41352
131.00534
458.36859
405.12884
258.80595
600.16948
101.62076
727.90242
359.58665
335.70174
217.12654
119.55818
248.7857
314.43684
386.61066
446.84837
390.61087
524.58079
515.68744
345.42103
144.88854
252.49814
315.20929
302.01919
533.44745
232.09099
175.20867
187.99251
293.20778
454.27463
549.32059
363.13882
141.15823
386.66479
353.1069
574.00267
502.41521
299.87875
220.07501
643.98792
291.54044
359.494
593.70629
715.78341
188.9477
199.51841
370.9403
424.93211
334.63452
241.22851
363.72319
401.92096
419.7796
413.97757
356.7886
330.23525
312.30523
243.13969
442.33897
133.76988
219.37196
353.09085
95.627345
168.62227
232.03533
552.95359
202.53087
246.90436
289.43119
385.01196
368.01135
326.39762
446.71563
277.36871
125.02768
405.28331
600.1571
417.78751
330.14024
17.281165
325.20983
176.32927
455.51076
527.43664
431.68267
600.54518
565.29538
654.14517
430.30898
349.05381
265.26066
308.87367
297.01188
369.83109
115.57675
148.6452
463.20927
427.72052
451.01682
436.44417
309.89106
329.54188
199.53951
205.93458
401.17362
475.18865
588.63922
170.24987
497.78588
431.9802
209.8422
347.77649
499.0067
462.85051
536.77969
239.62787
446.59655
253.78053
343.02639
459.61604
346.99967
337.89176
412.81028
324.59854
451.71787
474.5619
613.10443
464.14156
423.14841
313.35031
488.29531
232.98751
550.02049
293.12515
419.82807
512.21967
288.8108
265.10405
323.34358
561.11066
473.67265
194.91645
375.49518
392.90018
400.02551
279.14619
261.00332
509.69053
97.747215
228.37596
168.67921
444.09552
513.5102
445.60316
437.67211
339.84001
257.702
293.20775
182.59054
540.71449
443.21695
291.77907
-68.578449
238.17199
292.65805
323.0427
286.37023
414.08865
415.77836
459.84925
512.91058
514.22303
622.65371
456.31614
314.29311
345.00591
250.3915
322.76555
379.49965
167.93818
89.279704
433.33846
265.2963
251.05265
41.754504
98.349103
455.11371
674.37742
249.33098
440.68719
232.64288
364.18828
192.91663
559.31809
360.51206
493.98648
297.62991
425.01071
624.39529
528.79503
237.87524
219.30684
375.39
577.61417
506.15447
503.80552
163.64255
232.28148
280.61861
504.00539
425.598
396.52156
476.2678
318.0729
396.81076
361.59952
109.73786
234.05034
100.37951
256.80275
309.50911
491.27998
236.69691
375.25315
49.317689
258.53201
170.73569
63.234518
-10.643304
177.42731
18.872118
236.92279
237.73677
226.41091
395.48057
480.79884
285.73332
230.39851
76.202743
173.08153
425.04972
420.43043
281.30986
247.69799
275.75301
312.05724
664.06348
422.90168
435.58596
260.48698
321.81137
326.52475
366.5964
418.93012
327.40714
424.01912
366.14258
642.25678
250.33652
579.10291
207.26077
197.10445
259.31981
356.2628
241.5006
570.37516
159.363
205.73212
379.40597
509.03819
207.20061
318.25794
232.47377
454.62098
384.99861
261.86937
351.1133
270.53353
249.19344
147.48389
314.92512
513.74308
267.54772
284.64039
313.80916
359.76061
486.43224
570.03278
434.63426
599.14933
187.0796
77.304072
285.76323
570.18995
436.33827
353.67792
225.65316
367.92284
369.22688
264.03906
145.7696
367.38856
242.75737
349.02245
411.09703
526.0457
396.89269
299.83759
443.93275
416.1774
470.4024
159.43494
327.02426
407.0922
530.97629
171.08767
389.39519
136.43913
359.96726
516.05024
287.54202
216.07396
49.206586
94.644473
418.56409
185.1165
387.04839
285.23415
323.07677
285.50922
536.41254
393.96624
352.7745
577.81726
498.47778
321.62453
514.99296
541.055
397.16982
173.31325
474.80713
578.18502
376.03366
358.96335
333.70722
482.31212
267.70597
430.05799
288.78723
452.29128
296.92906
154.43151
254.54272
271.96002
472.6998
-72.198798
84.104377
105.28064
148.90313
194.25294
295.93617
366.48931
114.79523
273.78746
247.94548
228.53915
168.25002
420.10989
421.5052
350.7557
359.62364
136.49672
257.20155
448.0594
332.77312
341.95763
361.75436
233.99749
316.41662
302.51413
470.91606
608.88866
815.14716
363.94843
280.69695
322.99676
62.428488
320.74382
501.99756
286.94949
300.16983
164.92146
532.03034
548.50989
950.97708
683.85349
774.51545
370.33323
297.72352
1.2936201
339.45979
194.28848
475.5786
352.70188
417.2826
323.19512
234.64228
379.908
329.46816
327.93053
478.59767
600.73819
634.99935
339.54561
367.73793
182.31772
318.03041
577.70101
289.07166
422.0399
545.2803
373.39482
281.55767
267.65831
288.18188
411.34646
247.26036
345.40292
480.94081
463.65686
553.4945
259.35292
297.76991
502.75987
136.33045
425.16986
133.36446
546.93168
220.4151
189.8575
51.106631
328.30687
125.57118
468.67821
288.44457
560.74024
617.73849
221.92104
186.00874
455.40215
347.05074
459.58104
588.33846
523.50159
85.132022
234.68699
303.76473
393.68459
631.70857
165.54182
687.30789
212.99337
260.71528
218.33487
408.64779
194.50668
252.253
207.59189
347.92072
162.31641
331.56635
394.82655
683.32534
764.25136
324.58859
385.32254
486.56109
399.62901
122.14531
401.86655
271.4122
29.170024
227.41936
488.27541
365.6133
588.57799
526.31375
287.16732
139.53225
389.08528
240.41828
309.4902
705.67419
510.52867
650.29526
591.89452
491.10476
493.35261
689.3287
551.20954
457.15758
550.49635
574.85637
202.73801
399.54619
428.07183
448.07801
192.74963
868.41425
588.91104
448.4625
243.34956
154.66629
223.35617
471.77571
597.30623
447.62467
457.98883
574.50384
214.23268
334.37393
425.95986
551.03344
308.79238
489.83099
215.58046
266.07375
220.05141
482.54635
360.43251
254.7676
333.34414
113.54314
431.34066
382.96166
543.14806
265.08551
314.90519
400.31635
662.58851
501.07278
563.1881
482.53252
336.214
308.94478
443.07307
356.32062
309.19343
448.11164
159.15396
284.59996
346.49735
412.71563
233.01326
205.6212
451.10127
337.70465
435.75915
383.83323
553.98148
437.95231
299.26003
429.97404
212.83147
502.76444
276.7539
269.96026
386.94118
274.00752
270.35622
319.00353
76.718779
37.258885
220.02728
353.47437
423.88178
180.97806
34.094768
310.10478
344.41907
232.64217
222.77544
311.32445
351.11872
666.59105
362.80176
601.4295
326.54841
171.35348
248.0568
266.87509
382.20511
116.29364
319.59123
445.68133
300.09771
277.89874
444.24982
662.19584
525.9814
337.87276
245.5389
239.4663
499.3239
439.70762
524.02531
256.51695
324.85015
132.33069
200.30886
347.64546
462.50948
430.36959
413.56068
315.89808
191.18306
431.79605
397.89736
481.67843
396.66555
138.27509
306.81295
131.04725
192.01578
301.36184
116.2028
368.51865
342.35112
366.09633
510.37355
373.27459
64.548519
37.219404
225.03435
307.10716
443.45045
280.30606
158.32191
352.83677
416.31259
153.40265
151.412
204.08435
264.53655
254.33347
231.91844
436.50486
263.67544
49.747533
430.04801
123.80704
355.00738
500.23008
377.5421
125.61356
263.58497
224.72536
364.45179
311.39597
512.34248
484.50543
235.32988
179.87638
393.17693
268.21976
153.54613
351.55886
373.76596
491.23942
309.07639
418.84604
221.76084
185.48815
218.15575
472.77016
53.214095
199.5779
217.5828
400.71282
128.02206
259.34185
482.4886
349.6625
236.16296
48.218398
404.77021
479.27017
341.06111
591.58078
519.69023
548.24375
317.85819
326.5704
377.42468
130.74072
291.87013
199.82735
344.25264
321.33637
226.91658
129.0255
185.7643
250.12612
558.18843
283.80888
664.96294
730.63614
654.61211
593.02987
643.86025
374.30023
421.66621
277.10821
337.79311
455.61641
528.73121
236.76292
312.84218
333.5417
431.86137
94.135604
88.598484
529.73002
584.64004
545.53259
370.3091
70.220196
117.96542
374.11232
217.83277
143.45353
218.10525
332.71103
291.67389
638.92532
297.74074
212.15114
320.02557
-5.9410382
288.64137
454.02922
150.26918
294.34514
326.18299
308.84966
562.9309
236.26474
291.12108
376.71411
-29.767347
247.01905
358.85105
490.35602
308.64092
321.78567
468.50987
274.31945
303.9236
256.67818
336.63917
262.63005
530.35481
351.98176
465.59215
236.58202
152.96253
-96.301402
284.72072
248.4745
373.9824
327.08637
481.49375
380.00518
170.50078
66.770906
158.65894
225.89276
442.04819
441.18908
570.64069
563.45355
129.37953
355.9718
588.96733
381.93512
181.05077
191.91541
448.90836
524.43113
690.94019
657.62457
553.37899
397.47301
171.41097
483.24722
408.3195
321.14736
338.43071
349.67081
596.50058
598.95208
264.42403
426.91541
465.3288
306.28627
494.72036
443.48492
371.62568
396.38566
549.97733
413.85321
235.08139
557.56579
634.28866
490.51108
558.12528
311.79539
289.04029
582.44351
532.1562
312.28264
299.6383
421.17782
288.25523
292.84553
656.41744
506.33311
464.49181
393.65201
513.41809
308.0367
412.10871
945.30769
132.98248
205.37899
383.83639
419.16628
403.56787
479.50851
296.53373
476.28011
495.85276
310.13584
172.77432
172.32116
361.45378
123.37081
266.27086
432.12345
462.56583
379.15548
176.39783
196.58559
164.4114
448.90529
330.97663
318.24426
351.68514
329.06249
590.54061
547.76288
528.17599
499.19674
177.57197
389.40033
373.15104
302.11393
316.52804
384.81855
624.78279
134.86482
614.7606
265.98911
376.06835
184.4334
332.44077
129.52809
455.47301
544.28504
346.98554
316.1656
283.34298
270.61971
354.12561
318.73727
264.89007
379.41916
313.40746
254.70561
562.03198
408.55912
265.66469
361.16458
416.58382
563.63128
331.03429
557.48235
374.24269
313.13862
384.08242
513.22969
507.03764
511.55512
343.67649
134.47078
145.57633
255.37012
464.32598
229.32036
384.51683
180.71146
360.59268
389.16829
461.3846
302.0336
206.74686
404.78499
363.34465
384.38987
407.84132
408.98514
308.65087
333.98861
524.68515
233.49681
277.66819
291.73399
211.17343
436.57302
265.05474
562.15912
178.3274
379.11237
-4.9174053
277.48676
446.86803
410.90838
363.67695
364.74143
352.56535
441.70523
272.09631
524.46211
788.15571
529.15979
547.30915
527.24674
228.86846
166.04062
411.94541
487.00297
554.96524
769.79916
536.53451
738.34317
364.53381
518.36929
525.18392
459.7568
505.36535
459.73961
407.12869
644.58371
546.12761
474.41961
686.74758
683.35905
412.6345
399.334
628.52656
502.02764
449.75057
300.84639
581.71489
419.82024
460.14841
482.2987
223.00988
214.11343
425.00089
430.06091
249.41043
315.55993
614.83649
436.6207
443.81799
170.01279
426.24828
385.26392
260.34927
375.29302
561.33426
655.51566
331.25587
603.39404
437.22565
351.27117
368.70966
449.2228
418.47834
481.85335
161.97818
454.47522
458.17371
331.71117
304.8954
484.67982
455.19262
342.95027
504.50426
429.33084
531.15639
464.69672
387.60261
5.0471706
175.84514
516.29772
300.40728
575.7799
503.76106
435.24768
30.937345
603.16202
343.99326
807.76986
500.4475
340.89363
346.23748
215.47556
304.437
325.60817
413.20324
349.63271
397.51113
394.6492
510.0425
174.7064
240.47136
307.7926
448.15233
462.50131
341.57601
54.983111
253.51665
384.20047
232.10659
133.83076
429.09495
468.05713
398.41157
487.64765
421.65875
354.75807
358.70255
493.4388
448.00279
739.47083
441.16573
339.06401
212.92659
187.82213
344.89714
335.03558
343.6716
539.30969
342.5045
457.45918
352.65272
600.28242
385.90549
293.82695
131.31769
473.31606
408.83908
386.29582
51.945284
164.95239
196.69927
491.82879
177.56162
469.22729
401.39034
248.67827
425.38291
505.76655
526.98461
420.5121
337.28708
384.89352
539.52657
381.67246
733.76288
596.96919
562.80782
269.28408
377.0601
323.79058
495.28339
162.97637
323.28878
472.19987
772.98898
611.56765
352.96565
403.05069
360.19561
470.93724
674.33799
472.10585
431.4613
454.61825
306.92554
539.6637
486.71911
405.97844
383.3664
299.79001
205.35265
388.7282
606.8365
597.25507
333.58983
307.40587
124.291
270.8911
556.20116
514.97798
253.18967
176.81997
206.21203
355.06386
417.31735
333.53279
145.04619
214.32199
573.53048
397.80299
461.42158
147.46686
380.92875
223.51686
177.65655
324.13281
631.23451
397.45342
401.33369
199.12105
177.02997
161.63904
271.76322
389.2643
287.53744
197.05366
443.71978
401.14026
205.1111
276.62199
304.54832
255.48101
486.22597
409.51153
486.99823
285.18562
467.61572
475.9664
528.27299
296.9973
376.16106
175.35763
243.12968
278.5368
574.9042
338.87582
348.22367
747.3174
367.16032
479.42913
467.6268
-52.406424
561.62452
508.6558
368.46795
625.24753
322.41694
325.2988
347.28962
390.37903
594.06786
427.08896
688.12257
423.4777
139.52448
362.92266
524.03239
439.82822
443.16211
285.66373
455.08643
351.16919
398.12455
375.201
608.55528
556.49955
341.71492
664.73291
368.47736
430.17041
226.50363
142.32573
100.33935
371.31512
454.79082
175.57596
288.57404
543.72012
318.15899
355.98025
494.16065
261.80508
370.79173
555.38776
302.85192
386.43862
245.11451
256.85534
161.30552
392.58301
126.44577
289.11623
226.70908
595.40431
313.69642
265.36819
583.72156
396.15987
368.07625
566.4571
599.83486
730.14375
179.22589
191.32788
84.117876
210.00402
462.64832
566.41038
281.93746
409.12426
172.82789
376.42368
208.03705
133.15924
242.76948
376.03273
361.12051
177.10425
18.659888
367.78946
239.1175
357.32874
497.74671
421.26717
512.65189
551.78074
222.54842
414.4991
566.81254
350.44509
261.55916
476.02056
306.82423
214.443
192.40205
589.14175
490.38723
487.25886
368.13334
420.62572
258.16074
295.64628
392.34396
367.67408
259.61211
435.85937
334.04484
182.91283
267.61381
458.8234
505.97296
378.63681
390.49705
335.29574
230.78496
483.66713
488.98623
393.83543
368.9387
413.66314
346.21475
200.37757
440.49993
458.98568
432.57779
381.46912
240.75159
143.40302
446.59804
380.93712
519.8875
436.60132
459.0881
346.21382
171.41578
241.05148
278.38142
510.78804
456.23115
354.81846
305.40007
378.52026
238.37655
366.80001
333.43727
354.1613
237.25723
447.7576
622.20179
313.24117
619.39922
483.03384
587.28395
417.44048
318.30976
599.48935
522.9207
123.94838
581.85812
298.15157
340.65708
463.40627
340.26003
335.22932
243.99669
297.3218
508.23688
371.64671
602.53538
321.17047
290.08951
202.846
313.70588
256.02142
474.07283
397.27848
163.40163
446.51754
425.30734
230.88211
522.29243
498.00977
286.27528
-6.5275619
90.996765
317.00575
268.53844
406.57338
487.28665
616.18592
348.88573
298.20191
210.84487
508.27728
145.24753
353.07483
259.02808
313.57676
248.78251
238.98006
194.77466
559.75475
402.72218
164.31385
294.40489
352.2343
224.48432
127.85505
406.69113
332.05834
449.01321
370.36219
406.27804
166.34986
446.45212
261.8923
370.29446
127.16535
290.40642
317.03511
356.10426
425.13838
209.00997
271.31667
451.1332
511.7235
299.61288
358.35858
434.27148
341.3856
103.20554
312.00677
158.0659
419.05449
503.82412
485.29242
181.27192
199.42377
123.85653
273.43992
554.9855
326.44063
253.77105
172.1487
229.90658
195.51216
385.57009
258.43196
431.65131
-6.3441081
129.06254
291.2092
294.68935
398.93623
124.41503
438.00147
514.03092
284.22818
364.08148
378.21658
504.45942
69.638009
419.97285
385.27187
380.00743
505.76198
240.63295
108.7297
647.18854
411.1026
221.86518
169.72693
395.82497
259.93131
555.49259
248.00504
311.16063
245.03042
224.75885
153.03563
-30.927889
545.56381
406.0744
416.29856
391.13217
428.03883
274.71662
504.48434
257.29236
251.61117
336.45895
90.975711
168.84028
286.7131
279.85496
325.7604
206.8476
458.68518
478.37235
533.19721
421.93675
438.13
152.72869
380.28996
312.66597
230.22039
492.87182
372.33594
272.53668
195.47462
374.02051
411.65312
335.55159
211.67255
410.26443
377.19169
67.508609
157.925
291.30069
614.64902
516.14099
399.08403
423.49207
460.43616
215.46497
405.12162
210.23003
161.38006
302.35844
101.89674
245.79606
238.39538
498.00933
670.64278
709.94742
561.40186
456.34199
815.05885
752.00101
517.98773
382.1914
498.70522
598.67211
404.84198
298.09504
99.214815
561.89702
344.24174
412.45482
493.2936
341.12365
451.89721
426.34231
75.536931
89.449555
337.54986
250.53593
255.64116
180.4774
197.65079
342.03248
272.76366
392.77083
325.82089
513.83031
342.59148
193.79135
142.77232
412.66772
319.71069
504.06798
521.3541
379.61326
140.23216
307.75408
551.13926
651.6839
342.38716
322.59195
249.0627
225.28568
456.46109
494.28725
464.78734
451.88341
135.04442
162.842
228.52307
523.91046
476.18917
347.03022
403.78244
348.65014
252.12213
405.9417
490.75931
311.2081
264.0269
8.6860141
146.55891
245.47804
287.65834
469.17037
272.53287
277.60397
226.00407
191.15973
239.05866
285.52722
340.89516
418.68124
244.1361
393.92548
456.41313
570.1234
390.17363
786.76637
503.17174
529.16426
340.36551
345.78921
390.65719
456.41211
562.44048
476.11635
580.78681
560.39891
826.95438
664.26589
416.53448
237.27077
439.27431
278.60521
418.31504
358.24409
468.55361
412.46059
249.19668
259.16549
190.75546
378.27444
435.81628
369.07668
324.83585
188.63551
-73.137639
48.010531
171.79417
473.18009
465.69285
351.81399
281.67874
203.89817
363.83146
233.9669
244.41133
54.715017
489.67798
410.99314
366.60148
293.06936
200.57274
142.31171
446.42232
427.0007
389.955
267.44096
271.25793
311.47067
158.9095
507.55665
388.33753
263.86571
394.25334
334.21841
517.84294
392.94151
182.33996
157.43832
263.08259
146.03291
387.18831
333.6919
414.75986
676.88736
419.44534
532.35079
206.53802
98.859115
271.0496
387.84704
315.50788
353.90224
309.81422
473.30565
216.42525
247.58166
76.801295
223.28396
378.29587
421.67194
330.56866
487.04097
503.27906
273.00497
366.3256
-16.746949
249.44069
374.50135
380.55093
467.00563
152.50441
294.32979
357.24624
166.11556
307.80585
483.91271
355.66278
334.23706
239.36658
334.19196
258.82663
313.81539
420.13066
295.39157
521.78551
149.98014
-41.925486
326.4407
38.412055
253.22783
499.91913
561.19742
153.77537
255.29421
307.64895
364.73251
530.00335
402.93365
368.36912
299.58446
245.98878
462.98732
166.37037
520.43635
377.45455
218.26599
419.71647
267.65069
228.62224
475.07533
480.56416
140.98955
587.75199
342.79511
342.28448
336.52888
383.45519
140.8048
293.28182
278.35664
290.09612
513.58465
337.54342
263.96436
484.80007
152.15553
353.16411
386.21661
347.72703
192.29559
508.23984
205.39758
65.022254
427.57701
187.65443
87.91309
187.92345
467.87198
291.1668
304.34993
371.70171
329.63992
313.25893
394.5209
505.66413
517.34031
102.42097
346.07266
152.1255
185.11395
269.03768
253.10036
256.89418
450.27053
303.66341
415.21712
321.08355
279.87198
275.45609
237.71691
308.43741
489.5677
302.66244
462.85239
311.99634
303.04561
220.65927
213.23117
493.16348
470.51823
465.58867
467.52754
335.18239
371.07249
357.05377
365.80524
145.07853
377.09091
329.09862
302.97469
326.88123
287.20262
391.01621
338.24956
485.68414
115.3032
269.55027
420.58864
452.4759
446.41258
170.22751
61.533227
311.81956
212.93075
353.29753
457.58211
375.29928
518.42031
436.96758
164.18803
45.410814
247.71262
209.50629
186.72506
475.2773
211.44277
221.80527
153.02217
187.3945
405.43009
254.60708
545.21031
206.23565
146.03564
151.91548
381.9812
337.76535
484.21455
419.53075
401.91385
352.51663
228.51049
391.71734
369.05594
381.79313
361.78544
444.11718
382.2611
437.30794
572.35945
575.57394
330.35412
281.40161
485.87874
283.36297
557.23802
298.51526
275.15913
283.99089
448.79841
421.58071
405.71849
422.0568
460.71391
250.54383
403.16462
473.06193
690.79617
510.63566
260.97843
468.54371
548.52501
494.98586
145.85285
526.06271
296.79646
403.323
568.1946
362.58953
81.714148
384.28731
74.508929
166.92139
12.918337
272.95629
188.39884
423.27143
72.872393
180.83544
112.54282
47.29123
312.15755
422.15182
454.99683
454.2127
381.80068
394.5713
285.55988
69.552993
474.6148
378.4699
23.041096
272.90046
443.70183
393.6097
420.37281
379.20654
438.41754
574.73571
494.89405
432.21488
494.03489
335.62782
198.48555
664.43078
227.76019
446.31849
508.68326
374.77049
265.82411
345.50916
388.42243
586.14881
353.64917
298.89007
292.00695
287.67611
593.67275
568.99816
590.38951
517.00272
432.58975
458.77861
478.6355
274.5923
462.30141
214.41768
202.32491
336.87493
329.48498
351.42011
291.85416
203.75306
168.77887
377.98807
267.22864
492.63541
551.36613
256.57839
573.11112
262.20727
213.29122
407.62745
317.95197
122.1953
360.12269
242.654
72.714824
278.92841
431.53358
375.19545
268.56159
65.799237
194.74081
265.06305
338.60189
378.20645
220.21651
273.30758
305.70565
87.450628
440.16325
289.84862
258.64669
598.52999
393.9316
211.66285
464.25431
526.85651
306.86598
407.44295
592.94955
371.07435
255.65909
-0.7666707
151.35225
201.67457
172.47738
450.0332
331.89106
455.31529
52.648111
56.134221
304.14511
271.59876
328.24036
125.70716
93.1517
52.780892
310.24548
132.92351
217.44932
243.93963
186.14725
350.71065
30.404208
409.02223
387.36857
648.76251
367.17592
592.48211
415.60356
393.02918
306.21131
472.86021
519.7476
592.76378
234.65521
453.22525
243.17137
378.31328
278.97622
491.9835
448.92428
626.67473
443.46112
93.420198
328.85204
260.503
206.75247
432.85289
523.49434
465.27044
411.01563
422.62353
523.83649
431.43681
381.63186
430.90818
330.9922
448.04095
424.53314
518.77874
441.34558
565.77464
250.75905
565.94528
281.51179
275.16335
-10.183402
108.257
180.52345
193.40387
549.92538
333.40489
401.98344
477.49006
227.85924
313.65927
332.66606
341.17801
411.62137
212.73639
310.55243
407.0503
215.03317
167.26993
448.33679
240.85456
278.39638
417.311
210.3146
286.10361
401.3264
335.81745
388.21808
350.5545
334.92457
229.21045
246.4701
128.95105
447.59022
524.3282
516.04546
620.52032
527.8159
317.82165
41.159125
263.36866
339.159
531.3145
258.27094
76.023537
230.0619
674.54326
299.85894
395.27596
500.23452
318.41497
451.82251
263.22194
669.03659
476.74322
510.83987
455.90979
276.36012
285.80669
344.30142
452.05244
599.84517
730.18883
559.40769
384.6891
388.97394
412.05101
267.25269
319.53062
341.39426
245.56378
486.86509
294.09036
291.30153
432.84329
378.60004
419.15019
176.52099
-2.5855342
541.83031
224.03929
475.02001
311.3066
534.56489
483.82862
410.36568
422.19348
524.96459
564.82143
477.32064
278.90391
304.47608
298.03499
405.03435
407.52243
633.10768
643.70855
161.85847
434.90008
170.52003
357.66662
469.76345
295.77094
239.62224
163.10035
318.15855
396.48619
448.95305
359.79279
373.23743
361.27534
326.4973
200.89094
248.5712
447.78008
573.6944
541.27598
342.62498
324.30287
419.39522
213.64536
172.95299
217.43168
321.79542
442.31742
683.93761
330.75655
295.74407
430.60713
546.67948
250.8755
312.95094
394.21616
289.1689
236.97472
277.31165
301.86321
301.41441
306.20128
381.88011
62.241588
309.86504
419.00383
245.30664
338.63158
324.45453
410.32181
525.46237
364.77969
127.09062
114.08214
495.1479
517.93427
317.64695
382.60855
703.58082
565.23005
512.13265
314.68338
349.537
327.17986
392.42939
459.68496
474.1402
428.76838
201.52916
226.84855
351.80922
215.50776
522.1034
514.1101
582.34055
447.54971
278.69362
503.82769
501.42063
391.54887
330.49903
322.74546
180.97995
606.89553
438.45352
301.3146
-4.5744217
281.88059
200.90198
90.21388
298.643
303.40898
8.0012084
301.89479
617.41206
268.17891
574.99927
514.72031
524.42395
356.91132
344.70322
504.46865
416.55829
349.93518
370.04386
301.72046
174.60481
410.24617
291.38537
351.47552
137.84984
208.58018
406.35842
551.00012
548.7894
528.58992
270.02908
294.03288
214.90498
373.89903
683.37342
620.55227
394.18543
383.2057
291.92933
491.58697
383.06658
344.75533
138.91014
21.557837
216.96232
155.67044
206.16816
126.44567
296.30054
374.33707
629.33907
352.09711
317.79848
474.42369
241.09726
508.77057
236.59121
504.07739
371.36729
488.82905
552.75231
311.21458
280.34149
254.16526
554.51348
649.87831
542.99831
202.31719
740.04204
244.54127
279.05959
368.11108
268.25124
252.37111
167.83081
371.16961
204.50178
537.69011
288.5696
342.17228
253.37101
374.12018
553.01618
487.00112
185.19063
122.44588
126.96319
150.36432
212.29308
277.67915
367.4529
290.8899
-119.19647
165.34711
470.68303
551.69845
501.33829
555.26109
553.15091
636.46112
536.11122
571.28899
510.17252
331.30193
229.70516
258.40445
341.16889
316.04241
512.30861
440.58139
391.47111
514.20716
166.34319
427.98819
352.05596
-10.869967
343.49413
376.35821
352.24436
364.3664
284.70984
213.39719
478.17556
565.72898
235.90419
399.79439
465.4535
661.17035
568.65054
614.72409
573.51469
165.28479
93.555194
559.39751
562.39892
276.01719
197.46556
293.08631
322.06041
92.642568
200.45299
506.51718
544.14054
154.20469
385.48133
304.26372
369.73298
533.16465
93.930755
380.05509
277.46013
369.72477
392.30975
348.94666
278.15271
182.84256
245.86263
256.85209
524.13886
371.91242
394.86063
299.35608
403.68697
92.202516
422.09235
376.6203
347.66012
296.31846
244.28274
71.880778
201.46477
249.19962
215.94995
307.21993
352.33462
238.32004
167.96683
317.09783
566.82469
523.23371
756.35256
407.93969
487.55093
586.51772
420.2629
627.68721
342.79617
337.15793
148.60667
387.21326
541.04067
332.42313
307.59132
288.3234
304.95718
311.15594
130.41272
409.50933
442.41863
607.78882
305.73621
394.57412
405.55527
336.32567
489.38078
191.29227
181.31154
249.54162
345.3362
509.72612
388.46159
434.24638
206.25422
308.8324
559.28078
154.98876
369.99696
192.76963
410.95317
285.41731
490.21372
422.46972
363.44069
438.03288
483.27816
599.9477
323.21575
186.88076
497.88234
572.83183
766.01416
718.75657
638.11354
646.69922
538.68765
634.5583
607.30708
586.73889
389.11983
405.19317
101.77244
486.94373
193.7005
189.04913
126.52826
350.11032
760.91777
248.26146
306.22728
354.74326
120.61209
418.88383
371.40493
372.96002
379.00107
490.60413
389.56937
503.44663
300.28756
352.12347
153.8736
486.93415
466.57905
306.63108
334.44781
535.67897
333.60451
267.96024
227.72702
494.78883
218.01628
639.05093
438.0161
340.16698
340.84437
63.423806
297.6317
391.90317
138.51254
617.91733
737.76351
695.51005
354.71708
255.52325
333.91465
337.07199
84.593604
369.97651
708.88398
291.7289
224.99898
410.45798
410.87474
428.01166
580.77024
818.79608
413.86217
575.9459
283.49898
291.17338
428.41403
386.3265
606.37206
610.14395
523.42006
612.0556
181.42076
308.06847
229.14307
201.19266
286.13704
300.86807
95.31424
435.68801
347.73636
427.34266
297.11861
187.14734
507.13894
377.05919
336.30632
354.47425
473.34269
328.51668
419.13224
417.9339
364.37214
335.16346
430.12302
225.57362
458.0319
425.23212
28.63291
278.0712
446.15451
245.51931
414.70182
677.11762
723.89172
255.92751
208.31446
642.11172
451.06727
391.18532
505.41826
587.755
309.86033
628.42154
741.15986
424.63914
561.47122
499.76646
154.47102
186.70418
297.79222
523.54284
482.17455
351.04782
190.79637
423.82637
410.6913
221.5041
538.46697
15.448958
216.18705
445.65346
342.52976
473.25377
352.07708
273.22863
349.96553
514.36798
100.11261
183.54176
428.85863
502.64834
556.44069
254.68286
87.163947
484.37932
132.21831
231.51727
181.46179
230.96263
250.83656
455.38931
325.12319
427.32827
-2.8705801
380.05033
457.63428
125.29452
524.62392
659.05262
737.77164
366.97883
387.58943
225.95126
230.50625
371.76017
400.7548
500.42782
366.52642
210.00854
514.85845
360.2697
299.5753
325.902
388.22618
295.6623
490.47084
294.91319
372.69817
445.79216
480.76826
354.46513
434.11546
191.28939
439.36149
369.84647
534.83465
366.50152
499.60205
143.45402
332.32341
159.09554
238.60962
493.20607
413.00936
433.99673
149.38306
352.76166
318.43804
342.77792
369.71644
335.63722
690.61474
596.28207
422.04256
430.45496
229.36102
349.52021
220.01558
424.6806
508.63798
437.14211
413.79232
107.56143
279.72483
384.48495
259.45889
304.0248
388.71168
572.82
417.55128
359.85676
409.98723
221.20218
391.20277
351.61363
353.29806
228.46914
258.98184
317.28996
484.60544
524.2341
318.27441
375.81655
311.31696
240.9581
363.51452
328.37008
473.26422
68.896799
333.29159
450.43707
293.76938
335.05007
447.88614
45.7481
381.95622
334.01939
350.50941
670.0462
425.00365
-1.5935488
354.77881
103.78404
289.00079
512.66778
211.95054
295.57062
294.50942
187.58132
267.31103
393.99206
198.19814
416.95376
302.58364
201.4169
442.29585
381.28316
398.93337
41.3288
325.71592
327.02523
263.78263
397.88897
227.95755
345.84234
336.33319
341.07406
321.34836
368.29824
271.69055
404.97532
436.31657
295.25639
575.1656
404.267
245.75066
441.64604
462.44053
395.68773
218.69406
599.243
285.4303
350.06534
465.19262
436.74871
407.96759
257.84872
-41.489433
334.39002
221.48725
606.71736
697.70933
341.99181
305.59426
234.52804
445.9843
361.18627
343.04507
441.5211
612.09111
274.15367
486.79298
409.91014
231.86155
318.85354
280.25365
450.91664
311.1069
355.13416
459.42574
432.20037
426.00452
242.21193
301.7123
248.40809
247.81468
253.34013
511.74387
218.81488
347.36459
507.59417
332.23016
373.7203
239.9187
247.84779
378.45983
211.04261
255.93802
301.43574
591.99347
241.33584
19.569901
82.43578
140.26227
149.73169
222.78644
402.84927
375.4864
368.78975
216.40222
301.04215
266.53741
92.779053
291.68873
614.34964
185.95921
387.43561
291.44218
386.03021
629.43034
301.5154
491.13071
299.77068
278.10411
131.01034
199.12523
395.89981
68.361082
197.18847
359.65569
354.68655
139.13048
358.15283
177.07112
461.20753
345.82776
472.55492
358.1061
228.58667
469.6066
339.83923
218.88229
346.12036
437.10983
424.6155
349.87189
527.16705
403.97519
430.23134
366.63084
363.49523
256.31596
259.02189
356.26426
646.67832
385.09613
260.3808
368.57253
332.74529
429.50981
235.72927
351.69394
259.97536
286.16366
50.711156
182.38755
464.21174
245.33668
538.60929
406.2944
442.99192
339.19022
354.1428
215.63454
289.7302
234.3116
439.84837
198.76803
434.66152
332.29459
330.98382
193.6414
406.66492
334.67003
273.43447
571.06875
458.88173
271.16553
130.36836
356.3479
122.41861
420.26136
285.17067
265.49921
249.80381
27.846938
148.257
450.45723
131.51692
346.44166
265.87399
551.4682
495.57688
567.68657
581.27166
496.41557
341.45359
192.9984
319.64866
484.06708
506.56546
537.43223
422.17621
533.0943
578.86727
579.20601
579.27144
545.79318
349.02988
431.19094
368.73531
379.87998
257.91977
185.89483
435.03866
534.02052
486.4432
593.04988
370.2689
417.99589
388.26272
637.63312
553.49245
535.42888
503.55677
289.89858
303.04112
345.354
579.07517
315.63747
354.11561
440.59938
486.8336
417.14175
372.68307
413.80746
560.4686
160.68487
98.831274
306.52256
551.42932
315.68734
149.99399
193.45013
368.626
235.59018
247.51973
588.25059
351.77089
366.24667
18.143316
240.22572
279.92803
436.91841
552.39106
509.4954
490.79506
536.90795
499.65069
224.87788
189.19616
317.80668
526.35548
358.985
548.03022
472.65596
174.02159
403.58936
709.89676
633.43459
522.46066
609.14249
12.128838
245.65962
296.13851
562.54195
598.07557
474.56653
267.87509
67.022277
467.72418
262.23084
300.98763
350.76505
353.0144
459.99288
394.95653
354.52153
245.039
391.08531
491.97678
572.85678
270.03059
395.10278
196.97306
380.72584
387.50495
595.10264
438.12205
450.6321
215.37052
388.03289
431.81073
235.342
487.87308
640.19061
373.43776
500.46232
146.63403
353.74579
48.087327
651.86234
301.89553
467.39626
472.57856
396.996
407.62681
428.62463
553.68848
213.01676
100.85091
198.05605
466.4501
453.73882
499.01011
357.42401
226.20212
363.26247
505.72988
670.05246
195.09602
405.23492
418.82545
519.32456
603.33528
331.52849
233.00693
443.41021
277.6385
448.30962
545.95667
410.43499
308.63549
557.32886
327.42758
408.99278
396.93457
220.55373
228.81563
453.41434
587.71185
548.4354
246.6411
196.74003
508.47063
349.36515
367.99488
223.82741
489.49897
310.91907
65.495629
219.86474
322.49871
195.24342
139.6
204.88427
433.43675
303.31414
222.65273
119.98378
424.2245
399.88746
471.6978
495.26514
372.77871
514.60158
281.63387
160.48795
290.99781
345.88416
280.28733
-6.7165088
273.26403
474.05361
232.95716
145.70686
256.42137
304.60918
641.33912
467.22915
390.68506
522.91479
466.9423
160.51477
97.24537
474.04007
409.27963
31.739389
586.02721
331.56856
193.3019
220.43064
100.43582
246.26223
321.31244
357.83551
369.31893
377.11764
467.99978
564.9287
666.89269
343.49729
346.00589
284.27511
294.22059
701.5253
194.66004
294.46056
243.22107
344.53998
546.48789
531.36439
409.25984
331.30942
211.14805
245.01187
568.91632
402.9157
382.76614
249.89498
401.854
565.63755
325.61067
391.75083
211.44453
511.06862
836.48931
606.61915
412.50893
359.10344
400.11955
553.79324
277.73721
423.43684
471.78375
160.91236
180.63055
116.70105
182.48544
180.72561
484.16242
481.14407
504.50746
224.3405
266.84908
319.40889
211.97109
534.35971
427.77319
37.431899
157.87979
279.78437
187.37077
323.3184
509.82859
386.90052
325.34858
539.98269
555.12556
652.58221
371.25468
503.10899
464.74514
646.16857
452.6728
269.21218
335.51573
247.47854
214.97876
488.00852
361.32615
335.72517
508.42698
256.43938
390.16205
449.12777
252.02421
734.21098
625.87988
619.6992
471.7905
306.2857
464.55695
354.09579
475.1085
284.3149
238.04648
305.07006
340.86676
255.95855
476.02243
760.84082
170.69134
504.15363
807.75605
443.83689
304.82012
408.29359
117.85223
326.42673
95.074773
297.69086
330.34568
209.6675
609.44832
430.12394
476.35201
376.44504
528.11099
608.15614
283.26564
408.97868
898.51846
359.4473
290.5509
302.77943
152.33121
399.94797
442.86286
463.24284
377.58566
410.64172
265.51817
131.31994
382.48036
241.62664
478.31448
696.98026
202.17207
309.99206
452.19438
467.70251
361.26906
403.31769
466.22632
411.22294
625.44093
303.90878
450.76837
398.75288
505.64006
415.9978
288.55545
437.16972
560.2133
573.75444
569.97996
362.2161
316.61183
47.455914
314.17136
441.34256
558.41911
108.99068
305.95662
236.55924
286.55314
301.8148
491.78956
260.39603
537.19767
634.50641
244.07642
617.22781
376.98129
259.9428
61.948081
396.26644
402.02414
207.0741
277.98975
249.67281
337.51571
655.94286
677.65993
331.47328
478.35616
325.12769
118.76604
295.18436
195.08305
241.05428
202.41401
295.03917
207.48914
339.59187
590.03727
386.9806
326.10817
364.3651
370.82684
276.45876
113.20657
426.45412
391.11359
457.5405
309.275
174.11299
203.46708
249.05213
257.01257
345.25816
175.71778
121.03636
606.31468
124.24835
420.51396
480.35661
413.77153
318.49928
617.79064
366.23494
325.31615
317.01054
387.19684
425.79162
298.75212
264.64623
396.07524
509.71742
419.35387
464.15797
313.94734
252.90257
383.98595
209.53385
540.80148
56.928909
480.22584
234.09651
162.10263
232.1466
244.29556
352.52622
226.34643
352.83136
207.99169
301.16296
219.29367
511.50284
389.04218
237.43073
365.08145
233.05473
472.35715
454.05503
458.9049
330.11507
170.03309
205.45441
523.23848
275.52276
460.04247
984.2886
286.7234
439.19868
209.50676
375.27198
459.70362
364.50639
302.96576
620.51159
387.86652
517.78926
373.51956
327.48083
159.56496
428.96408
386.74344
578.18762
596.17387
420.05553
407.08203
709.3425
371.22509
363.20269
360.74187
337.14896
484.94632
385.45806
169.90001
311.25757
460.28433
281.91268
277.63634
209.57895
484.82504
551.18291
599.21078
484.19272
463.00822
517.52823
419.32194
271.49755
307.15029
262.28221
252.07515
348.18728
408.9598
525.23386
578.03384
466.78661
340.59112
200.58988
234.55513
400.70395
300.44569
88.999266
474.77574
675.22904
370.59804
321.5208
78.848966
186.80017
197.58345
380.14624
216.33934
207.99713
360.60996
325.30256
333.23598
486.06658
208.70744
146.22809
116.48226
207.60563
92.039189
420.82568
447.48332
415.97608
503.26621
621.73001
98.812992
518.17774
342.60345
390.26698
406.02999
451.11412
274.94068
372.84214
238.90025
101.33488
277.35215
181.23558
502.11988
487.43268
346.96675
248.36514
436.91515
429.21164
216.53679
399.47237
462.0853
287.84997
57.014629
244.96737
125.75843
387.87978
351.52179
296.22789
318.74626
0.74577788
303.87046
281.18364
305.45723
591.23796
511.7801
411.95835
394.36533
207.12809
336.82447
641.7354
307.3664
535.53212
345.11473
199.42636
372.73866
525.40788
208.32091
219.26621
227.43999
445.68481
532.2503
497.30939
580.86024
383.04006
325.62664
566.07618
319.75001
590.83538
430.80761
321.46101
514.31265
319.79621
417.56801
233.86457
491.49285
314.26367
275.33424
279.06321
239.01611
118.60612
386.96681
413.50747
692.62218
487.11717
428.07973
287.54577
283.86202
500.28168
421.78708
493.57781
445.13818
598.60147
231.39685
313.43541
542.28061
122.39497
412.38969
100.82227
465.48927
324.72615
75.840011
653.11896
371.74833
384.97439
327.34574
194.06042
390.39309
237.28511
430.91637
149.08675
211.21072
528.45482
540.79504
356.53141
372.7661
368.51375
506.85034
804.03986
555.37733
284.81347
398.56747
283.28215
238.35643
106.03619
463.41436
432.88701
266.01824
79.859762
427.97805
297.6566
470.88457
216.45712
685.62298
571.95052
369.91503
318.60609
262.80582
220.57404
415.73075
200.02771
99.094387
176.61564
335.02436
351.1851
365.18166
283.41139
267.20037
202.8649
518.32663
74.083315
371.47053
-33.410513
255.51238
339.80264
484.12953
285.48154
338.81442
453.85794
181.05574
124.15003
226.93473
267.04405
238.23669
244.40748
708.00416
407.16319
452.2392
286.36118
831.68969
697.81399
197.16465
289.05078
235.34208
259.22538
286.73481
216.71879
481.51556
355.12673
160.983
265.21491
449.48945
302.3385
468.0311
393.11398
114.57587
121.78009
155.46715
625.64072
302.88838
431.65693
146.95194
267.71382
394.92378
477.12956
227.91425
375.53857
288.96137
373.40925
371.0582
422.81891
352.45664
89.516726
278.95498
530.54442
591.31185
774.30136
283.78343
394.82425
293.64584
263.98319
393.48911
639.13893
687.78523
552.15334
417.09908
336.367
347.69252
85.872656
42.350777
-81.399454
415.12344
280.79266
475.17565
523.50557
472.09005
524.92141
250.26138
311.78847
324.49084
455.43648
360.50029
426.56111
337.33571
285.28731
215.29933
534.23888
326.52419
432.49889
487.07949
437.08732
438.08589
303.95347
371.4695
480.26153
580.81427
482.47705
420.69061
190.08523
307.06613
355.15295
242.82465
352.93113
387.45397
256.50795
203.45113
351.44703
501.41065
288.9545
331.81917
437.76646
443.68707
340.09169
313.74123
170.35065
27.307809
139.08652
670.08851
435.98945
600.28116
524.27172
126.17305
435.67262
420.99393
346.89465
546.76918
299.15109
235.27059
295.3614
443.39319
407.44572
404.04472
462.78897
355.06845
363.83359
460.34793
637.49168
573.74892
471.72922
654.12335
306.01542
110.24129
424.49797
451.20057
754.71388
392.4228
381.86267
222.15202
566.99647
409.92789
375.34047
582.7176
242.81478
345.24791
458.57782
563.21875
361.99114
583.95653
333.50803
407.32866
623.43572
165.13208
662.67831
329.31523
530.9071
462.64741
178.74364
101.84162
324.80117
409.17148
245.62638
403.16146
129.01763
-12.728951
260.8915
488.61596
389.31021
181.23272
624.16891
440.69586
500.32094
412.19895
238.31397
69.703255
395.35797
545.88117
520.91933
2.9147587
490.96217
411.97934
630.76775
221.72821
307.22286
586.81099
386.55947
236.30589
233.61751
683.03463
410.71592
423.86891
304.53104
416.98503
351.71345
142.68079
454.73482
266.21822
314.82768
465.7437
264.07186
450.32471
320.27139
121.7773
321.44314
429.05521
264.52683
300.21277
187.96594
328.13193
366.09268
265.80585
376.54594
329.24335
386.21879
191.18227
301.76464
272.76902
280.52799
377.94715
343.85543
320.5621
512.17499
504.99778
336.60079
568.92195
438.41004
704.96477
450.32869
513.48787
513.62761
566.50525
481.65661
426.10293
373.87409
556.55598
232.12657
470.19285
544.58793
367.51586
394.40661
445.60674
402.35301
438.4188
478.60034
557.40856
528.75254
410.2177
255.03277
353.60753
334.11863
487.83917
481.72227
682.14911
521.53057
200.63274
487.62849
334.17717
400.5142
18.433633
253.21801
289.18331
339.72441
408.15093
508.82587
436.67282
544.4184
382.14317
61.395123
586.75403
553.27021
402.52761
557.67905
121.92869
44.868999
68.293187
321.74113
525.81774
268.71626
483.50635
382.74042
252.3974
135.89572
339.29957
328.31383
213.21056
528.42698
431.92677
388.60201
180.78487
424.1666
335.85323
520.28638
369.25254
413.63415
230.67715
304.34617
-59.860913
506.9557
427.22903
350.39697
433.77061
290.1022
240.74698
281.62612
295.39551
274.37581
309.78207
382.80703
335.91108
538.24237
346.45391
166.98844
566.22057
298.66571
320.21387
355.89426
246.01959
312.64848
427.49709
452.88839
167.15358
140.09219
369.84591
255.63528
507.70976
655.70444
510.62376
340.41255
483.90357
495.45329
409.93481
532.10586
562.47593
420.78691
324.17531
399.54138
230.30331
272.56769
59.831576
271.25978
371.63463
170.14003
407.80903
328.21803
453.93741
324.92399
430.5065
469.76199
203.39564
560.71958
190.75191
374.6439
446.1268
493.28063
74.362894
339.83672
673.87408
672.41496
760.04671
688.18797
335.04177
287.2662
461.30464
621.31319
382.95734
459.31424
274.9341
348.75063
378.35713
316.55385
556.96656
366.99456
469.42957
380.96285
772.25444
425.99807
630.83909
519.8723
520.98698
725.93133
213.6195
267.29562
-38.444991
232.60087
550.39188
342.76359
594.28812
595.12852
314.04881
560.45268
459.06972
757.4791
271.77611
527.80245
311.37396
284.41915
305.61571
326.85485
588.8537
492.92437
342.18269
539.2238
644.8631
206.42555
111.04063
234.16175
381.27728
379.58477
325.05934
338.34698
276.32568
579.95422
85.053164
365.18372
100.4777
221.98969
424.337
398.5851
175.99964
241.52188
554.38981
775.57075
567.78824
588.92229
274.53449
180.9345
61.354697
490.38069
136.27323
419.24408
336.42912
532.3956
431.19215
192.123
358.00402
243.11894
178.1007
300.55506
357.14608
269.04772
381.12235
217.86843
104.10162
267.90415
398.12535
509.97564
490.50404
319.59469
495.60689
578.51882
588.52074
264.27339
328.79526
310.74897
21.220336
130.02269
309.26738
130.70274
454.44143
309.93285
420.07683
331.23456
81.05381
169.55375
144.2617
178.24303
100.4211
156.75213
276.34611
327.3094
624.27071
282.17688
198.30899
150.54108
173.71584
343.02786
466.00984
805.91689
485.0807
468.24031
374.35938
229.25604
168.09336
202.04093
535.67823
555.59938
365.92631
580.48222
553.46153
514.06616
228.19148
371.99165
546.68857
439.97569
337.4279
218.92997
378.20432
189.81013
540.77041
82.936726
349.96882
452.64634
219.63896
409.16817
375.20008
217.07927
444.8582
640.07104
411.55011
238.53298
223.04789
192.43688
139.64891
410.04324
247.52425
517.06765
561.87368
381.58807
226.21089
251.07737
457.98853
443.68197
260.22691
278.25013
359.15688
287.50537
459.89595
278.22334
118.19883
484.21827
381.41503
391.06067
250.16332
445.61296
259.57086
333.95168
139.72333
551.83297
538.40558
617.67306
338.27978
333.46158
-22.830891
169.44328
438.11244
477.51464
229.27968
172.57862
209.93127
167.31027
435.97812
718.11362
465.00282
286.58365
481.55779
288.16662
333.70048
241.45382
639.6848
381.40155
124.00383
296.99721
282.14264
397.73151
278.67295
439.63982
163.34969
554.6804
316.17199
433.71243
48.809777
337.78572
-43.655648
304.66312
447.37301
352.62053
232.02994
364.64599
256.18449
443.56806
255.95535
421.0333
370.2684
278.79317
108.16647
381.12098
138.01256
164.98938
215.177
262.37708
434.04179
330.67087
334.52359
505.82434
619.42352
147.71664
419.60909
248.61635
213.92657
273.39055
265.57189
353.49868
525.08664
376.46485
381.67502
48.989086
303.88588
649.63655
169.62097
417.88873
173.52415
454.167
295.13612
281.8705
435.08382
353.00929
452.29879
371.95065
500.92725
126.26476
513.6223
323.68399
225.55537
338.58778
540.5511
253.69104
292.12232
344.62318
176.93208
395.93882
662.59425
443.61446
335.28375
266.98024
472.33638
258.94805
412.22028
345.60836
399.07725
299.84283
287.7158
630.8167
666.68333
652.36226
272.23837
31.065883
189.90507
348.70509
454.89991
272.20245
259.83504
242.13163
114.74144
282.15321
279.81498
294.14694
413.42395
272.74195
290.39208
408.27709
188.14122
287.78644
475.92003
616.72363
411.66326
180.88679
454.67381
113.47507
445.79249
428.79232
146.70529
402.35783
-28.856265
332.69139
339.65909
168.60528
94.96126
790.17467
407.27935
201.80839
567.7979
682.26176
314.89976
239.60948
131.54186
449.36413
302.25826
268.7868
460.61249
675.75086
496.41465
544.14408
573.02996
370.94131
502.72687
327.05725
325.28304
304.54918
487.66103
521.35595
538.28433
484.73878
433.29437
265.49328
308.16813
251.12507
385.22588
323.27652
456.71023
347.41772
359.23479
504.87299
