644.10022
1111.2917
1550.7032
1797.3761
1856.3198
1829.1682
1548.9433
1540.6757
1212.9101
1253.5232
1429.7454
1504.5841
1581.4891
1565.921
1596.4175
1407.2734
1375.5407
1527.5116
1540.5472
1501.5062
1268.4953
1609.5845
1332.6176
1259.269
1374.7025
1712.6042
1603.4936
1618.2751
1487.9986
1420.8365
1292.7411
1123.923
1124.4696
1119.2581
1311.555
1379.1002
1644.9194
1480.0767
1448.2734
1247.9864
1376.3527
1572.9175
1752.4448
1552.8676
1513.0372
1565.5268
1664.2038
1551.069
1518.5761
1277.9638
1587.5304
1575.1743
1788.5619
1641.9552
1729.1857
1304.8303
1560.4215
1361.4268
1470.6955
1672.6458
1663.6176
1667.211
1366.0222
1578.7148
1388.0791
1440.9551
1420.5648
1410.5646
1373.2748
1492.9789
1483.9706
1681.4986
1530.9874
1505.9766
1360.3195
1411.6304
1435.0627
1444.2907
1516.9992
1620.3111
1602.5193
1361.7508
1867.2207
1604.3272
1717.8139
1478.1676
1443.2277
1596.3741
1477.0322
1458.0771
1400.9806
1256.6016
1383.597
1485.6262
1656.1146
1829.7381
1512.1586
1419.1614
1213.979
1194.8676
1361.4504
1646.322
1562.2503
1698.6397
1428.5097
1594.2832
1533.7079
1556.8208
1418.8545
1570.3014
1296.5397
1246.9535
1418.3277
1374.3009
1606.283
1482.477
1483.1905
1493.284
1685.7088
1510.158
1339.0383
1334.7071
1254.8151
1457.8321
1522.1922
1787.675
1710.8311
1660.7636
1638.252
1284.9113
1539.5792
1583.8986
1811.9144
1576.0095
1525.0326
1380.0978
1368.1937
1679.1551
1448.4438
1420.8809
1607.8206
1567.4916
1627.6994
1386.9665
1481.753
1481.1041
1352.5647
1522.6239
1638.7056
1496.4605
1455.9735
1450.8683
1612.284
1588.9908
1517.8342
1664.4739
1575.3158
1511.5815
1599.4363
1437.0748
1586.2783
1539.542
1199.2458
1454.3048
1291.0284
1417.6004
1570.5231
1166.1296
1596.5644
1773.9993
1565.6737
1469.3976
1348.1937
1171.4604
1105.0457
1142.1225
1491.6634
1385.957
1345.7663
1543.6778
1400.2117
1422.8355
1502.799
1340.2052
1329.31
1373.0584
1524.0624
1404.4377
1500.071
1262.3017
1491.7762
1510.2868
1521.8001
1277.1028
1530.0703
1437.7156
1644.6306
1634.8245
1361.7243
1207.6651
1439.2709
1515.5314
1562.3265
1577.9966
1618.2652
1510.8164
1291.2813
1651.7021
1585.1289
1457.8299
1542.6631
1639.4174
1272.0968
1450.8494
1227.9466
1461.5708
1624.841
1531.5096
1602.4305
1441.4767
1509.6628
1452.7483
1384.6277
1285.7355
1335.3981
1504.99
1423.2803
1640.3566
1583.9869
1480.3504
1575.1877
1411.1658
1066.5964
1596.1633
1471.7679
1504.4069
1602.6675
1778.9404
1420.4077
1773.8744
1475.3156
1339.2146
1395.1058
1355.4217
1256.2878
1416.4912
1516.1528
1530.3916
1568.2546
1440.5173
1511.5915
1463.9087
1526.9219
1280.7647
1469.5956
1626.9079
1377.788
1367.4962
1311.6232
1334.5522
1568.2879
1506.7412
1875.9087
1452.3161
1527.2491
1453.5041
1448.4306
1670.6103
1765.4817
1855.6259
1971.8818
1492.615
1435.8194
1285.3111
1383.8301
1568.5967
1545.3401
1676.5275
1700.513
1500.0588
1413.6914
1504.6503
1465.8056
1432.4089
1636.2148
1561.0986
1205.6444
1359.3529
1373.0003
1253.934
1418.8412
1807.7072
1398.2265
1526.2704
1390.7537
1446.8713
1528.756
1515.3645
1649.0464
1469.4427
1335.8011
1498.1009
1269.7053
1318.7956
1463.3658
1341.0383
1344.2252
1454.8647
1539.0382
1523.4873
1586.9057
1709.3613
1251.8812
1357.7108
1491.7365
1442.424
1221.7179
1192.9206
1531.3328
1435.7973
1536.096
1423.9418
1406.1688
1526.4255
1475.6282
1636.4231
1458.8146
1455.718
1321.8942
1443.8061
1374.0312
1440.6234
1358.6986
1269.5455
1298.519
1491.5773
1398.5963
1507.5365
1369.7476
1415.7882
1542.837
1589.6816
1627.3994
1537.7519
1404.7986
1139.7425
1185.0232
1396.8486
1407.3659
1540.6507
1693.1266
1611.883
1609.4307
1418.0891
1429.658
1512.981
1514.6627
1695.3907
1672.4486
1395.4112
1465.7555
1683.8687
1483.9596
1602.4204
1529.0763
1253.4255
1306.9751
1342.9478
1193.4526
1463.6601
1468.7972
1222.8218
1584.0467
1459.6037
1476.2281
1484.3913
1626.379
1718.1986
1492.2593
1532.8431
1731.2234
1476.6237
1610.546
1393.7459
1341.9177
1615.4519
1624.0238
1543.3059
1835.7222
1454.086
1376.5673
1548.0905
1495.8
1796.1748
1723.412
1446.3628
1451.3305
1121.6124
1449.4744
1272.3765
1259.9277
1563.9195
1467.9994
1607.4048
1426.6887
1511.7576
1452.9976
1403.7825
1592.7495
1511.7938
1562.6731
1656.2645
1600.1434
1429.6545
1500.2874
1384.7665
1351.1336
1541.4095
1694.9585
1759.143
1686.188
1523.4706
1523.2154
1418.8965
1560.6315
1506.6407
1690.9213
1675.0015
1433.9874
1547.1542
1427.7933
1380.273
1547.6252
1427.1022
1426.9698
1618.5054
1678.0589
1541.4742
1456.0943
1349.1365
1270.0411
1517.4235
1511.8629
1446.0256
1557.6864
1331.1328
1498.5945
1742.4017
1666.4396
1759.5064
1416.6238
1377.888
1577.4609
1209.3526
1269.2443
1556.0419
1610.1949
1534.6071
1641.6486
1649.5936
1568.4903
1293.612
1663.6267
1445.6418
1514.7317
1821.1849
1471.5866
1363.7265
1640.8573
1622.1795
1630.1855
1937.0182
1577.3464
1368.1731
1560.2307
1254.0084
1522.6891
1599.8829
1455.5336
1402.3319
1342.9021
1290.0504
1455.2391
1375.9923
1500.5347
1916.7288
1611.2023
1457.3514
1202.0992
1460.476
1678.5004
1507.2551
1428.0884
1298.9766
1348.2034
1318.2361
1406.8113
1620.077
1397.0543
1634.0691
1170.1286
1487.6307
1372.5477
1226.6132
1536.3475
1575.4421
1377.3923
1270.8768
1338.0612
1394.9863
1406.4736
1487.4968
1734.895
1353.6545
1247.25
1574.0546
1452.6214
1393.45
1633.8319
1464.1469
1723.3893
1393.0857
1230.4151
1360.4543
1501.52
1550.0785
1717.1934
1417.9855
1361.0997
1301.6287
1362.7002
1370.9348
1952.8078
1428.8223
1574.578
1642.6522
1681.3253
1690.3062
1539.2701
1378.6862
1472.3399
1476.369
1706.2141
1718.3343
1642.7855
1600.3005
1405.9675
1464.6542
1208.1132
1399.4695
1561.92
1372.3058
1262.4986
1340.3632
1512.1827
1502.5053
1509.287
1814.4519
1615.7789
1355.5293
1523.1215
1549.5103
1561.0788
1600.4087
1508.5873
1467.6276
1412.8129
1431.3647
1451.3841
1465.409
1416.4865
1774.4471
1425.1392
1480.5416
1412.2848
1312.9792
1445.2643
1458.4346
1332.5785
1359.5151
1162.5355
1444.1703
1286.9887
1730.476
1569.3663
1755.0146
1453.935
1363.2734
1523.8166
1461.3279
1664.9635
1493.7921
1646.5099
1546.9364
1475.5657
1608.6721
1615.4868
1496.1374
1509.9731
1554.4402
1641.7372
1822.1651
1732.8858
1610.3975
1429.763
1334.0477
1362.3509
1494.4933
1483.1794
1581.7756
1376.9913
1411.8355
1242.6982
1351.9132
1504.4278
1590.9523
1332.1469
1303.0498
1380.7181
1339.8442
1577.6712
1354.4352
1410.6678
1475.2759
1592.5925
1578.6287
1369.0978
1271.5824
1308.5407
1289.5866
1645.2059
1486.8744
1616.6519
1523.5879
1671.074
1569.7782
1719.2893
1728.9777
1513.32
1400.4382
1406.5608
1595.7322
1459.2873
1646.0514
1592.853
1266.9905
1634.8879
1320.3449
1397.7839
1398.6879
1231.1651
1302.7231
1263.5089
1381.1686
1398.2892
1469.2834
1372.545
1589.1131
1456.0281
1524.076
1408.3688
1513.1462
1372.3989
1217.8558
1256.2303
1340.2349
1278.3911
1524.7018
1548.923
1443.5462
1279.4834
1393.6495
1508.2553
1207.6353
1482.8086
1407.784
1462.4571
1441.414
1688.8022
1314.3206
1296.5364
1312.6198
1316.1008
1415.8869
1401.8202
1664.5635
1323.2691
1433.7901
1544.3082
1458.7475
1583.553
1212.9234
1807.9833
1687.1209
1598.0063
1521.705
1705.7455
1353.6768
1633.7975
1541.4638
1217.6971
1506.1708
1344.7225
1759.4179
1531.135
1363.6682
1208.2546
1385.8702
1585.6795
1633.8391
1485.8173
1402.6977
1199.5281
1613.9635
1677.8194
1463.7441
1525.9806
1527.565
1461.5946
1912.2931
1623.1448
1720.5817
1659.4149
1352.5495
1454.3488
1354.695
1533.2316
1321.0561
1430.3444
1572.0083
1502.4582
1508.5898
1382.7648
1672.4765
1690.2962
1426.3045
1448.1956
1292.6632
1308.1605
1412.8847
1299.8358
1648.6695
1575.2052
1644.3725
1565.015
1323.0817
1597.4906
1418.0179
1605.3855
1419.908
1545.3243
1411.1256
1518.1648
1437.3259
1400.5482
1385.8549
1514.2552
1541.6257
1742.3745
1481.0773
1536.6991
1268.3587
1516.8726
1451.195
1484.5677
1508.9301
1518.2066
1277.2196
1492.1073
1416.4972
1284.2311
1596.8577
1713.8095
1497.6126
1359.3059
1381.4055
1362.1804
1323.6799
1603.6723
1623.3808
1455.1045
1389.1902
1563.1157
1466.3408
1526.5022
1442.3182
1617.5815
1711.0935
1998.5599
1470.8392
1606.9028
1405.2123
1478.9167
1654.6104
1568.1385
1536.6634
1549.6439
1321.5462
1525.202
1614.782
1559.6183
1579.4477
1340.2513
1513.6206
1166.4451
1267.2525
1518.5763
1647.3917
1730.5015
1568.3123
1532.9402
1599.3222
1587.4206
1437.6066
1469.7431
1404.2511
1415.551
1853.0423
1514.653
1688.5835
1172.1891
1366.3039
1607.497
1688.7308
1603.6863
1800.2399
1614.8541
1619.3738
1612.8095
1521.3837
1461.2304
1706.1538
1721.0453
1730.8446
1617.0354
1474.7356
1436.5822
1586.1166
1481.3364
1487.5855
1382.92
1283.0369
1188.8288
1362.3743
1357.9181
1486.1136
1416.0813
1554.1094
1481.4885
1509.6112
1377.6627
1592.4712
1591.8215
1417.9871
1619.4039
1525.114
1492.7763
1625.8436
1693.2235
1648.3069
1529.1913
1491.9643
1484.5206
1224.5549
1214.428
1362.8521
1463.9317
1689.146
1514.459
1539.1982
1442.1273
1526.4447
1418.507
1216.8569
1469.4292
1256.832
1487.8369
1408.9822
1498.6328
1561.2754
1205.2628
1410.1646
1362.5447
1525.5827
1407.5409
1603.295
1568.4652
1538.0695
1468.2042
1624.5132
1394.4962
1357.0999
1349.9943
1625.3687
1564.3778
1340.0996
1355.9101
1709.8106
1715.4326
1893.7528
1441.9444
1693.1711
1249.666
1456.9061
1516.0163
1440.3307
1596.6235
1566.8986
1529.1094
1714.6943
1653.7868
1419.2904
1635.1646
1569.0281
1418.3316
1424.5253
1341.6308
1445.3392
1587.4192
1407.6218
1605.2946
1490.3742
1694.8719
1560.3164
1520.6301
1410.0504
1377.6467
1529.7762
1443.6112
1755.2057
1582.1289
1509.9806
1552.9194
1508.8115
1752.9688
1334.5266
1428.9601
1425.121
1419.3785
1472.849
1360.8513
1684.5699
1409.5334
1534.3148
1294.9769
1298.803
1430.1325
1620.4859
1406.1642
1469.7433
1408.9732
1316.8303
1610.4505
1499.8049
1857.8901
1475.4302
1671.7395
1668.0373
1635.6641
1556.2015
1331.4335
1762.6484
1694.9893
1443.5209
1725.7079
1556.4473
1487.6171
1495.097
1579.2016
1499.3988
1464.922
1430.0527
1484.0785
1458.0304
1309.6492
1428.7841
1698.4616
1557.9874
1494.163
1496.5395
1302.7981
1356.2833
1608.9881
1696.2771
1469.2382
1694.2529
1565.6583
1476.7177
1671.5172
1350.4983
1330.5269
1516.8519
1241.9208
1391.3659
1369.8563
1368.2747
1470.4096
1384.193
1385.8788
1410.4507
1433.3761
1533.4211
1492.5456
1396.6984
1390.2966
1602.8844
1475.9965
1572.3366
1358.4894
1596.9969
1410.9743
1394.8715
1380.9582
1450.2064
1467.7066
1200.5837
1401.5868
1173.8204
1561.6768
1437.8816
1338.1374
1398.9887
1297.9445
1494.1492
1574.932
1547.913
1382.9284
1271.7403
1493.9286
1702.9934
1600.4877
1608.3609
1752.3757
1533.6407
1634.3932
1445.9866
1218.1875
1624.5328
1532.9662
1449.0417
1566.9298
1271.4234
1510.6676
1540.4537
1510.8351
1480.9663
1426.4252
1650.6478
1524.9182
1442.5887
1527.2074
1421.3235
1632.3489
1392.1306
1637.9499
1642.8827
1518.2395
1362.5168
1534.266
1286.5057
1549.9035
1048.8324
1383.3956
1659.5943
1562.8183
1579.582
1330.9013
1228.9835
1450.2551
1676.6611
1348.4901
1618.4941
1584.2671
1533.4307
1424.1306
1504.7758
1437.914
1463.7729
1356.8708
1729.5835
1644.3756
1781.0734
1440.7703
1514.0501
1335.2333
1663.3463
1367.8218
1634.1974
1526.4381
1546.1626
1523.4613
1461.1218
1363.3243
1432.6983
1448.0592
1410.6253
1490.2288
1296.6965
1536.1124
1483.2866
1676.0682
1366.7849
1399.6175
1533.9901
1349.4609
1415.4576
1435.7432
1351.5784
1436.4949
1614.6072
1244.1135
1594.6948
1648.3187
1569.7338
1497.6269
1471.8754
1608.846
1367.4208
1417.4758
1386.9613
1575.8288
1653.498
1751.7535
1571.1828
1515.1555
1705.0851
1711.3621
1511.0192
1695.4994
1455.7032
1624.6178
1481.9107
1634.5382
1791.1124
1589.5009
1456.6301
1534.2237
1321.727
1486.9319
1728.1807
1630.9835
1509.9729
1588.1578
1421.2579
1435.0415
1351.273
1454.7963
1592.1321
1414.3621
1417.3178
1732.041
1516.8067
1683.8006
1510.4738
1668.2518
1601.1528
1410.8853
1322.0273
1305.9914
1472.2289
1472.3999
1678.4319
1408.0408
1248.5409
1270.9792
1453.0865
1315.1735
1355.8819
1438.2395
1448.4181
1578.3196
1524.8506
1588.8436
1514.1053
1537.8549
1252.3948
1704.226
1283.5411
1564.1238
1744.5116
1907.6107
1625.98
1675.4157
1631.0355
1689.6889
1210.2736
1326.5196
1511.9414
1333.0628
1321.0199
1577.3392
1667.8111
1277.2829
1457.1638
1500.3487
1508.3105
1386.8249
1373.7477
1407.5762
1575.7387
1406.547
1555.1885
1682.7898
1472.7553
1640.3586
1483.936
1389.6669
1522.7058
1721.4355
1502.6662
1348.7599
1671.1764
1491.0331
1428.9453
1481.3135
1481.2506
1541.1064
1571.4513
1523.013
1212.418
1503.643
1562.1688
1635.0576
1687.4861
1414.4816
1379.1777
1325.6569
1423.1428
1503.8236
1423.3539
1354.4664
1532.0794
1458.355
1719.6924
1381.1739
1308.9653
1406.955
1596.1146
1327.681
1590.667
1464.4358
1867.6812
1389.7958
1561.0668
1485.4874
1341.7998
1398.5658
1306.6131
1631.5742
1681.9906
1583.0062
1406.5956
1429.0357
1350.5273
1631.2074
1623.9096
1516.5846
1446.9489
1352.2747
1757.5854
1402.3195
1339.4492
1544.8892
1570.9947
1345.5292
1489.6142
1685.9431
1517.1086
1364.2128
1499.3308
1595.8288
1699.1883
1771.6285
1438.836
1740.7387
1614.4035
1483.4482
1539.3465
1555.4165
1711.3578
1877.2875
1602.687
1735.4545
1464.8052
1525.4065
1538.8147
1370.4025
1419.1367
1537.3144
1696.7563
1636.6741
1688.2421
1355.3153
1156.2292
1533.3817
1376.6719
1547.7424
1462.729
1544.98
1622.1432
1407.3746
1367.6075
1322.235
1488.3118
1561.4477
1709.7167
1355.4019
1505.2325
1404.2934
1474.5435
1493.2549
1680.9194
1447.681
1567.0176
1604.0216
1393.2247
1483.319
1578.3505
1536.4551
1466.0018
1481.9111
1542.5297
1714.0497
1518.1222
1523.1844
1491.0782
1486.2282
1411.2936
1461.2106
1623.6894
1600.1956
1415.17
1303.9891
1580.1215
1631.0163
1564.0411
1406.0098
1348.104
1362.2897
1490.7014
1114.3144
1534.7363
1353.1514
1288.3128
1630.7844
1306.6501
1199.8245
1359.1051
1580.3095
1553.1334
1644.7293
1482.5442
1460.2807
1203.9961
1311.6769
1400.0165
1639.436
1555.5201
1608.6034
1552.8695
1295.8861
1526.0048
1339.6537
1472.2736
1701.8874
1354.9516
1333.3483
1398.779
1447.6595
1442.2835
1434.7237
1436.256
1803.5552
1604.8155
1391.3844
1666.1567
1356.8548
1479.3392
1551.1935
1784.8627
1359.8062
1360.4143
1345.9668
1231.5987
1517.3813
1405.4749
1628.6109
1433.6131
1658.196
1372.4874
1253.2505
1404.9975
1461.3425
1327.4047
1582.6819
1386.8004
1504.403
1698.4741
1463.5474
1661.3966
1510.336
1302.9083
1469.3383
1253.6083
1575.7972
1642.1672
1373.0102
1376.8934
1517.816
1479.0343
1445.4625
1649.9309
1769.3191
1799.94
1551.837
1560.9451
1446.8425
1512.8845
1592.7185
1889.2004
1247.3706
1546.5431
1705.716
1420.4532
1570.9515
1333.9286
1432.7276
1339.7131
1138.5777
1664.5006
1777.2459
1776.634
1658.9345
1295.7182
1525.6259
1640.6643
1582.4911
1421.1716
1501.7948
1598.0218
1289.6385
1244.7913
1330.6774
1342.1598
1387.8786
1535.4944
1523.9346
1498.1314
1324.277
1642.1868
1640.6258
1667.3825
1398.2805
1217.9086
1275.3764
1209.5025
1448.9572
1506.765
1758.2105
1406.6537
1551.3347
1544.8826
1358.0607
1491.6624
1549.2307
1574.0327
1503.1283
1698.8107
1388.881
1451.3194
1821.7566
1776.3082
1534.3105
1518.8626
1395.8251
1389.5723
1421.9661
1388.7447
1340.5059
1549.725
1404.8673
1448.5328
1479.6449
1201.3654
1359.2043
1526.4815
1549.7902
1469.7243
1239.8929
1467.4166
1658.9814
1287.2483
1565.8778
1433.4701
1521.7798
1342.5832
1583.7275
1589.3346
1432.2903
1500.7837
1684.4168
1462.3923
1431.1035
1563.5532
1651.2889
1506.2783
1430.0116
1584.4267
1442.2818
1592.7183
1612.7487
1598.2469
1680.7233
1570.023
1452.9334
1638.8148
1711.8858
1360.054
1464.3077
1416.5322
1551.1622
1655.1019
1615.2226
1457.0928
1375.7132
1384.8859
1640.502
1472.2085
1943.1876
1672.3166
1584.2078
1583.2689
1643.5091
1457.8217
1595.9334
1402.6299
1675.0518
1674.3186
1402.7658
1600.5072
1615.0466
1614.0021
1485.0195
1462.0914
1639.2173
1575.7552
1365.106
1753.2141
1732.5224
1579.2643
1715.061
1514.1607
1671.6414
1729.2247
1584.282
1506.3413
1912.6836
1766.0822
1729.1491
1650.9217
1256.0285
1345.7621
1485.1565
1681.1515
1413.3804
1436.8168
1411.0165
1341.0845
1532.053
1510.1399
1504.1662
1427.5151
1534.2721
1768.8631
1688.7726
1622.3221
1502.9032
1255.8158
1445.1283
1218.4987
1659.8097
1632.1167
1526.8249
1494.1387
1498.6927
1426.9458
1594.2039
1674.3138
1468.129
1377.6585
1391.7723
1625.374
1819.9071
1381.4369
1778.6679
1475.1117
1173.2255
1385.6115
1701.7245
1563.6124
1603.5594
1364.8452
1385.7822
1264.217
1521.5302
1369.6871
1327.4512
1457.1233
1525.233
1359.944
1616.2751
1547.2222
1851.8716
1529.6348
1426.3252
1434.4913
1496.8919
1409.0097
1425.5104
1467.5884
1739.4999
1559.93
1452.6671
1530.7298
1701.5087
1646.1055
1556.5549
1440.0922
1496.8133
1483.3217
1346.8055
1100.4457
1553.3039
1535.7799
1418.6591
1492.6326
1431.9806
1499.6185
1524.577
1475.7733
1382.751
1219.5012
1738.3198
1524.9258
1326.8517
1548.8319
1457.3041
1520.8418
1469.1427
1489.5915
1498.7238
1643.3297
1548.0294
1721.3746
1428.9391
1646.3333
1481.8723
1497.8546
1420.5762
1719.0814
1428.3395
1550.7488
1408.2378
1470.3135
1517.8869
1629.6774
1569.4067
1508.673
1226.9739
1483.923
1598.7896
1603.1294
1485.9563
1387.198
1701.9345
1489.8901
1450.488
1645.5834
1785.6759
1501.9881
1590.3842
1401.9392
1198.067
1305.7264
1314.731
1418.7111
1416.8685
1554.7725
1515.8124
1528.6876
1418.4712
1847.4757
1304.1391
1118.992
1229.3476
1297.3728
1284.2908
1358.9255
1427.9397
1505.1171
1485.2517
1264.9173
1263.6005
1392.8967
1573.8301
1579.751
1692.2995
1471.6232
1486.6983
1524.2598
1196.7714
1497.3724
1353.5626
1593.8627
1492.9939
1345.3502
1599.3767
1507.7162
1457.5118
1159.54
1338.1702
1581.8716
1592.3278
1676.3778
1130.6019
1308.3865
1702.6941
1721.4704
1506.8522
1547.601
1481.381
1253.3666
1470.4853
1427.9331
1397.4293
1734.4772
1421.634
1404.7503
1463.4473
1475.8203
1523.0573
1538.688
1577.3652
1521.5385
1542.4086
1699.0922
1462.6215
1576.4894
1304.7928
1766.4288
1361.8523
1235.2065
1408.5424
1390.9108
1436.2515
1429.86
1426.7571
1358.3707
1538.5785
1644.5412
1761.5657
1593.2186
1474.3948
1395.3547
1418.5961
1559.6181
1426.0866
1528.7395
1423.8022
1431.1542
1872.5005
1453.1944
1669.4414
1586.8742
1545.9488
1678.8021
1753.926
1740.4668
1697.6347
1737.4371
1492.4883
1338.6288
1455.6865
1441.9589
1553.9495
1430.6894
1404.177
1594.888
1492.2666
962.87113
1539.3934
1477.2842
1449.5985
1486.9688
1414.0007
1681.8951
1662.2861
1460.0246
1654.774
1535.2564
1559.0234
1336.0348
1312.2945
1276.2155
1509.7332
1434.0513
1379.5127
1373.8345
1343.8582
1624.8705
1255.4695
1461.8403
1501.6029
1569.0805
1500.8908
1532.3306
1170.8289
1279.0653
1422.8019
1318.2682
1352.3506
1227.9403
1437.5427
1396.5651
1520.3301
1437.0162
1577.1267
1726.1469
1451.1288
1525.5697
1759.6461
1413.8043
1527.3279
1539.3454
1363.7995
1517.236
1476.1354
1670.5683
1494.4896
1451.6643
1387.4555
1615.5849
1523.8035
1578.6333
1666.7873
1403.9897
1461.7555
1440.7066
1384.8845
1356.5591
1332.2919
1455.8101
1462.3919
1423.3246
1635.4589
1503.3423
1477.8744
1586.3812
1510.1578
1533.8309
1588.8311
1451.3447
1578.7661
1622.3098
1347.0138
1568.636
1616.0071
1511.9224
1250.6559
1418.0914
1710.4828
1420.739
1365.8428
1217.5291
1569.9033
1480.9306
1591.8455
1610.4323
1382.1715
1660.484
1408.0809
1380.8015
1748.4209
1664.8776
1668.0475
1548.7043
1496.6038
1613.6465
1490.4775
1544.2565
1518.3786
1684.3727
1573.4363
1512.324
1410.4887
1320.5356
1422.6793
1915.7191
1645.1219
1480.2743
1614.0783
1579.5821
1679.0172
1633.1044
1754.7121
1710.3942
1730.6687
1403.7864
1391.4004
1312.5655
1444.0793
1299.3401
1235.5375
1192.9634
1485.6124
1529.7665
1231.6786
1239.7706
1574.311
1640.5548
1762.2257
1525.5226
1204.9121
1420.1942
1463.7884
1565.7428
1506.6427
1548.1284
1688.9023
1441.265
1610.1099
1611.2161
1647.9293
1637.3564
1700.7155
1591.9247
1648.6705
1595.7594
1354.1976
1526.5244
1729.4802
1632.4987
1488.2713
1565.2057
1417.5335
1364.3967
1474.5679
1467.8389
1598.0082
1559.4319
1707.0803
1416.639
1545.327
1591.6
1224.9482
1763.0999
1536.5838
1394.8306
1485.5072
1442.9345
1200.9499
1454.6483
1439.2708
1594.237
1615.7569
1703.8404
1338.6092
1279.4678
1388.4778
1479.6954
1462.1546
1529.2383
1521.1262
1608.9306
1441.8235
1670.1858
1313.8536
1504.0211
1444.033
1637.0759
1547.8598
1462.6915
1574.0655
1599.271
1133.9237
1396.5045
1615.5945
1427.1435
1320.8126
1544.2996
1424.851
1498.0488
1456.9819
1365.002
1539.5952
1460.8054
1333.7957
1482.9716
1761.4528
1671.8812
1648.8818
1590.3077
1555.1072
1532.17
1265.1752
1366.3824
1644.2219
1620.2417
1755.2186
1358.9422
1385.2965
1175.4525
1434.0483
1437.8567
1508.6097
1628.7637
1567.3288
1533.7592
976.24383
1501.2022
1338.404
1433.1351
1435.1658
1623.22
1443.9169
1558.7255
1705.7685
1534.6733
1523.1654
1582.563
1653.7813
1546.8109
1542.1844
1499.8695
1612.6511
1362.5913
1563.8485
1500.5412
1505.7523
1669.5295
1504.9595
1449.4652
1518.4065
1616.7087
1316.1692
1501.0779
1415.1829
1646.5383
1234.3408
1413.7214
1440.3369
1632.5997
1414.9981
1168.4413
1306.0286
1490.4456
1543.5219
1494.3957
1858.9617
1667.4486
1687.9376
1673.7939
1566.1181
1427.0325
1672.2888
1600.5941
1734.3197
1437.5119
1554.1203
1400.8469
1607.6155
1483.3403
1497.9596
1652.2924
1496.5
1424.4546
1454.603
1296.6325
1547.0826
1555.298
1720.9504
1591.3847
1600.7362
1648.6529
1728.6861
1324.6603
1488.6983
1323.2824
1518.9378
1597.2281
1615.0401
1358.3465
1421.2862
1606.8968
1594.3584
1482.6714
1722.0406
1726.8821
1571.5772
1421.3159
1616.0159
1187.9272
1482.8973
1490.5222
1637.1205
1610.6726
1683.5178
1713.2551
1227.1464
1205.0255
1502.4621
1381.2017
1586.4842
1576.7426
1713.2165
1634.3968
1245.5635
1312.8514
1297.7594
1505.6998
1473.3076
1416.0488
1318.8855
1370.3609
1129.5547
1356.57
1376.8205
1353.2466
1498.1534
1581.0761
1378.603
1390.7734
1295.314
1375.9183
1687.5945
1550.6705
1594.3272
1202.6611
1443.6705
1574.0188
1452.7271
1551.4112
1598.3704
1630.0519
1432.3315
1804.6092
1501.3366
1647.4751
1532.7816
1365.5198
1419.0551
1380.6312
1180.117
1296.4501
1610.3415
1618.99
1432.3537
1518.2795
1120.5796
1309.1044
1520.8029
1613.2886
1401.2546
1847.0357
1388.1003
1465.9671
1392.9769
1355.7462
1453.6266
1735.582
1715.8623
1587.4962
1539.3507
1504.6465
1358.7751
1629.3038
1559.0332
1705.2496
1361.0439
1470.9651
1586.7864
1562.774
1589.2018
1508.2747
1753.8962
1754.8633
1620.9696
1579.1509
1589.9551
1430.6522
1506.6504
1443.9763
1460.9047
1352.4739
1494.5893
1575.131
1550.794
1425.2195
1460.0055
1235.4395
1521.8992
1837.032
1714.9382
1598.9666
1711.7765
1476.0264
1294.5448
1473.5165
1332.9441
1638.8503
1684.5264
1526.5746
1636.8833
1442.1804
1742.1799
1308.2899
1601.3546
1478.4853
1465.9326
1553.3078
1684.9588
1548.8281
1341.5357
1360.213
1505.0714
1420.9081
1404.7002
1465.2309
1502.2524
1284.7782
1670.1743
1535.2675
1806.4796
1509.4442
1531.6168
1597.7499
1290.3834
1474.0078
1423.48
1487.0288
1290.7593
1503.7494
1445.3379
1522.7586
1604.2684
1603.8004
1557.0155
1673.8571
1564.5892
1542.9078
1626.1474
1638.9105
1546.4083
1773.4255
1524.123
1280.9196
1503.9132
1540.2667
1505.5831
1365.2482
1408.4526
1452.7318
1398.1625
1481.3935
1450.7675
1534.8351
1426.5871
1598.8042
1437.0784
1414.6016
1280.4269
1427.2073
1406.0644
1561.8825
1624.4846
1337.8682
1666.1575
1583.4705
1548.296
1281.3963
1307.9645
1411.7803
1554.7123
1370.7547
1692.7171
1605.6151
1441.3265
1585.9139
1396.3337
1565.6397
1495.1531
1371.5521
1552.1615
1261.3126
1517.404
1370.8064
1628.8877
1348.843
1552.0375
1331.5002
1281.0532
1432.6093
1572.997
1567.3599
1466.2491
1542.8023
1637.3928
1378.5556
1476.0881
1446.712
1694.9416
1588.6599
1804.4377
1353.4112
1388.0905
1524.7913
1429.1034
1560.0734
1309.834
1583.9975
1560.525
1479.8724
1330.9197
1524.5066
1639.3779
1614.0396
1526.7818
1469.5947
1615.2417
1677.9491
1589.3425
1506.9105
1317.4559
1442.8142
1526.5295
1655.2791
1674.0807
1644.0808
1806.2833
1675.8675
1589.5419
1550.6267
1454.7845
1534.6971
1294.418
1524.1884
1792.2796
1620.9862
1553.9401
1487.1504
1634.2735
1588.553
1548.4723
1653.2966
1426.0323
1377.4016
1259.3109
1564.9517
1533.281
1366.4667
1434.0322
1387.0296
1502.8995
1657.4625
1548.181
1579.9842
1276.4976
1392.2843
1445.4954
1599.2172
1627.0513
1368.5018
1510.9382
1491.1556
1830.7171
1657.0385
1579.0524
1342.7215
1359.8454
1508.4098
1440.0419
1447.5852
1592.5275
1720.7633
1493.5169
1573.9656
1564.1446
1230.5783
1563.222
1463.9828
1620.1164
1393.7776
1639.4104
1489.208
1638.117
1544.7517
1403.3206
1493.1647
1576.0598
1361.5246
1586.8908
1617.7069
1702.5641
1377.9172
1481.8496
1413.0341
1535.8818
1353.6078
1664.5899
1350.5222
1657.0018
1416.6312
1501.749
1397.9039
1816.0845
1517.4027
1749.765
1145.0912
1528.1314
1321.2698
1542.749
1350.1576
1679.6102
1632.234
1616.3329
1675.149
1583.2802
1611.9938
1451.7129
1594.6338
1506.732
1483.8652
1423.0959
1449.0759
1697.9836
1635.4069
1679.3153
1525.1719
1512.306
1572.365
1404.2019
1524.9718
1603.438
1512.3732
1471.8061
1379.216
1380.6416
1453.6189
1511.266
1472.0074
1419.0252
1349.0291
1623.9953
1405.1364
1663.3975
1706.6337
1383.4133
1091.0253
1242.1694
1230.531
1314.538
1649.9906
1490.8732
1744.8271
1519.6067
1335.12
1678.6705
1502.2776
1262.5669
1685.993
1726.4195
1379.8096
1439.8277
1297.1001
1438.1251
1547.5135
1482.6481
1489.8329
1354.4659
1947.7038
1507.7476
1412.4979
1420.7046
1534.4898
1458.6497
1462.6512
1450.302
1722.5418
1459.3199
1305.9191
1350.5846
1724.4896
1481.2855
1533.8478
1255.5625
1668.5703
1632.0122
1645.1541
1442.9445
1446.4605
1539.1081
1387.5803
1806.7027
1625.1493
1711.5942
1709.4297
1555.3297
1687.3869
1519.54
1576.8452
1563.5942
1339.0571
1477.0253
1461.881
1250.556
1558.7324
1787.4257
1554.6894
1627.9154
1523.9085
1498.7029
1510.1174
1390.8331
1760.9787
1294.1023
1451.0678
1554.3078
1428.8605
1350.0198
1527.3956
1422.7379
1387.5817
1339.4024
1546.8571
1617.7298
1581.5838
1728.8784
1526.4087
1425.9915
1224.8968
1499.474
1532.0928
1420.5748
1389.6175
1703.2975
1317.4206
1520.8655
1279.7477
1386.3162
1696.9827
1384.7639
1295.8629
1369.3555
1774.8419
1301.8335
1675.6311
1594.1325
1646.411
1128.251
1243.9644
1385.9557
1349.5303
1562.3114
1729.9445
1483.1836
1514.1942
1340.3746
1398.2789
1560.574
1751.7823
1660.0287
1604.0843
1660.4339
1351.8575
1635.0124
1639.1349
1699.9421
1671.2651
1464.7501
1399.7344
1494.6761
1404.9596
1490.7992
1496.413
1511.8404
1430.3592
1589.3097
1469.6706
1439.745
1616.8676
1568.1968
1454.3142
1700.08
1673.114
1759.6149
1707.612
1303.2095
1350.6772
1735.5567
1665.645
1464.7498
1732.7582
1608.4565
1735.6797
1643.8811
1394.5264
1287.0506
1336.2828
1349.6039
1762.6171
1578.2454
1552.8899
1804.4302
1550.9975
1697.6836
1417.58
1538.4173
1482.6085
1390.7176
1413.3776
1448.0433
1520.2019
1652.4028
1488.9209
1673.7306
1434.3547
1526.5076
1680.7077
1622.1475
1422.4593
1592.8847
1441.1109
1545.246
1308.4756
1409.1182
1401.4226
1727.6432
1569.1476
1430.6485
1446.3693
1712.0047
1482.7855
1461.7764
1437.8575
1191.8718
1229.5056
1358.0415
1554.8122
1420.9652
1457.9881
1601.9839
1341.5974
1358.0308
1620.9403
1355.7969
1798.7489
1518.9279
1684.8337
1740.1167
1589.6538
1521.0233
1275.2121
1509.0053
1381.0449
1492.392
1656.1648
1578.8534
1507.1426
1462.426
1581.1906
1623.9115
1557.3083
1399.7189
1736.3874
1600.3573
1531.3885
1310.2498
1719.7013
1445.711
1453.8327
1761.83
1476.5355
1408.1714
1632.9194
1346.7773
1663.6443
1433.6188
1570.5371
1567.3225
1673.9923
1377.632
1672.2835
1414.2857
1509.8632
1497.2886
1721.8286
1674.5877
1859.9952
1877.2625
1773.3877
1425.8824
1629.8205
1390.1926
1738.0346
1626.9576
1764.6537
1461.603
1507.7198
1662.5953
1585.172
1547.9766
1524.5215
1419.7059
1849.0877
1550.1538
1713.5566
1592.9626
1725.6203
1770.2987
1378.2296
1555.4173
1415.6436
1521.3158
1672.1968
1549.5109
1354.7973
1636.0637
1611.4613
1651.7084
1806.9571
1738.028
1739.165
1424.5232
1585.5343
1389.5167
1440.2077
1561.931
1424.0556
1460.1798
1468.5985
1580.6232
1538.7134
1513.9133
1585.9465
1670.578
1723.6352
1529.2503
1497.8202
1543.6473
1748.1191
1813.8853
1726.3754
1600.9703
1544.8186
1520.7146
1559.6109
1435.7006
1221.4629
1353.9385
1174.2137
1227.2409
1793.034
1374.9969
1502.7909
1393.8003
1454.0379
1368.3819
1562.0338
1903.8216
1606.8185
1585.433
1641.8455
1498.2228
1339.201
1394.9353
1573.8515
1548.1541
1522.5034
1693.7787
1417.7481
1351.9106
1550.5375
1347.988
1425.8395
1539.846
1486.2867
1197.8103
1537.4033
1353.644
1707.3263
1674.9125
1583.319
1527.8226
1383.7103
1659.8179
1615.2146
1550.2472
1672.8467
1645.2549
1416.1853
1580.824
1876.3559
1527.0309
1512.8901
1666.7027
1653.8239
1620.6251
1539.3192
1789.6756
1676.439
1532.8897
1504.8042
1549.5504
1774.8293
1779.2984
1524.2022
1608.5028
1456.2256
1508.2325
1643.8006
1599.0472
1473.1691
1532.2464
1426.9361
1593.0505
1546.883
1631.2295
1578.217
1579.2336
1611.7994
1718.0992
1734.4435
1682.2234
1867.4121
1648.2704
1711.7626
1342.86
1410.6451
1533.4111
1320.7288
1446.6463
1663.3515
1599.2814
1482.1393
1464.4091
1629.761
1336.5069
1375.2735
1590.516
1713.2486
1709.2986
1277.7155
1223.278
1278.4692
1486.9931
1793.4903
1442.5237
1358.7842
1423.6017
1399.8965
1531.6508
1272.0571
1503.9529
1844.1559
1614.8118
1678.7224
1404.306
1585.5152
1189.533
1652.455
1436.9514
1548.7771
1620.4706
1741.507
1319.3759
1721.621
1633.8147
1413.94
1558.9874
1604.2703
1755.7322
1822.5305
1546.7301
1250.2636
1407.6774
1486.9763
1302.3489
1456.5239
1365.4854
1595.9678
1746.4265
1489.9385
1345.1099
1453.3607
1410.9078
1595.9288
1614.8003
1675.515
1611.5039
1262.6477
1575.9585
1532.7636
1471.2929
1457.4174
1456.5055
1374.6097
1652.7994
1281.0077
1453.3338
1495.6943
1314.3608
1712.7292
1481.2665
1575.5716
1368.7386
1670.395
1726.5535
1568.628
1508.2409
1273.0399
1499.3848
1498.4728
1603.5396
1426.6468
1212.4413
1209.5327
1469.6083
1885.3389
1718.9084
1504.101
1348.387
1350.1712
1517.4763
1458.5539
1548.466
1619.3343
1433.9811
1244.6351
1554.6921
1512.2881
1513.6977
1697.0493
1490.6725
1451.4216
1169.7247
1509.438
1354.6172
1557.1836
1331.6866
1453.3021
1636.1327
1749.9227
1486.2714
1521.085
1472.5483
1513.2523
1754.2903
1591.3895
1648.2976
1381.0629
1299.4424
1437.247
1710.4069
1793.4514
1426.4622
1313.6321
1491.4682
1588.053
1451.7101
1618.7369
1597.3776
1799.1997
1280.7749
1362.8077
1436.8076
1587.6089
1668.6603
1638.2843
1569.6554
1576.4318
1523.1377
1413.7437
1653.794
1564.2388
1577.6868
1270.4545
1531.1148
1462.4128
1504.895
1480.684
1442.064
1536.322
1471.957
1658.183
1698.8457
1568.891
1508.2769
1438.648
1640.6834
1613.1859
1754.9172
1656.023
1652.1399
1817.386
1537.3573
1512.3516
1655.125
1547.631
1606.3292
1463.0041
1621.7061
1569.2454
1860.9062
1454.1274
1274.7081
1162.938
1617.2765
1519.6841
1447.6097
1741.0472
1746.2744
1455.07
1219.035
1322.4655
1427.4939
1643.0062
1489.9374
1380.6807
1616.6541
1307.4536
1641.4657
1175.7475
1354.2379
1520.8814
1409.13
1495.6646
1684.8471
1297.5519
1507.2281
1587.8332
1498.8462
1443.7152
1425.1994
1743.8078
1544.4002
1707.4055
1397.0123
1546.0945
1416.4893
1725.7921
1550.1032
1480.8533
1510.2258
1434.6344
1252.1227
1402.304
1546.8281
1360.2067
1548.8669
1356.8654
1622.4328
1343.2101
1395.1339
1659.7031
1452.7211
1465.4987
1614.165
1397.1074
1340.1665
1582.9778
1650.6333
1524.5498
1334.745
1386.349
1376.5279
1529.4566
1563.1404
1166.9484
1331.8033
1668.3336
1539.5854
1436.2076
1251.1297
1601.1794
1673.3228
1572.3742
1513.936
1230.2925
1494.3362
1617.1076
1592.2474
1660.0524
1396.5802
1377.8185
1500.2609
1591.198
1433.0552
1526.0796
1496.2034
1459.8081
1465.0184
1317.5169
1477.1894
1620.0053
1599.179
1274.7258
1475.2468
1172.9343
1220.3223
1491.1238
1602.3379
1466.5456
1365.0941
1543.0114
1601.1586
1367.4685
1625.9398
1576.9809
1590.9217
1670.0988
1733.7115
1417.8192
1381.1378
1618.9841
1844.0313
1605.9074
1480.5401
1653.4108
1588.3367
1485.4433
1725.9635
1551.4989
1823.5506
1717.2647
1433.7905
1342.3765
1333.8232
1679.9402
1196.3592
1586.198
1761.0443
1512.3991
1681.761
1703.2121
1664.307
1679.5469
1441.4605
1471.598
1462.669
1558.3936
1289.465
1439.3644
1545.4586
1585.8497
1587.4872
1542.4359
1720.6058
1231.4954
1439.9013
1666.338
1528.6403
1540.9928
1240.0124
1730.902
1573.1448
1759.9714
1673.3128
1564.9194
1527.4621
1379.9242
1870.6533
1351.6098
1439.3853
1601.1281
1393.6737
1483.0797
1558.0204
1430.8884
1568.1737
1675.5316
1316.1568
1451.1213
1704.6523
1435.0847
1277.2756
1460.0002
1543.1437
1576.0165
1510.8969
1400.7859
1664.4967
1361.9855
1478.5863
1418.1379
1396.9293
1510.454
1484.8232
1427.0603
1536.7418
1430.537
1452.827
1491.6474
1301.0725
1613.8629
1306.2294
1622.0124
1363.5729
1449.6538
1515.5704
1518.0293
1523.0382
1723.3454
1250.2119
1361.5274
1210.6515
1582.8447
1391.3858
1361.5205
1543.806
1601.2557
1318.1251
1440.9958
1635.106
1286.0502
1575.8458
1533.3399
1585.0994
1491.12
1411.406
1248.0317
1484.4858
1352.7875
1466.3931
1451.4006
1517.1219
1564.1111
1487.1905
1429.9322
1557.5452
1564.059
1623.1764
1591.0627
1671.6262
1490.9812
1482.4642
1327.1431
1428.6949
1247.6722
1607.3489
1390.6485
1429.3327
1369.5631
1737.6985
1373.4112
1507.0457
1651.2771
1334.4835
1438.9326
1530.231
1429.311
1625.2246
1602.7443
1345.5754
1507.5774
1530.3089
1639.0226
1377.571
1305.9233
1446.4392
1588.9864
1455.1225
1577.1626
1509.514
1550.5941
1510.8073
1489.8783
1255.3088
1342.4749
1440.6621
1323.5201
1535.8191
1555.9693
1719.3654
1547.2252
1315.2717
1334.8722
1483.3869
1386.2083
1551.9444
1576.2295
1753.6041
1585.6887
1459.4132
1331.6538
1552.479
1462.4337
1316.2207
1553.7379
1387.3716
1589.5859
1518.3695
1556.509
1529.1503
1549.6469
1354.4603
1723.0832
1404.437
1507.895
1563.8952
1506.1544
1552.1236
1572.0015
1655.8743
1366.9934
1422.7664
1328.3837
1521.9313
1390.2793
1427.2917
1513.4568
1523.5848
1411.2639
1354.967
1397.8509
1289.625
1655.5973
1581.043
1386.4956
1412.1731
1640.7041
1666.8185
1487.1147
1661.8682
1742.714
1682.5105
1415.739
1443.7182
1513.3853
1563.8741
1687.4775
1646.4784
1586.2916
1538.5468
1530.3247
1823.6668
1683.9426
1549.013
1646.0815
1665.2668
1656.106
1437.2022
1647.5509
1510.3629
1588.0901
1250.1432
1328.3113
1570.8047
1614.1118
1495.0904
1599.7132
1481.5045
1472.0912
1391.0116
1489.7343
1522.4275
1319.9345
1519.8667
1315.7533
1362.3506
1317.5168
1464.8056
1458.0017
1640.3922
1350.1528
1437.0889
1598.0383
1425.6178
1619.7421
1450.755
1592.4518
1527.4685
1433.2681
1364.8019
1492.9248
1350.4676
1645.6565
1386.6995
1442.9044
1370.9504
1469.4693
1655.617
1458.5547
1675.8937
1613.9078
1528.5888
1402.9594
1622.9858
1399.9659
1523.131
1418.1092
1733.85
1537.9501
1383.2167
1324.9742
1467.2569
1415.8778
1531.3983
1355.189
1476.0527
1387.8261
1573.2032
1406.5648
1348.0076
1321.4688
1245.7337
1368.1069
1429.2737
1198.5175
1319.0988
1273.6875
1469.019
1275.4661
1455.7691
1380.6879
1370.1867
1190.9802
1445.1385
1558.8144
1260.5355
1458.4864
1427.0472
1278.1558
1294.9591
1384.2524
1443.1479
1570.2839
1500.6025
1292.3765
1439.5833
1400.845
1340.2801
1618.9394
1397.0258
1494.4514
1547.1496
1455.4409
1623.3489
1515.4334
1765.4188
1319.5934
1340.0537
1738.6202
1587.2364
1547.2138
1441.1404
1472.9103
1697.2595
1598.7969
1667.7167
1779.6781
1384.3677
1472.3738
1448.0178
1429.9417
1479.3343
1358.2138
1657.7633
1541.6232
1745.6761
1798.9502
1392.5954
1586.7911
1513.0813
1596.9073
1544.9969
1606.8643
1541.3229
1498.1479
1404.3848
1479.3967
1383.7776
1531.7129
1515.5896
1673.7381
1619.0196
1524.5454
1707.1971
1599.0791
1485.2783
1552.4624
1744.8184
1590.344
1306.7814
1506.3455
1521.7461
1608.2781
1349.5187
1406.0748
1403.1663
1473.9983
1506.6936
1498.8979
1405.7258
1552.232
1526.664
1437.6493
1550.768
1759.603
1679.1696
1465.5495
1327.3401
1562.8963
1672.7192
1665.9969
1579.7985
1321.4828
1460.665
1289.9815
1515.4933
1207.8247
1330.7285
1527.8106
1608.3731
1402.583
1634.3929
1585.2462
1580.0069
1689.4718
1567.9589
1402.0934
1592.8514
1613.3423
1420.665
1370.5585
1535.793
1550.3465
1443.9369
1577.4326
1499.6527
1326.5427
1443.5665
1634.4116
1874.3937
1721.9298
1527.2493
1260.6637
1532.0333
1444.5699
1226.3101
1434.9587
1706.6195
1395.3181
1513.6701
1340.5317
1387.168
1440.3354
1420.9207
1469.6005
1486.528
1689.7083
1614.0312
1649.3858
1700.389
1582.0159
1551.1359
1550.5517
1656.1376
1684.8607
1595.8799
1347.5409
1464.633
1623.2647
1440.2797
1695.2847
1394.8374
1399.3732
1567.4349
1401.2127
1437.8128
1735.7769
1628.2756
1815.8666
1523.736
1260.9737
1498.1163
1483.0545
1109.5546
1546.3068
1507.9969
1374.7396
1788.0958
1417.5912
1756.3623
1600.9497
1191.9863
1291.0409
1594.6413
1448.7842
1370.378
1746.887
1602.5504
1730.687
1456.5825
1275.3372
1455.4534
1510.9888
1456.3241
1473.9436
1842.7
1254.2514
1233.0655
1531.183
1482.7375
1409.3141
1459.001
1543.7888
1250.3762
1601.7221
1543.6636
1604.1966
1624.2562
1507.6423
1631.395
1462.5439
1480.6252
1917.1957
1586.0777
1351.361
1395.6024
1314.0391
1527.198
1659.8983
1753.8016
1479.4906
1532.639
1484.0858
1518.8493
1460.9606
1389.7033
1647.5028
1636.5847
1310.0139
1387.3729
1448.8092
1478.5268
1601.3537
1665.0461
1544.2046
1501.2721
1597.7898
1716.9731
1381.7755
1785.8155
1725.3693
1729.5948
1360.6487
1415.146
1537.0347
1504.8414
1425.2202
1456.1391
1667.8812
1715.8855
1712.857
1651.9049
1725.4571
1447.0359
1623.723
1534.0153
1335.5049
1480.4725
1449.6705
1690.1808
1542.1415
1549.5084
1495.9608
1498.971
1649.5552
1324.7904
1209.2445
1465.5592
1210.7238
1385.1485
1407.7761
1531.751
1734.0745
1444.76
1379.0034
1377.6059
1569.4144
1262.2482
1320.2384
1643.1982
1786.829
1678.4054
1613.2874
1596.2504
1380.097
1629.8086
1638.6504
1409.409
1516.0566
1204.2319
1672.5778
1451.6653
1576.1586
1517.3961
1410.1533
1457.8681
1453.8502
1473.5297
1415.1111
1580.9842
1502.8832
1364.4124
1833.7851
1595.2433
1462.9325
1365.9335
1204.4045
1484.3814
1792.5743
1548.504
1519.4713
1558.1796
1752.9602
1851.9598
1624.802
1434.8863
1335.8417
1259.4955
1596.1174
1428.7689
1347.9794
1548.9878
1601.2324
1604.0731
1414.9257
1321.3916
1389.8693
1274.4488
1726.989
1428.1404
1544.2529
1389.5247
1447.5577
1418.4948
1519.634
1410.6618
1380.4835
1531.5729
1699.5209
1757.9872
1553.7547
1325.1371
1409.8214
1584.6047
1315.9705
1424.307
1731.1819
1571.4363
1322.5337
1451.6771
1655.4007
1414.5726
1563.5454
1630.2812
1379.127
1375.1191
1757.5891
1527.8382
1720.4365
1561.0725
1342.874
1392.7088
1325.922
1373.8959
1458.5
1765.7547
1332.4677
1196.9149
1258.5813
1495.7389
1309.5353
1486.4733
1554.2053
1463.2882
1515.9883
1257.6589
1260.656
1255.9011
1279.0502
1404.6375
1653.0489
1402.3419
1555.5031
1321.9786
1422.6975
1608.2293
1575.0486
1550.5901
1567.4988
1251.8579
1412.4018
1491.1515
1473.8091
1423.1885
1666.3185
1446.1934
1557.7186
1365.2711
1633.3747
1700.1189
1684.8364
1678.7984
1553.8139
1721.8687
1226.8511
1424.6027
1514.2297
1508.2664
1564.3853
1623.743
1545.5198
1603.374
1865.0471
1642.2242
1695.7864
1489.1587
1784.1134
1456.5991
1445.1789
1601.4066
1707.8122
1559.5425
1382.5122
1563.8883
1479.0886
1540.7942
1504.6605
1415.3384
1463.5495
1594.9376
1418.5672
1375.318
1291.1572
1592.5414
1676.2489
1569.1162
1490.9773
1359.8319
1626.9849
1481.9022
1459.7177
1203.7311
1547.8843
1303.7669
1457.6639
1597.4346
1461.9116
1692.4056
1554.9548
1389.5249
1645.1069
1433.0329
1540.8738
1435.5216
1572.7726
1457.4575
1411.5798
1359.3067
1578.9643
1325.3573
1421.4447
1200.8372
1431.394
1274.8131
1568.415
1665.147
1399.4534
1412.9069
1385.9815
1298.5685
1315.4781
1226.7548
1438.4328
1279.0272
1334.364
1581.1849
1530.7887
1363.0649
1401.3305
1377.296
1304.6078
1350.7939
1364.9726
1484.3466
1458.8621
1573.9774
1644.4514
1208.6613
1290.2866
1223.3605
1399.8613
1431.0761
1836.0601
1594.8251
1410.4722
1405.7329
1425.4377
1231.2167
1573.3653
1400.1009
1709.2827
1596.1457
1260.2098
1210.7202
1450.4641
1367.5216
1566.2155
1395.5613
1351.1361
1540.3012
1567.4811
1570.4532
1667.5179
1724.6542
1414.7778
1485.8774
1414.4343
1295.9935
1393.9465
1330.2892
989.72667
1272.9784
1493.0117
1486.4605
1352.2597
1361.7248
1692.7365
1569.8195
1767.6981
1296.6466
1622.2365
1547.8414
1504.7762
1417.1393
1457.2102
1541.8076
1413.0013
1494.0885
1448.0005
1223.3611
1583.8198
1467.5514
1597.747
1615.0802
1578.9096
1420.8267
1479.0621
1821.1262
1546.711
1620.6199
1401.9404
1542.571
1294.8268
1179.8996
1635.4712
1306.9226
1476.9387
1557.6214
1664.2014
1745.607
1560.4827
1443.4416
1324.3922
1414.4131
1521.2727
1448.8989
1399.4062
1296.5858
1317.5828
1550.6212
1410.4738
1556.557
1665.9558
1395.6389
1403.6862
1587.2646
1821.0818
1570.1474
1663.9011
1438.1157
1387.2667
1525.5535
1776.3256
1535.7071
1475.7495
1367.5221
1399.6463
1277.4617
1317.3933
1285.1663
1399.9025
1651.7531
1284.1605
1610.6929
1481.2722
1426.9585
1497.6462
1310.7656
1537.8382
1550.9729
1436.8678
1462.0176
1684.2222
1627.1783
1492.7305
1300.7867
1650.771
1557.4526
1522.8589
1277.4363
1364.5969
1462.1847
1382.6347
1563.0265
1589.3304
1580.5374
1763.4439
1627.9911
1720.7341
1657.7122
1413.9889
1392.4092
1414.6697
1281.9995
1627.8496
1774.8989
1482.9638
1228.8575
1378.4975
1554.2222
1458.9308
1213.6791
1437.2741
1485.3843
1462.0591
1404.4801
1614.0974
1540.7083
1367.6972
1074.9436
1409.694
1098.3326
1234.7394
1277.8747
1457.566
1387.7169
1438.4529
1392.5058
1340.2541
1533.6438
1588.2674
1367.2329
1601.9087
1464.6321
1385.6377
1592.9274
1230.1224
1390.4214
1501.1371
1422.9874
1411.6062
1602.8602
1291.6823
1349.3269
1323.0186
1384.21
1417.5004
1617.8472
1454.4732
1331.8527
1219.1794
1519.6987
1380.1153
1611.5305
1448.1558
1431.5627
1254.2515
1522.4204
1643.2307
1449.725
1610.1806
1502.3822
1442.3561
1279.4178
1352.8247
1510.6619
1678.1688
1511.1656
1449.8531
1524.5926
1418.4443
1556.9349
1603.1028
1651.0225
1544.1263
1558.9689
1391.0773
1461.8256
1257.7127
1341.1189
1612.7559
1574.0054
1406.6984
1476.3929
1263.883
1403.1613
1485.4793
1556.599
1447.9526
1534.7376
1337.0771
1372.1392
1373.115
1601.9398
1505.336
1642.261
1369.9743
1384.977
1638.2365
1348.4861
1652.9914
1598.2136
1481.6214
1460.4204
1796.1723
1334.2627
1228.8079
1493.5386
1515.4752
1621.2932
1531.1406
1676.5694
1514.361
1477.6921
1302.0369
1604.7519
1823.8283
1816.2866
1592.8854
1739.0378
1441.7962
1464.0811
1358.3398
1405.8177
1551.4851
1399.8496
1543.0936
1324.2594
1404.0406
1335.2612
1536.9927
1478.215
1393.0326
1523.972
1621.6316
1440.2121
1321.5988
1488.7872
1665.2777
1307.4608
1293.2519
1509.387
1544.0344
1433.8805
1584.7478
1327.0496
1426.3576
1278.3122
1621.1848
1656.852
1435.1638
1434.2943
1352.4103
1353.7197
1634.2405
1704.054
1763.9624
1572.4957
1532.3914
1668.424
1573.1756
1460.5371
1246.1078
1364.6844
1518.793
1549.091
1449.3593
1724.0852
1421.6425
1530.0925
1639.3399
1483.5961
1663.283
1576.1386
1515.967
1763.7883
1375.862
1409.7099
1584.3385
1284.6634
1355.8151
1495.0291
1606.585
1577.1865
1525.133
1536.3935
1472.1599
1685.5009
1661.5534
1400.454
1491.2911
1576.1333
1390.6322
1667.1376
1587.4973
1671.9591
1423.026
1481.8571
1519.9599
1311.4719
1783.7455
1406.2908
1678.4756
1599.2236
1560.7734
1548.5137
1553.381
1421.3849
1547.3373
1677.7676
1607.8351
1541.2974
1463.854
1470.8318
1609.6005
1530.5664
1391.7335
1686.3787
1635.568
1672.8733
1473.7665
1149.1268
1548.9696
1466.3868
1594.2664
1394.5383
1167.1923
1580.1948
1581.8005
1806.2185
1544.7501
1601.8085
1451.6575
1286.3168
1150.7498
1433.287
1468.2376
1472.296
1500.9285
1430.2095
1633.3592
1368.1705
1476.9125
1626.3477
1725.5629
1518.1991
1439.7698
1618.9944
1229.6125
1629.1018
1547.3684
1444.7868
1471.092
1460.8706
1419.1467
1388.1392
1495.2424
1668.6831
1635.0465
1656.7222
1755.3463
1778.0269
1520.9785
1660.5683
1578.4408
1578.0529
1529.0552
1568.4096
1511.0648
1477.7685
1286.1706
1515.1683
1517.5729
1505.3729
1548.517
1523.8857
1461.9465
1085.5933
1327.1764
1501.4961
1508.3288
1511.9217
1531.1877
1657.942
1563.9948
1537.2697
1517.2476
1367.0395
1642.2569
1347.3376
1600.6658
1499.7008
1486.4882
1521.6562
1296.1554
1536.1486
1497.041
1426.2617
1426.5069
1521.7705
1438.3497
1368.8765
1595.1302
1484.8595
1617.7544
1451.6424
1406.9255
1513.043
1410.8181
1559.6917
1524.2388
1618.3628
1460.391
1537.2566
1750.7554
1395.9732
1200.6734
1262.4992
1675.9077
1497.568
1291.2016
1466.973
1525.1021
1468.732
1412.6934
1481.4092
1266.2167
1377.3029
1452.9567
1594.8245
1307.8597
1457.7535
1396.2991
1617.0306
1611.8561
1617.5439
1707.8314
1565.0459
1395.3333
1528.1034
1404.6236
1423.8132
1495.0629
1323.7415
1669.794
1760.8658
1538.5748
1607.7799
1390.317
1486.9815
1400.1043
1383.9766
1213.1661
1465.3698
1255.0991
1290.468
1364.2363
1307.6186
1596.3088
1606.4783
1763.4714
1604.7663
1643.773
1580.2135
1655.3095
1441.8769
1410.1362
1497.2422
1554.0006
1470.0881
1577.0058
1677.7185
1660.5408
1571.5922
1800.4924
1434.2783
1745.1042
1539.4327
1538.5031
1625.9801
1611.5232
1597.3747
1513.3237
1586.3987
1458.2978
1462.8033
1546.393
1362.2231
1403.7269
1590.3227
1527.8186
1616.7349
1556.0403
1413.5494
1623.7477
1452.6009
1491.3374
1546.413
1544.226
1692.5602
1633.777
1694.3232
1471.7299
1500.1327
1730.2448
1606.6197
1440.1359
1462.3656
1579.5159
1331.1975
1366.2873
1605.2098
1362.2895
1474.6568
1566.7914
1699.9611
1583.9154
1846.7996
1722.705
1719.9582
1464.3684
1536.2284
1422.1679
1636.5
1602.9881
1515.7179
1612.7448
1700.3733
1525.4341
1274.9981
1379.1437
1222.1633
1652.0819
1648.8875
1522.2114
1429.7975
1600.6351
1395.5392
1588.7194
1641.287
1609.836
1457.0846
1428.6724
1358.3329
1770.0809
1517.5199
1541.2075
1452.6104
1487.6675
1324.3521
1641.3635
1603.6509
1591.3875
1546.729
1610.2536
1739.4323
1679.6419
1522.3884
1723.783
1773.0396
1607.4515
1539.781
1404.1543
1602.2938
1372.3339
1514.908
1315.5239
1660.0944
1511.1123
1698.887
1533.3701
1511.3045
1657.0494
1620.9347
1608.5008
1472.6328
1317.3037
1659.3812
1618.8579
1340.613
1313.0306
1472.6249
1416.3297
1681.9232
1684.5505
1211.7473
1456.0019
1431.0139
1511.0125
1410.3278
1483.1351
1822.6256
1577.1292
1698.7215
1571.0367
1527.8759
1468.8276
1635.7714
1704.3852
1589.4281
1696.6314
1535.4155
1565.7241
1488.0003
1503.2753
1275.7809
1265.8188
1592.4478
1655.877
1636.538
1773.066
1325.8488
1618.8246
1511.3764
1456.53
1453.1616
1408.2949
1311.5003
1372.8919
1398.5322
1531.7315
1490.1743
1340.6547
1506.8034
1552.8666
1362.6188
1622.1566
1628.0995
1508.4668
1620.4989
1681.7413
1610.8413
1355.6409
1412.1552
1413.2737
1238.6232
1187.0789
1383.05
1157.883
1360.7502
1477.6832
1397.9903
1758.1308
1647.5183
1559.4743
1635.7659
1435.7548
1680.5224
1235.858
1350.0895
1461.1665
1607.9884
1431.8385
1616.6027
1384.3464
1354.823
1416.0764
1636.0281
1659.9601
1416.5538
1625.3585
1493.3716
1295.5114
1509.1995
1719.1336
1549.5594
1597.836
1572.8708
1745.1566
1484.5877
1529.7974
1521.8006
1507.9959
1540.4595
1651.0832
1574.9227
1472.139
1358.8926
1406.3342
1763.7003
1720.9444
1533.0792
1509.3759
1839.0461
1604.3207
1615.6208
1367.4062
1705.8111
1435.8206
1491.5588
1628.7927
1603.9908
1700.0658
1605.9483
1409.9337
1571.2952
1430.2478
1603.171
1594.4922
1479.4424
1422.2416
1311.789
1171.6102
1445.735
1443.3052
1555.3432
1643.3955
1455.216
1590.4945
1577.7586
1675.8831
1734.0424
1382.9541
1433.1299
1652.1364
1843.251
1804.6301
1469.326
1583.2051
1413.8181
1426.7635
1427.8493
1671.9044
1580.8265
1579.5073
1510.5093
1273.6399
1512.3969
1819.4796
1649.2151
1438.5322
1555.7635
1384.6861
1610.6538
1874.6109
1566.6431
1411.2338
1411.2772
1371.5002
1485.5396
1571.9837
1587.5085
1711.2599
1729.981
1452.675
1585.4646
1368.5766
1280.4193
1320.7862
1307.7919
1621.8604
1591.7409
1677.453
1645.1879
1285.6423
1404.8759
1569.2966
1721.3727
1700.788
1741.5281
1330.7862
1483.5622
1305.6636
1494.9702
1480.9993
1546.7988
1465.4651
1696.0517
1454.1729
1508.9323
1507.8294
1445.0826
1507.5028
1390.3168
1534.3914
1733.9502
1645.675
1426.8082
1758.5374
1392.3543
1452.1311
1411.3631
1345.4365
1344.5458
1414.1424
1585.7127
1810.8532
1626.1022
1379.4083
1632.2177
1791.053
1667.1197
1386.9976
1601.0873
1678.2336
1464.2631
1663.9852
1301.0937
1381.588
1662.0174
1397.5083
1494.138
1489.957
1789.3072
1446.8578
1550.7009
1569.9552
1436.5337
1383.6293
1484.615
1659.4847
1717.8757
1667.7743
1453.8059
1598.1241
1704.5098
1587.1716
1537.0747
1493.7624
1470.8732
1392.1218
1425.6365
1529.0279
1412.9308
1580.8294
1489.4509
1443.3465
1644.5325
1396.1819
1473.706
1617.2345
1527.9339
1744.4093
1586.4041
1815.6508
1448.8434
1610.5605
1330.8181
1365.0015
1545.4559
1615.9255
1692.1507
1498.4013
1352.1494
1529.5939
1679.024
1735.7841
1734.5822
1708.6571
1497.8154
1481.6858
1462.9964
1216.1239
1265.2956
1457.3679
1412.6198
1330.4664
1449.6102
1242.5159
1556.0528
1563.159
1345.2323
1571.9444
1323.9646
1273.1691
1421.4471
1494.2739
1540.0664
1422.8048
1327.2594
1525.6281
1528.3005
1829.7937
1545.8153
1809.2513
1466.7911
1531.7396
1392.4569
1323.9042
1700.3891
1445.2266
1436.0791
1427.847
1433.8884
1580.761
1516.343
1367.3282
1633.498
1214.345
1608.5124
1413.2124
1360.7462
1285.8746
1457.3598
1265.8325
1333.7804
1491.5426
1647.925
1716.2007
1624.9229
1478.1989
1580.066
1393.7324
1346.0894
1438.3616
1288.3164
1346.4914
1513.7591
1562.5035
1752.4244
1611.6655
1537.0655
1525.7286
1396.2631
1548.1851
1631.7089
1455.065
1439.8319
1703.3586
1395.3921
1612.2726
1578.161
1622.7426
1524.8101
1481.884
1489.0509
1699.1518
1652.0424
1579.9814
1529.3743
1697.9917
1430.0423
1543.1869
1624.6898
1490.5812
1499.7566
1418.7563
1556.566
1636.5076
1457.6098
1560.168
1425.639
1324.9961
1526.3484
1544.7553
1513.276
1581.7401
1560.3668
1396.5822
1489.731
1548.5643
1662.6667
1968.3067
1586.2068
1479.5841
1362.2913
1613.3112
1631.7221
1710.5474
1712.4063
1642.0356
1488.8067
1637.89
1540.6224
1766.576
1582.2833
1366.6634
1544.9415
1444.5404
1715.2987
1410.7578
1494.2587
1486.5873
1617.399
1707.4193
1414.6455
1479.1761
1319.7346
1387.3569
1742.6251
1388.6449
1442.5384
1366.3246
1577.722
1610.9688
1594.6861
1297.3781
1580.728
1618.407
1451.5291
1460.5687
1543.9369
1402.5717
1567.932
1434.4918
1500.799
1199.6231
1606.2445
1489.0127
1563.8392
1510.6769
1551.2471
1623.2798
1473.5236
1528.7257
1496.288
1556.1279
1420.7574
1614.1248
1361.2225
1609.0996
1325.3895
1474.4238
1692.4205
1583.1088
1595.164
1534.3365
1388.7771
1480.6229
1721.7488
1514.1394
1390.3601
1606.2124
1200.6606
1458.2883
1674.3484
1600.7769
1457.5102
1791.4407
1549.7633
1411.9826
1436.1701
1641.8654
1478.7879
1472.5069
1562.8325
1765.4986
1663.684
1662.2789
1366.9728
1371.0064
1615.7965
1840.8959
1527.5273
1669.3182
1346.7782
1477.5698
1385.6289
1572.0638
1597.5923
1637.1189
1664.5691
1571.1867
1511.593
1473.0489
1788.2344
1556.9234
1504.849
1515.3576
1332.0248
1515.8798
1386.8341
1347.7308
1438.7709
1749.0483
1519.749
1441.5363
1310.8457
1421.8134
1333.3905
1607.5503
1859.5586
1846.1143
1495.2055
1409.4035
1305.5558
1499.2935
1607.1735
1392.371
1465.6682
1433.3697
1367.8844
1509.8982
1714.5491
1443.4956
1916.1826
1418.1326
1477.2794
1371.8255
1759.2741
1710.4729
1680.9085
1555.455
1488.6241
1468.3696
1611.7943
1672.6645
1316.6017
1592.0443
1559.2261
1333.3383
1408.6298
1710.2387
1461.5639
1383.1023
1469.2054
1483.6997
1390.8427
1483.6551
1568.0172
1423.9505
1737.251
1634.3425
1668.1869
1597.7872
1611.9822
1408.7875
1470.424
1461.3079
1184.9714
1493.2777
1706.176
1684.8183
1656.1558
1436.0462
1570.0825
1577.1393
1736.3522
1752.3135
1770.2589
1718.4794
1470.4238
1462.7477
1613.9482
1458.4169
1493.6065
1696.5512
1425.5428
1535.7819
1567.6545
1507.0953
1496.1139
1566.4843
1384.7463
1501.2474
1699.7223
1701.4509
1630.6024
1606.093
1458.8498
1393.9515
1595.9809
1527.9592
1509.7622
1721.9655
1185.3103
1668.0105
1193.065
1551.9013
1675.3702
1381.8598
1392.9673
1243.5183
1370.0382
1345.5853
1389.0166
1387.2045
1471.308
1651.7327
1582.2406
1628.9131
1427.168
1147.3897
1480.6807
1333.9873
1452.1282
1433.3564
1545.9245
1410.5758
1502.4892
1643.2802
1628.3308
1656.3597
1711.3487
1561.6848
1456.5748
1460.3166
1483.058
1410.9614
1300.221
1517.7968
1791.7684
1549.6723
1608.6487
1293.1641
1830.3261
1705.238
1895.5961
1733.9656
1677.0541
1450.2642
1363.5443
1406.4184
1582.8764
1575.0744
1629.0119
1433.2189
1710.2417
1937.7638
1742.3907
1633.5062
1431.2525
1491.9901
1260.0728
1517.4087
1609.501
1564.9222
1560.533
1447.3783
1535.9393
1321.5857
1446.2245
1323.6167
1522.5021
1508.7328
1892.5255
1636.8379
1447.8788
1400.884
1500.2743
1628.2504
1612.4437
1596.4382
1434.918
1467.6366
1037.3613
1380.9203
1493.133
1681.0498
1594.7172
1332.6169
1362.4203
1449.3831
1331.1149
1454.8552
1759.0852
1480.8063
1335.6733
1720.6256
1635.8545
1495.5288
1532.8792
1580.6638
1518.7158
1792.7776
1269.7872
1607.3574
1396.7305
1410.1223
1655.8185
1677.9398
1578.8295
1566.6355
1688.1859
1290.9585
1356.1489
1513.9298
1742.2741
1436.3453
1649.1612
1761.0269
1487.4942
1608.5094
1612.86
1625.6686
1496.948
1284.0977
1463.4921
1498.5255
1553.1508
1554.9576
1551.7506
1366.3723
1494.1983
1686.4494
1516.5217
1551.4323
1810.223
1568.1081
1663.0362
1491.9586
1167.9161
1399.0918
1488.5861
1494.3956
1950.2766
1820.8631
1442.7036
1572.3411
1308.6208
1408.1664
1436.1696
1571.9566
1575.5695
1541.1909
1421.5158
1475.6988
1424.076
1591.1464
1366.9687
1675.4064
1684.9671
1417.3016
1495.8952
1676.7165
1475.3716
1423.0698
1711.2292
1494.1794
1924.6279
1626.2248
1534.8383
1502.6306
1768.0924
1618.9047
1523.0441
1430.3338
1611.9501
1339.0468
1492.0176
1359.0781
1446.9409
1360.696
1669.5759
1649.1958
1653.1085
1641.7087
1512.9951
1502.801
1474.2686
1372.7736
1340.6906
1627.5364
1588.6446
1492.494
1782.9458
1754.7945
1538.311
1346.6782
1449.9802
1679.1089
1587.0851
1443.6301
1266.5519
1516.4099
1336.6033
1499.1033
1469.948
1629.4935
1548.1425
1354.6665
1447.7034
1149.9141
1564.6194
1650.2143
1586.3649
1571.0897
1585.1163
1398.4596
1350.7756
1637.8379
1527.6468
1466.7138
1675.0895
1794.2932
1838.8285
1554.4737
1513.5873
1481.5189
1379.4983
1451.4442
1459.5385
1340.8295
1556.8504
1762.5056
1469.2748
1247.4478
1389.619
1404.6387
1534.8128
1282.0507
1457.4015
1634.6656
1390.9262
1624.2458
1871.5987
1512.3679
1661.2599
1631.257
1416.8195
1715.3436
1645.1674
1669.9785
1537.0335
1561.8948
1529.3582
1744.4161
1384.8673
1581.8229
1469.2763
1686.6051
1477.8876
1667.7769
1521.1655
1630.7494
1662.5595
1484.8298
1710.9409
1704.7627
1703.6406
1322.4066
1522.4583
1432.2427
1538.6457
1753.1034
1554.2017
1762.7988
1394.5651
1710.7445
1767.0789
1267.4733
1626.2849
1723.5658
1709.4517
1412.5164
1438.9914
1534.5324
1426.3513
1572.5773
1521.2068
1185.7334
1380.8162
1619.6231
1298.2984
1526.51
1326.2057
1354.1498
1392.3873
1740.5638
1444.9878
1525.2436
1789.1971
1465.2578
1639.1087
1488.1611
1752.8237
1819.4328
1726.4844
1475.1469
1401.8152
1303.7532
1467.435
1401.5484
1453.607
1465.2922
1582.5481
1542.1836
1666.2334
1435.5421
1467.1654
1385.0668
1435.7445
1588.8057
1587.8044
1599.9928
1514.8953
1168.8054
1485.6556
1375.9003
1430.7795
1464.2468
1678.9636
1444.0881
1545.444
1406.7236
1440.9807
1482.7767
1473.0432
1526.196
1518.7486
1509.4636
1697.2801
1377.1844
1169.9987
970.17309
1534.7303
1295.3739
1709.4446
1571.3892
1638.6332
1420.6854
1750.5008
1616.7627
1710.9503
1289.6239
1346.2141
1464.6026
1531.8725
1508.4622
1440.8794
1677.068
1400.4995
1157.6768
1542.8021
1413.7979
1304.8174
1712.3768
1489.7763
1379.5534
1418.526
1676.5085
1873.0159
1680.2911
1316.3476
1477.6401
1553.0975
1411.8193
1604.9898
1376.1764
1512.5169
1414.5544
1550.4872
1616.8366
1680.8539
1552.414
1618.9579
1684.8995
1690.7686
1599.4299
1490.6129
1687.1238
1588.4244
1690.5293
1521.1199
1639.2148
1270.2013
1320.2128
1445.9986
1531.9533
1342.3789
1613.973
1575.4233
1400.3581
1444.6222
1521.131
1446.288
1369.655
1651.2591
1538.6426
1252.5721
1504.8761
1710.9959
1589.3312
1504.4489
1557.0287
1758.041
1299.7965
1515.1097
1563.7171
1713.8283
1621.3602
1513.2721
1550.8543
1703.9864
1525.5849
1673.3705
1459.2143
2036.8137
1700.6735
1635.1237
1339.1546
1533.9924
1658.1163
1629.9957
1452.6769
1535.6422
1528.1799
1449.47
1395.6436
1525.3964
1418.5145
1486.6368
1652.6604
1569.3292
1637.7251
1515.3245
1535.2498
1657.1647
1509.3591
1367.8616
1440.7932
1473.2522
1540.8055
1382.3828
1404.678
1365.9952
1378.3563
1684.7938
1346.6989
1542.8905
1592.8769
1541.1282
1289.4051
1231.5414
1485.1358
1495.4505
1390.5308
1333.1057
1636.1479
1420.2569
1533.7808
1541.9594
1457.2402
1555.6746
1550.3675
1443.8055
1401.4134
1503.7834
1492.1314
1515.3353
1680.2723
1514.6751
1631.226
1773.8044
1394.1147
1694.8082
1468.7595
1625.3981
1504.2962
1374.2539
1362.8163
1783.9749
1198.8095
1089.9559
1330.2588
1530.2294
1469.1161
1283.9971
1376.4971
1390.6594
1351.6621
1391.8535
1549.9129
1600.8832
1435.8482
1475.6714
1729.216
1733.5147
1692.8718
1503.5032
1570.5543
1615.013
1513.8906
1389.7303
1313.1169
1545.7131
1724.5937
1445.7549
1754.7614
1617.9309
1252.8027
1299.923
1272.9068
1398.9397
1418.9265
1553.7384
1622.0149
1392.6325
1388.1817
1207.0872
1174.6401
1194.6807
1536.6277
1640.3963
1614.3613
1383.926
1568.7516
1500.2185
1416.5233
1375.2494
1480.8779
1634.1516
1606.0137
1603.6816
1428.3029
1500.8343
1194.869
1364.0073
1438.448
1432.7685
1574.0305
1668.4242
1776.4122
1563.9233
1453.9318
1508.8865
1515.6762
1727.7953
1290.2928
1438.7196
1192.2849
1326.9107
1466.7868
1516.7385
1470.1931
1684.8682
1440.0007
1557.6498
1654.0847
1431.6951
1403.6975
1501.6354
1443.5122
1516.0663
1257.6893
1291.6349
1400.9258
1640.882
1594.9747
1419.7463
1334.1166
1589.2421
1348.4008
1602.6746
1514.413
1567.884
1591.0341
1440.2365
1273.5083
1332.468
1498.8189
1391.575
1354.5442
1578.1223
1473.2766
1394.0826
1800.7424
1553.4905
1699.6056
1491.733
1535.4701
1468.3597
1466.5244
1638.242
1504.403
1733.6275
1532.426
1466.6082
1562.2004
1414.214
1491.3698
1571.9603
1786.1339
1710.5867
1588.5435
1345.3103
1458.5616
1248.0489
1303.7203
1389.5899
1490.0893
1471.2188
1690.2959
1461.4858
1450.4359
1683.3425
1568.4796
1377.7211
1488.0863
1387.7243
1657.1523
1491.0617
1592.3606
1674.6297
1348.8881
1208.0623
1339.9478
1390.624
1690.1955
1392.0488
1765.7377
1675.919
1209.1988
1373.8561
1358.815
1633.3916
1461.365
1574.243
1416.5819
1222.0129
1457.1241
1623.5455
1602.46
1628.008
1635.4223
1648.8939
1678.287
1607.4963
1546.9505
1366.2748
1432.4335
1441.3837
1405.0241
1539.0572
1513.4047
1353.5856
1316.7705
1437.5305
1394.9593
1681.7919
1138.6456
1230.5645
1122.5091
1577.1589
1577.1618
1559.9343
1508.5708
1347.1523
1550.1702
1596.5727
1919.0185
1548.4486
1675.0802
1610.9588
1470.7456
1357.6386
1388.4015
1424.7771
1630.7424
1739.7561
1456.989
1597.5167
1553.3018
1498.4748
1532.2141
1515.1721
1910.7729
1501.8944
1937.0607
1760.3196
1742.3438
1615.0877
1764.024
1457.7486
1567.7125
1508.4984
1759.0191
1476.324
1572.6388
1487.187
1537.6704
1580.75
1407.0624
1448.1349
1750.4325
1654.9554
1455.7147
1416.4321
1457.9144
1716.3296
1578.8395
1647.8036
1601.0488
1703.62
1693.4572
1396.7138
1807.5308
1714.4737
1792.4578
1761.9956
1622.1973
1678.9078
1396.697
1586.5967
1495.4971
1473.966
1449.4605
1799.9117
1758.8865
1614.2119
1619.7835
1519.0702
1380.3648
1105.7177
1447.2518
1469.4112
1461.6335
1547.7821
1578.0225
1403.9623
1577.2772
1465.4065
1748.9886
1445.8328
1586.802
1498.0982
1643.9625
1578.84
1517.4648
1687.3957
1893.9308
1432.8772
1377.1814
1729.2674
1626.9373
1389.2287
1659.7407
1394.3075
1847.3555
1505.656
1718.3908
1583.1786
1739.2286
1675.4779
1679.1249
1699.5619
1543.299
1467.5635
1428.0953
1796.4563
1579.746
1405.2131
1450.1911
1514.5815
1457.752
1779.8041
1604.7039
1520.2137
1505.5294
1497.2208
1270.833
1605.766
1466.9913
1623.9856
1476.2427
1385.5104
1700.9212
1518.2182
1524.9383
1531.1916
1754.5334
1479.3873
1565.042
1718.2843
1426.0364
1354.2595
1804.5471
1780.0347
1357.8097
1565.8601
1432.76
1519.7901
1287.5987
1649.1514
1458.9453
1529.945
1425.8915
1454.9933
1597.8219
1492.2123
1724.005
1549.4241
1413.5906
1573.5719
1473.6817
1490.6469
1719.2637
1594.5549
1549.4454
1528.6901
1434.4358
1619.5624
1636.4266
1694.3193
1581.0774
1626.0049
1401.6747
1324.4272
1561.0783
1610.5959
1510.379
1555.0282
1605.2127
1504.1471
1308.5093
1336.2621
1446.3942
1562.9675
1629.5266
1400.8619
1706.5217
1332.0128
1482.4492
1614.4006
1713.1972
1484.5446
1685.842
1621.4167
1574.6404
1556.334
1494.1756
1749.0281
1734.7772
1349.2819
1373.573
1438.4431
1733.2755
1471.7221
1588.6098
1728.1786
1469.3842
1493.5082
1495.355
1490.5318
1607.4901
1338.9299
1346.0175
1573.6269
1637.5225
1721.7885
1707.2456
1630.966
1497.1135
1450.5258
1637.7197
1614.5015
1337.2104
1642.0132
1419.7348
1523.0195
1492.4733
1750.9145
1655.3321
1730.5247
1738.2478
1403.0323
1606.4565
1578.4656
1472.0699
1568.868
1512.0661
1391.0376
1626.9927
1391.3954
1338.1969
1461.9362
1566.8438
1485.4704
1839.9324
1746.1498
1754.2732
1350.0554
1486.9794
1414.3698
1518.3188
1428.1808
1512.8138
1521.6109
1859.3633
1401.4255
1765.6707
1516.6849
1757.5041
1700.7549
1502.134
1696.9396
1607.6158
1443.8425
1257.9303
1410.3753
1671.0554
1539.3015
1526.6306
1711.9768
1294.7344
1572.2347
1486.7308
1243.6344
1447.9487
1605.0651
1466.9296
1580.4161
1436.8084
1419.9301
1332.4554
1313.3246
1652.2297
1409.2365
1549.3339
1469.922
1611.3693
1460.9824
1667.1606
1699.3801
1302.7257
1438.6344
1542.4852
1529.9978
1481.6192
1493.6054
1711.0344
1592.0006
1471.5998
1620.8918
1463.1631
1532.1595
1445.4905
1494.4705
1634.2993
1474.3509
1413.3929
1333.9205
1468.2183
1579.5521
1497.5328
1605.5837
1754.815
1583.3687
1559.1817
1605.9724
1746.7891
1743.3204
1805.4
1726.1131
1416.7655
1258.3941
1641.8256
1721.4984
1640.8342
1740.2635
1664.2087
1536.3041
1502.6281
1538.8606
1340.107
1221.7662
1552.6284
1400.3475
1356.0661
1659.4083
1576.0555
1450.0005
1636.3589
1701.3422
1583.7131
1689.4038
1484.2099
1324.0496
1574.1688
1511.9457
1525.5378
1473.3829
1486.7911
1755.8608
1613.07
1697.5635
1599.5744
1605.3673
1858.2057
1618.4672
1432.4067
1610.462
1445.6216
1604.65
1588.4749
1809.2953
1560.8607
1404.4777
1602.4667
1437.537
1533.7019
1614.711
1736.9047
1729.1421
1790.6988
1633.3639
1275.7189
1492.7
1655.4073
1680.3965
1508.6865
1713.5627
1738.3757
1528.8842
1258.4458
1611.1655
1507.5978
1522.2104
1667.3753
1411.3914
1505.2317
1480.0348
1549.8283
1383.9707
1616.7601
1601.5059
1759.1899
1519.0536
1517.0642
1342.5399
1380.7475
1731.9334
1644.124
1790.1479
1628.1728
1598.6547
1422.9388
1660.8892
1543.4051
1585.161
1623.284
1556.1848
1478.777
1641.163
1528.823
1426.1947
1637.7099
1584.5576
1374.0158
1521.4415
1542.1059
1564.457
1399.1711
1501.6933
1421.4497
1445.7361
1660.4934
1634.7301
1287.9916
1442.6762
1492.8435
1374.5155
1585.502
1448.5906
1495.564
1579.2391
1364.0537
1493.8054
1444.6139
1673.8039
1620.0696
1544.9985
1869.3475
1558.0706
1596.1846
1677.0021
1500.7032
1508.5551
1515.72
1669.6141
1274.1971
1540.735
1420.725
1625.8598
1430.1238
1440.3124
1805.848
1696.5544
1661.8576
1621.2589
1569.237
1791.6114
1509.169
1756.1681
1821.3593
1477.824
1763.9201
1645.3176
1667.7309
1794.8304
1558.0488
1758.7195
1663.9686
1577.6607
1474.6915
1623.977
1624.7781
1784.2594
1705.1262
1596.9812
1562.0003
1391.2858
1550.9841
1413.6153
1641.1798
1789.8375
1751.7563
1699.0209
1674.1764
1624.4245
1471.722
1577.1846
1523.7959
1473.6257
1529.9098
1615.965
1582.1979
1461.8678
1445.0169
1612.1518
1610.2621
1400.3124
1353.2222
1634.455
1756.7656
1443.7763
1703.8911
1492.0049
1435.6354
1510.144
1593.0757
1249.1747
1366.8636
1599.7277
1585.1424
1668.9997
1716.5325
1662.2258
1723.7408
1691.7101
1788.5308
1760.269
1600.1231
1557.6082
1540.9186
1572.9989
1546.9553
1482.0072
1442.3468
1480.3031
1721.9207
1644.5283
1768.7631
1772.712
1348.0678
1886.5031
1630.1073
1521.1917
1433.377
1480.9555
1374.5564
1198.826
1464.1644
1437.8536
1573.102
1529.3896
1509.8598
1184.2381
1620.5282
1262.763
1350.637
1393.0485
1681.004
1557.1962
1554.8803
1265.3008
1361.9706
1520.3903
1285.5278
1430.7437
1375.6833
1626.3924
1250.8651
1178.2274
1318.871
1408.1127
1047.587
1331.1412
1618.1515
1383.4887
1586.3685
1360.165
1476.7037
1670.3365
1563.3183
1466.3645
1527.5944
1612.3773
1527.02
1822.0293
1555.4604
1608.473
1707.3568
1612.6467
1650.2306
1427.7676
1500.1597
1396.1778
1435.3986
1432.6245
1298.2416
1394.1272
1577.0958
1403.7307
1595.5633
1547.5246
1480.0047
1385.6839
1331.417
1634.4678
1401.2482
1536.0432
1389.1822
1428.4433
1534.5605
1584.7867
1479.966
1357.9386
1102.4574
1355.951
1437.9289
1646.0446
1583.7859
1450.6749
1495.7081
1496.9696
1411.3272
1698.666
1669.3665
1475.6825
1692.7981
1614.4843
1316.0415
1489.4965
1442.9104
1478.0469
1436.4554
1797.3597
1599.6176
1591.5946
1371.6215
1378.5962
1383.0317
1496.1774
1544.0922
1526.9649
1459.9793
1471.078
1622.4011
1535.4139
1350.889
1746.7042
1599.3045
1635.4463
1688.6321
1567.1479
1413.0046
1572.922
1401.069
1653.1717
1635.8068
1816.9814
1448.9013
1330.8721
1631.9591
1261.7806
1438.8968
1489.1092
1430.743
1578.8892
1548.237
1372.2856
1460.2879
1719.6779
1566.6538
1471.9287
1477.7954
1496.9354
1667.0613
1625.698
1503.8716
1493.9507
1753.7904
1460.1586
1764.1323
1691.0646
1729.0459
1536.4829
1335.6566
1577.959
1236.3152
1368.9925
1317.1791
1260.0585
1557.7934
1442.0817
1462.7201
1311.0279
1593.9978
1566.5425
1654.5037
1571.8184
1459.8969
1706.3327
1584.0401
1661.8207
1685.3903
1415.9652
1699.9979
1417.5703
1586.3147
1468.3672
1726.3256
1853.768
1165.3577
1421.5582
1498.4726
1485.0351
1529.4018
1637.0102
1476.8113
1691.1171
1408.8083
1326.4961
1827.7811
1730.1289
1788.2768
1585.5999
1774.9582
1348.9433
1202.1905
1333.0459
1548.8535
1695.681
1630.6814
1684.5076
1496.2483
1493.6611
1394.4874
1617.4916
1743.2022
1372.5044
1752.3334
1494.6031
1451.8966
1820.8989
1425.3468
1536.2555
1518.5525
1468.5089
1420.7248
1483.3522
1710.1066
1507.9724
1497.4233
1423.2241
1503.7602
1174.6736
1432.089
1687.3499
1447.9649
1479.1511
1295.2678
1470.3408
1945.8238
1623.7785
1548.78
1514.2327
1685.3419
1544.9269
1646.2245
1714.6214
1667.9663
1592.4135
1608.8531
1556.2951
1452.7507
1286.9057
1732.2819
1861.8426
1468.4453
1642.9327
1437.2679
1462.6122
1541.8886
1846.7947
1995.4648
1646.418
1734.4214
1732.3262
1347.4919
1246.4275
1615.9597
1695.2414
1419.9186
1661.7111
1446.0251
1465.3946
1576.9664
1599.4163
1595.6099
1687.348
1578.3462
1705.1984
1576.4992
1359.3845
1594.081
1352.6202
1595.9857
1644.1139
1393.7169
1554.1215
1690.2663
1555.9718
1468.5935
1389.9373
1459.4003
1718.4469
1403.1103
1527.3246
1440.0496
1462.7586
1320.9182
1416.4831
1561.169
1152.4827
1281.5528
1350.6156
1437.0992
1270.084
1106.6422
1447.5148
1508.8571
1373.0954
1389.3482
1395.3842
1447.801
1391.7738
1346.2443
1184.5358
1222.7625
1041.8494
1377.5044
1432.6397
1333.942
1278.4985
1503.8273
1293.171
1328.2502
1127.7914
1312.5503
1476.6899
1564.6574
1721.3806
1563.7967
1758.4324
1279.5848
1564.5484
1738.2039
1553.0978
1713.3633
1371.6552
1476.8965
1623.9669
1491.806
1258.0731
1563.4105
1474.5782
1765.274
1600.7934
1367.5439
1577.4576
1276.142
1306.0662
1349.3996
1483.9017
1813.1001
1729.2221
1622.5016
1500.0366
1689.7106
1677.2601
1630.2789
1675.4632
1363.024
1505.2022
1605.3128
1699.046
1499.6077
1381.1671
1481.4374
1646.6379
1384.6133
1444.5939
1495.1686
1482.7717
1536.928
1609.859
1633.6862
1440.2869
1855.6951
1523.3841
1535.5232
1541.6826
1768.3824
1795.6383
1441.5987
1537.5381
1348.0457
1504.5333
1469.0702
1739.6912
1629.8834
1720.3606
1626.5568
1559.9464
1639.557
1965.987
1407.7556
1284.5862
1091.7013
1368.4689
1742.6107
1552.9193
1371.4208
1422.8511
1644.8644
1651.9031
1620.0034
1517.0892
1562.5243
1869.0435
1389.4929
1492.7294
1538.1554
1548.2829
1553.7635
1465.1209
1556.9028
1453.6004
1964.3249
1652.4121
1528.522
1585.0311
1614.8364
1581.1831
1853.9906
1571.1643
1600.0017
1725.7135
1661.1383
1585.6575
1569.6862
1686.6757
1636.8727
1677.2309
1616.6858
1536.46
1377.583
1654.6962
1446.588
1527.7174
1563.886
1648.3206
1605.3674
1626.7326
1555.7944
1572.5467
1587.3733
1341.8056
1494.122
1493.864
1375.9746
1797.5329
1579.9427
1456.3599
1536.2586
1523.1568
1612.9978
1516.522
1684.0513
1688.848
1674.2346
1506.2276
1278.9023
1654.3659
1521.4487
1744.6845
1506.4129
1779.808
1629.5986
1475.1419
1235.9091
1256.7771
1634.2307
1677.2493
1839.6331
1854.2726
1660.8804
1508.5238
1141.6004
1537.9587
1661.2037
1608.6542
1586.2054
1695.5483
1524.6116
1421.4499
1579.8859
1422.8056
1537.7427
1834.4298
1616.6152
1660.0149
1419.7985
1495.8383
1635.7733
1455.03
1384.5552
1450.0598
1416.379
1321.2199
1593.2326
1738.2811
1594.001
1604.9763
1462.1371
1505.2844
1347.7165
1832.4942
1491.0179
1712.1768
1370.382
1630.1569
1265.9585
1389.3435
1679.9117
1506.1788
1362.66
1445.1918
1621.3915
1513.0502
1535.941
1623.6752
1580.8689
1459.2477
1327.3004
1271.4185
1514.668
1529.4232
1372.1274
1533.4362
1365.2084
1365.0328
1346.4124
1538.7963
1623.5646
1432.4413
1789.7784
1709.8631
1535.6097
1456.204
1574.1651
1479.3032
1278.0742
1614.7217
1521.726
1690.1119
1656.2687
1789.9069
1715.9795
1587.7249
1511.2063
1695.5336
1339.892
1394.3464
1404.0265
1445.5242
1817.1365
1763.583
1431.3601
1226.1623
1386.9242
1390.7351
1566.8379
1350.5902
1582.2566
1517.017
1540.0036
1602.3597
1521.862
1358.7573
1511.4853
1492.8978
1570.4617
1447.7957
1715.537
1517.2145
1663.4228
1427.6614
1766.4508
1617.7851
1699.8357
1420.4703
1492.7224
1414.6292
1564.5256
1614.6385
1493.3192
1521.7762
1620.8949
1502.6819
1613.5953
1556.6241
1518.4187
1680.9076
1514.8033
1508.5923
1669.0562
1429.4283
1655.0989
1467.4731
1104.3628
1543.7978
1460.2614
1664.6519
1755.0523
1347.238
1747.5039
1729.3856
1514.1112
1528.1167
1520.3074
1574.7442
1551.067
1423.9869
1377.4925
1358.7948
1487.7679
1489.0533
1607.1153
1614.3144
1796.0897
1642.705
1507.6116
1266.4607
1546.12
1253.7705
1709.599
1558.8667
1772.4013
1498.9126
1274.7168
1554.9375
1380.8991
1497.2236
1551.0138
1587.0549
1644.9886
1459.5797
1636.6519
1227.5769
1475.154
1547.9515
1516.2563
1569.0909
1687.7645
1597.911
1218.4008
1239.9588
1410.5261
1591.7048
1607.8482
1408.1326
1613.3684
1543.2405
1534.6158
1579.3432
1453.4196
1547.7219
1530.9257
1464.0587
1660.3904
1439.0207
1666.0789
1525.2735
1408.6355
1536.5849
1501.3733
1495.8305
1457.2552
1386.1944
1568.8755
1634.4015
1552.3566
1654.4418
1410.6176
1277.4121
1626.5796
1610.5379
1634.6918
1640.4783
1570.075
1573.3221
1623.9695
1307.9012
1554.849
1515.9754
1434.2773
1500.1152
1576.622
1496.3513
1347.3927
1652.5405
1677.3694
1449.5987
1522.1968
1463.5217
1794.4177
1731.3921
1351.0938
1457.2714
1279.3817
1479.8022
1596.7753
1800.0865
1463.3311
1506.5593
1486.6454
1667.5581
1552.0436
1509.9676
1431.8271
1582.059
1623.4128
1454.0077
1460.8124
1498.7099
1597.2784
1597.9655
1366.943
1427.8758
1395.8627
1527.8596
1458.5956
1543.1095
1484.456
1736.1611
1582.1567
1586.75
1343.0639
1238.1157
1560.2015
1318.4913
1834.9758
1578.7932
1436.2691
1357.5187
1250.974
1506.9039
1564.0447
1507.3009
1396.9872
1674.526
1413.9066
1562.7911
1684.1924
1253.4991
1592.1719
1430.0311
1423.8533
1476.8853
1427.8816
1459.4899
1402.9512
1447.0781
1614.6614
1668.5579
1693.4198
1378.3394
1423.0827
1421.6804
1566.5181
1699.0759
1677.0961
1459.3594
1556.4965
1531.8084
1582.3171
1552.5454
1660.0763
1498.0508
1585.649
1470.4582
1809.4795
1690.0115
1814.3104
1663.2589
1379.7946
1498.8127
1660.7696
1697.3662
1714.4079
1826.0613
1444.1464
1666.6251
1512.4269
1414.2858
1674.6744
1508.8292
1526.3035
1445.6551
1542.2282
1606.8961
1501.5092
1583.5511
1776.1337
1613.469
1744.2789
1394.9422
1376.5655
1534.0438
1733.2988
1556.0621
1533.1641
1522.0564
1650.0643
1480.8483
1769.7033
1694.2116
1403.0817
1557.64
1571.4674
1635.0852
1481.3705
1403.9775
1288.9234
1242.7608
1549.0884
1346.5588
1744.5535
1645.9247
1274.1282
1542.996
1717.8888
1786.5468
1719.6765
1602.6332
1450.7175
1404.7429
1662.4597
1684.1441
1631.8461
1872.1196
1642.8468
1440.992
1621.4258
1561.5319
1653.5459
1835.4852
1584.6082
1860.9783
1626.9181
1572.0225
1524.7509
1511.8828
1486.2668
1530.072
1226.7132
1464.5395
1677.6582
1745.5617
1764.5057
1356.4001
1405.565
1352.3452
1421.1653
1488.2946
1517.8848
1645.8164
1456.3463
1473.4765
1398.1596
1558.3297
1584.8864
1614.0497
1731.5625
1631.0585
1345.335
1554.172
1442.9882
1577.4535
1726.1891
1473.5758
1172.0586
1533.9934
1693.6263
1479.0454
1459.6534
1313.9804
1211.897
1331.2955
1412.8676
1419.5746
1420.1442
1550.5503
1644.3108
1616.7458
1621.745
1517.5108
1387.2883
1334.3708
1241.023
1441.1352
1602.8457
1795.6797
1739.5971
1333.7565
1495.1719
1394.0845
1581.2118
1350.2375
1545.9145
1554.0866
1489.8938
1470.2365
1498.1827
1760.5955
1689.5185
1662.127
1482.4114
1311.2731
1485.3446
1470.7473
1676.1458
1751.51
1547.2197
1706.2362
1595.8185
1482.8895
1410.6853
1746.6076
1447.0008
1527.9859
1703.8549
1638.4983
1835.5693
1276.9503
1477.2799
1593.1822
1463.5328
1582.9972
1585.5425
1505.9156
1643.2612
1487.622
1211.7403
1482.9368
1265.6127
1256.4568
1533.3913
1533.8139
1498.3611
1456.0046
1252.9231
1658.61
1432.2166
1502.9906
1369.6413
1585.3846
1614.3701
1545.7247
1632.3238
1494.6147
1528.2911
1411.987
1645.0684
1370.2163
1503.8162
1473.2719
1494.0434
1420.7075
1306.0677
1215.8372
1532.2703
1605.9162
1521.7703
1654.0232
1379.0944
1367.6784
1325.6788
1504.237
1463.1275
1485.546
1198.9449
1443.2196
1284.4248
1477.2916
1565.6719
1462.2237
1577.1857
1321.8009
1347.1016
1542.3316
1576.0884
1451.8018
1479.1586
1495.9741
1598.4616
1280.5871
1484.1671
1625.6825
1412.0774
1406.0343
1758.1137
1292.6453
945.08702
1235.7633
1252.5441
1531.6646
1335.2848
1225.8794
1295.8578
1356.4855
1214.6866
1380.3014
1521.8944
1360.271
1389.7301
1517.5345
1658.294
1524.5445
1683.9016
1503.4005
1143.6784
1439.1129
1201.8152
1210.1467
1267.0245
1382.5134
1501.7196
1552.8652
1316.8985
1456.5107
1254.4063
1320.231
1647.6897
1596.2255
1504.6108
1395.3994
1457.7233
1518.2594
1368.6597
1384.1555
1602.2297
1317.4994
1308.6722
1643.8441
1636.2482
1614.4906
1427.5772
1451.597
1787.0279
1620.4952
1761.1263
1535.3645
1733.5173
1564.6064
1472.62
1398.9186
1424.2604
1597.6591
1535.3599
1648.9321
1621.314
1487.2793
1373.0277
1568.735
1588.8773
1453.7135
1385.1206
1484.6466
1663.612
1668.7659
1493.1471
1448.9256
1518.5017
1536.4105
1699.046
1781.3386
1539.5962
1718.5038
1329.4173
1460.0414
1579.604
1567.9182
1537.1478
1558.6259
1360.5919
1392.6096
1547.5857
1494.3041
1882.3302
1737.3847
1638.23
1754.6753
1567.1875
1556.7801
1530.1392
1682.7196
1609.1677
1494.1288
1357.2875
1551.2474
1692.6641
1560.0192
1646.6971
1777.3653
1549.2358
1494.5776
1388.3968
1633.3953
1646.2745
1308.8471
1417.1978
1535.7289
1820.3041
1468.3547
1542.9954
1619.5806
1470.9652
1620.7434
1608.0809
1560.464
1845.878
1661.7586
1603.5188
1736.8327
1495.6682
1906.755
1570.8123
1673.3791
1666.5889
1557.3306
1679.7374
1452.2995
1868.9964
1765.717
1555.8776
1318.0866
1395.943
1286.8074
1567.583
1610.3276
1663.0274
1526.1263
1685.4651
1751.3073
1709.4762
1571.9981
1556.5514
1642.594
1747.5491
1642.1403
1535.2845
1354.9996
1574.2622
1587.4302
1750.3936
1538.6973
1295.5784
1397.8575
1110.8778
1504.3806
1469.4443
1616.7499
1634.9669
1514.4746
1577.803
1586.6115
1655.7269
1524.7811
1428.3773
1381.9199
1672.0734
1578.7206
1494.3515
1678.2119
1768.5813
1388.7833
1521.6734
1630.3486
1504.3441
1459.911
1260.2067
1562.8338
1475.8598
1615.9714
1432.1172
1335.1376
1653.0201
1556.8754
1590.0494
1489.178
1679.6435
1437.2731
1656.6379
1649.9101
1667.9452
1522.2862
1425.1927
1534.4071
1816.6443
1554.913
1716.4071
1570.0627
1508.8495
1526.582
1540.9132
1538.5172
1618.5107
1627.6706
1579.024
1374.6776
1366.1515
1463.597
1477.9399
1494.7499
1592.3111
1494.4269
1551.9359
1476.1681
1598.7753
1380.66
1544.6496
1674.6938
1586.8021
1458.9937
1715.3592
1511.1973
1512.0137
1585.6907
1393.457
1488.8181
1486.8166
1690.0752
1661.0579
1693.0097
1463.2011
1444.9239
1559.8572
1582.405
1422.8372
1430.9543
1600.9221
1532.1379
1679.5779
1653.8087
1552.604
1366.6685
1565.9657
1482.8641
1350.1819
1673.5457
1411.4954
1574.7317
1476.4378
1425.0875
1319.6026
1445.8944
1570.9796
1401.5983
1304.3771
1496.0212
1575.4591
1566.5226
1589.6589
1427.035
1747.4586
1466.6477
1692.6161
1642.561
1662.3104
1518.5392
1692.9742
1494.4676
1429.8278
1159.088
1578.5782
1341.741
1337.6986
1540.5055
1620.1991
1348.1487
1281.5137
1438.5231
1711.9042
1554.035
1815.6496
1462.9254
1669.3964
1294.007
1592.4742
1360.4539
1527.3837
1470.9077
1425.2749
1537.7007
1430.3785
1251.1225
1589.0942
1559.6158
1539.6205
1516.6169
1405.4269
1447.0664
1401.173
1487.5921
1258.3002
1656.8184
1461.0524
1393.7678
1199.8872
1540.4799
1336.1397
1376.0157
1389.9323
1467.9612
1543.904
1374.6824
1490.4415
1652.0619
1394.3424
1452.9875
1541.7965
1450.7026
1471.1401
1591.7651
1637.6376
1561.4771
1481.677
1318.795
1298.9667
1417.7427
1402.7955
1278.3489
1407.456
1432.6142
1671.2963
1632.9785
1378.6447
1552.4699
1347.9764
1560.8544
1455.8495
1525.1515
1514.412
1268.0187
1480.3489
1619.2119
1475.4479
1556.3191
1392.5208
1381.5477
1501.108
1404.5996
1592.9801
1443.0336
1490.1107
1562.4405
1393.8478
1586.7673
1551.6968
1764.2211
1782.2585
1337.0243
1283.0713
1210.5852
1203.4384
1504.5002
1365.8087
1393.3339
1272.2191
1453.4437
1452.1935
1377.6531
1549.163
1679.9506
1528.9047
1692.934
1501.5032
1273.5643
1398.7562
1630.6565
1369.1623
1296.2342
1399.0229
1596.1878
1344.7921
1659.7926
1662.145
1357.7095
1459.9532
1377.6291
1251.1219
1324.5777
1200.4343
1447.0497
1620.3916
1364.0574
1703.9937
1558.8206
1197.5009
1290.3915
1122.0402
1527.9984
1497.0333
1401.5894
1524.8113
1521.59
1513.8011
1427.2842
1311.1485
1589.5962
1607.8196
1429.7187
1515.2678
1815.7758
1699.7104
1328.8881
1378.5591
1534.7039
1525.3601
1536.0813
1497.6902
1609.3516
1426.5637
1424.856
1148.3853
1337.094
1446.02
1387.8664
1458.1303
1540.0552
1699.7991
1749.4346
1624.4709
1522.4341
1845.1875
1583.5949
1518.4568
1598.1409
1510.3484
1491.3478
1534.5703
1835.5883
1592.1082
1585.2262
1435.6895
1349.1877
1348.4371
1476.5042
1636.3242
1802.3358
1591.3876
1636.2965
1867.7587
1451.833
1734.6148
1373.623
1325.5639
1692.4334
1374.4194
1329.3785
1479.121
1410.019
1176.4084
1610.9649
1178.3339
1286.0689
1451.3981
1568.5654
1344.8593
1437.122
1352.5215
1298.1411
1406.5574
1680.726
1830.7382
1563.2432
1310.041
1415.6782
1416.7623
1575.3802
1630.8976
1569.3905
1188.4208
1314.9284
1343.7697
1237.2118
1339.6582
1395.8901
1635.5795
1798.3771
1666.9421
1365.505
1757.159
1720.0286
1482.4135
1550.8806
1447.2419
1354.1134
1870.6545
1299.2742
1426.5009
1335.3704
1341.508
1480.6274
1569.8596
1618.7114
1568.0753
1611.4639
1559.068
1454.3093
1284.8675
1665.7266
1380.3273
1410.5267
1375.6182
1593.8002
1617.1564
1418.2083
1606.9787
1528.6946
1596.0354
1597.4726
1724.4904
1418.1715
1447.1975
1513.967
1683.1018
1516.5472
1605.1207
1683.7722
1619.4632
1696.9085
1666.225
1598.4153
1399.2813
1407.5254
1440.9022
1410.0163
1492.7712
1662.346
1694.7254
1517.3074
1309.0504
1607.5405
1441.4282
1554.8232
1537.0942
1639.1327
1715.0965
1586.7517
1377.2475
1676.1493
1495.3312
1434.5338
1523.9887
1484.9864
1895.1781
1738.8157
1662.1005
1713.9287
1356.4557
1474.6882
1843.3297
1534.8289
1772.6808
1752.0005
1618.8441
1534.3533
1670.8136
1548.9176
1548.2358
1862.7696
1728.8752
1355.8257
1638.5353
1578.4218
1541.4233
1527.0986
1428.3818
1512.3857
1498.691
1616.4323
1746.656
1465.2912
1704.6939
1535.4404
1644.4506
1382.5515
1467.5597
1610.6362
1336.4626
1420.0295
1440.5548
1560.497
1848.2729
1647.95
1542.8721
1540.8576
1598.7577
1284.6359
1668.1167
1831.2504
1648.3624
1421.8715
1349.4942
1458.5369
1618.0163
1526.0125
1593.4093
1618.7908
1590.2086
1525.2418
1405.2613
1588.2362
1664.2557
1495.8977
1398.8477
1571.2695
1646.9727
1562.0443
1566.4277
1545.8681
1665.4912
1366.9477
1715.4587
1262.0171
1670.9854
1640.16
1409.4339
1548.8421
1299.3419
1519.6754
1527.0607
1428.9689
1266.2466
1512.7961
1598.9049
1322.0528
1713.6808
1562.5685
1392.6807
1558.3241
1653.0956
1395.2134
1299.8757
1518.3111
1391.1675
1362.669
1340.3736
1282.2451
1545.1411
1466.3666
1524.383
1730.5074
1581.1139
1465.0189
1431.838
1054.4058
1477.6352
1509.3217
1692.6736
1806.9949
1612.4198
1482.5268
1344.5919
1605.1688
1467.7202
1702.3467
1473.6248
1726.7389
1758.7064
1645.5887
1572.2058
1548.5164
1454.5755
1486.1184
1318.9685
1530.0966
1347.6949
1345.2794
1433.1505
1569.592
1305.6575
1681.4266
1725.5366
1332.9083
1628.5419
1159.013
1419.5874
1470.6291
1752.7838
1508.8567
1342.1857
1518.4413
1674.8564
1697.8292
1565.448
1494.0016
1777.4326
1455.7423
1542.1862
1685.001
1583.546
1385.6984
1221.7631
1549.2696
1489.1034
1486.1135
1530.0402
1566.8445
1696.9284
1725.8044
1777.8329
1776.3824
1676.2503
1600.7332
1430.2062
1598.8803
1837.1474
1662.0867
1642.1583
1578.627
1389.9438
1240.2329
1392.5875
1572.5185
1468.788
1409.992
1636.1839
1395.4851
1718.8001
1456.5394
1543.1926
1529.645
1772.705
1685.7851
1317.5149
1436.0116
1441.0594
1455.4051
1426.3899
1552.2746
1656.0752
1756.702
1550.4039
1790.6982
1362.117
1688.3446
1730.7069
1375.5375
1376.31
1434.1102
1593.6704
1474.7745
1605.7138
1597.8754
1544.714
1423.9616
1462.7758
1563.7997
1635.5694
1431.2532
1406.9642
1532.0787
1548.1185
1656.1385
1840.6964
1905.4841
1549.0009
1615.4044
1479.3809
1518.144
1162.6
1868.4222
1806.9153
1438.4608
1724.257
1558.8638
1611.8523
1761.9521
1818.7246
1633.6931
1553.6174
1733.5157
1637.6627
1687.7073
1685.1261
1775.719
1687.5433
1453.6084
1445.8566
1406.0985
1493.1129
1557.6292
1696.544
1437.9952
1525.3994
1366.9169
1500.6035
1685.5066
1487.1373
1403.2963
1557.6824
1531.14
1564.4591
1459.3134
1549.2523
1723.7871
1409.2533
1557.3232
1624.3698
1458.0051
1536.1045
1415.289
1631.8894
1676.6621
1466.6066
1584.8134
1474.4456
1561.0274
1343.4255
1627.537
1537.3438
1709.0938
1371.2039
1638.3076
1672.5002
1324.9367
1528.4309
1578.8685
1705.1037
1621.1863
1542.1261
1721.2437
1446.1794
1462.1696
1463.4213
1532.3667
1444.5832
1757.7617
1625.2922
1492.077
1410.3939
1423.7543
1566.4601
1406.0054
1467.5277
1600.0189
1505.882
1481.0323
1440.5745
1642.9423
1304.7819
1490.7535
1487.6301
1602.606
1399.3324
1695.0001
1562.1834
1454.3601
1508.2288
1605.1377
1521.5857
1406.1852
1549.1673
1516.1904
1520.6402
1347.146
1438.6265
1774.8646
1286.962
1458.4624
1729.5369
1643.1354
1692.7066
1573.3423
1575.2895
1299.9466
1504.3141
1707.7638
1599.8945
1580.16
1446.1701
1412.7845
1527.6954
1445.3886
1387.8407
1550.7351
1608.0351
1863.8379
1477.7322
1586.1147
1430.1172
1551.4024
1515.8676
1634.5621
1592.1196
1463.6871
1271.4614
1443.4866
1398.4107
1671.9741
1496.5211
1419.2148
1548.3427
1665.8848
1539.999
1458.7454
1205.7849
1678.4892
1600.7918
1462.6691
1583.6339
1516.0819
1716.4452
1289.5911
1221.5543
1314.0786
1419.6145
1439.3671
1234.5034
1501.5363
1487.6029
1308.1471
1578.4823
1462.9099
1781.0648
1790.8874
1621.9504
1211.4521
1497.1866
1606.1492
1350.493
1194.646
1502.9252
1276.3704
1316.5834
1758.5419
1496.5972
1402.4362
1488.909
1590.2508
1748.47
1585.8488
1723.8576
1854.3145
1590.9157
1702.1622
1378.703
1458.2998
1480.4942
1401.3495
1671.8419
1786.524
1599.1423
1572.8872
1500.9827
1199.4264
1613.0921
1415.4499
1253.6219
1392.191
1450.3696
1268.1151
1347.7394
1430.4669
1398.5191
1602.9802
1364.4362
1495.0838
1441.8397
1782.3533
1346.2359
1269.4746
1311.5991
1469.8758
1274.161
1659.4046
1609.211
1470.3896
1461.563
1456.8462
1458.573
1478.3948
1451.1684
1434.7128
1592.3652
1539.3201
1422.9766
1554.0302
1468.8517
1416.1636
1357.5006
1657.2202
1613.8279
1509.5926
1566.9781
1285.5647
1480.8888
1458.0645
1448.4891
1361.6376
1632.9847
1284.9642
1303.7569
1465.9622
1385.8852
1684.2783
1475.8781
1589.2819
1690.2415
1490.2219
1521.8507
1394.4464
1226.5127
1318.4507
1385.7122
1363.239
1246.2395
1439.3065
1676.1974
1516.5212
1301.4713
1486.0301
1474.7347
1320.6704
1524.4098
1226.7193
1474.8882
1752.0117
1489.0076
1393.4255
1346.12
1397.3253
1634.7701
1181.0406
1517.823
1199.6804
1434.1727
1446.4553
1305.7853
1264.8024
1602.5122
1449.988
1505.6683
1391.9124
1425.9052
1363.4849
1552.2542
1443.5606
1496.6737
1386.1125
1430.3231
1427.6108
1546.1784
1286.2273
1434.4251
1602.4973
1447.3352
1435.2637
1531.1699
1738.268
1571.4081
1346.4025
1231.9157
1434.6846
1739.0176
1514.6122
1348.4601
1252.1474
1435.5638
1597.2445
1723.5124
1718.8085
1450.4579
1411.4507
1201.9524
1537.4306
1630.3819
1573.9648
1510.9328
1445.6384
1385.0048
1712.546
1524.8169
1410.4194
1247.496
1570.0353
1791.071
1464.1539
1499.5302
1356.4072
1360.0331
1625.3062
1515.0409
1284.9712
1544.4113
1563.1049
1671.9305
1460.0472
1431.7869
1289.006
1438.3554
1366.4511
1686.4413
1577.0811
1340.7484
1507.8931
1514.4858
1401.277
1313.8361
1506.0882
1421.0913
1632.1973
1587.343
1680.5657
1756.1841
1480.4222
1686.4143
1746.6092
1857.462
1659.3955
1395.7035
1668.6709
1546.541
1364.7557
1347.422
1561.9041
1386.6436
1468.9705
1472.2623
1506.4711
1741.9299
1705.355
1735.8895
1562.1195
1845.3932
1425.5613
1600.8671
1409.9459
1518.0037
1378.4168
1675.4058
1479.3552
1388.2107
1529.9419
1544.0244
1667.8014
1583.983
1276.9662
1563.2049
1661.2882
1588.6601
1588.2307
1511.7024
1407.4736
1487.392
1276.7233
1472.2624
1452.2942
1429.1029
1566.5234
1695.9484
1288.0944
1383.0976
1567.8916
1520.1828
1566.204
1223.1845
1281.9434
1405.9619
1351.8386
1558.2195
1458.5235
1431.7134
1704.1949
1723.3373
1275.0126
1417.8751
1776.5209
1686.2297
1338.9363
1513.4732
1647.7124
1368.3827
1300.9909
1233.2638
1563.8982
1250.1772
1429.3033
1611.783
1485.4688
1343.0383
1325.4887
1420.2547
1347.2371
1715.7885
1722.7192
1712.0017
1275.6539
1330.9312
1429.3888
1415.5265
1536.2314
1539.0055
1514.0128
1674.2389
1550.553
1554.1742
1266.5439
1409.391
1309.3315
1690.3038
1722.6649
1476.5275
1520.9879
1577.009
1608.9028
1750.7055
1605.644
1790.7712
1439.8335
1427.6502
1688.38
1457.772
1508.6985
1573.6246
1472.3116
1575.5156
1401.8723
1391.0072
1396.906
1747.4013
1455.3488
1281.3038
1562.2718
1402.7136
1592.8569
1601.1524
1746.9579
1578.9003
1603.4694
1579.0755
1702.5964
1367.8014
1513.0751
1342.2486
1637.308
1420.873
1432.0089
1677.2369
1308.6933
1575.8787
1556.9138
1422.3969
1411.5302
1331.316
1709.0931
1487.9617
1513.7042
1488.6579
1456.1761
1571.5973
1325.4307
1316.1521
1451.1834
1440.2506
1665.2308
1760.4085
1769.9876
1463.6589
1418.0501
1423.4764
1606.349
1709.2884
1413.7549
1566.1077
1654.7666
1430.6524
1382.0357
1607.1094
1582.6051
1504.985
1581.166
1439.3576
1421.0148
1648.8596
1713.2953
1607.9628
1636.7321
1558.055
1492.0306
1447.2644
1356.6189
1446.2011
1434.1164
1383.8147
1353.5487
1346.0063
1597.3533
1589.5091
1222.8429
1509.7043
1624.5149
1238.4983
1703.1692
1614.4778
1574.4991
1433.8895
1692.4056
1568.3255
1690.5436
1454.6048
1627.4995
1626.9729
1563.1479
1551.5381
1614.9709
1508.8023
1577.2497
1601.9366
1711.9719
1735.5702
1535.5463
1709.9661
1547.1921
1683.7908
1482.489
1390.8281
1451.4992
1447.9686
1447.1999
1476.6142
1339.4917
1446.4092
1669.1417
1536.5082
1578.2896
1441.8689
1641.2897
1632.092
1736.7641
1484.7608
1457.6084
1377.1971
1519.1073
1490.6809
1376.0161
1316.1404
1507.9659
1512.9958
1453.6639
1381.2493
1508.6463
1520.2416
1559.8938
1592.5088
1518.2146
1574.016
1466.7302
1399.7817
1548.4954
1658.0188
1432.2126
1452.2171
1434.5793
1563.2452
1551.8521
1752.118
1665.8941
1816.6396
1478.4952
1181.5357
1563.799
1713.1311
1670.6878
1536.1277
1592.7456
1417.3126
1403.9093
1726.138
1525.0502
1731.3146
1494.7334
1366.5112
1299.0192
1622.5712
1389.6557
1404.7472
1447.091
1229.0484
1319.3678
1198.3069
1466.0955
1357.9837
1591.8482
1292.2067
1327.8906
1406.159
1399.9289
1598.7422
1417.4029
1618.6934
1801.5581
1603.9437
1438.4339
1223.3845
1232.4211
1343.0063
1381.5381
1490.9504
1511.2431
1412.0064
1562.2533
1372.782
1304.6975
1461.9576
1476.2612
1536.0366
1618.5943
1471.1459
1328.1868
1488.0188
1570.0593
1602.4597
1616.2551
1567.5592
1578.1769
1468.8918
1518.556
1677.8753
1505.2197
1432.2374
1416.1461
1705.4945
1489.5566
1530.9238
1751.7983
1603.3802
1690.2658
1457.4195
1389.8448
1263.7453
1248.1369
1454.5003
1121.0886
1491.7325
1631.2268
1505.2223
1624.3263
1526.0149
1370.4234
1599.1975
1768.4906
1456.2909
1503.5384
1501.6915
1416.042
1516.3819
1572.6075
1455.1057
1336.9579
1562.7622
1484.0059
1302.9224
1598.1566
1538.4249
1456.9965
1494.565
1506.3717
1604.4078
1461.5517
1801.9026
1581.0848
1460.4382
1658.806
1445.319
1713.5651
1571.208
1528.0302
1761.5153
1594.6137
1950.4512
1603.2581
1337.9978
1687.9306
1385.0034
1530.2002
1451.1563
1776.0461
1696.0564
1422.7328
1698.2602
1663.0727
1536.0989
1609.2256
1627.0108
1479.4241
1423.1881
1373.7069
1608.6707
1595.4956
1509.0081
1505.7653
1547.0256
1377.5182
1411.2629
1435.9793
1604.2872
1655.7046
1541.8385
1537.6367
1467.005
1621.2903
1567.4943
1530.0874
1735.7919
1553.1927
1542.7301
1562.2564
1425.8958
1150.9213
1368.6183
1458.6285
1686.8966
1738.6151
1961.9162
1536.9929
1241.046
1277.2294
1465.8297
1376.7239
1761.516
1706.6771
1595.1081
1643.8208
1575.6226
1371.3938
1360.4044
1515.9251
1366.4804
1666.8503
1418.5006
1582.5703
1566.3647
1757.0838
1486.1712
1586.2697
1310.3965
1586.9691
1735.2406
1766.5978
1680.2653
1556.9632
1517.6318
1322.8197
1581.2852
1592.1803
1728.5543
1535.6893
1709.9595
1410.4258
1434.9626
1432.2847
1680.0154
1257.4722
1696.817
1818.7285
1406.8218
1530.3733
1784.5561
1759.0383
1395.5514
1232.5037
1544.6348
1422.9571
1672.6147
1396.7995
1449.9867
1630.3775
1475.6507
1738.6592
1633.2839
1644.2681
1716.9103
1650.5503
1622.2652
1667.7605
1999.598
1818.2755
1658.6139
1588.2354
1399.7288
1759.0728
1585.1394
1890.526
1460.5971
1530.4874
1570.8608
1668.7388
1696.0184
1463.6903
1315.2415
1440.5256
1533.2215
1691.0042
1594.5839
1639.0867
1607.8643
1259.4471
1536.0032
1627.2503
1485.3774
1563.8719
1398.9479
1518.1982
1652.1692
1586.2046
1723.1995
1216.5628
1158.4673
1542.2379
1503.9942
1684.0732
1384.3156
1179.1952
1537.8954
1474.2671
1679.2852
1566.7396
1530.1524
1527.8779
1267.4982
1458.3948
1562.1164
1668.1254
1439.8662
1482.315
1412.4186
1478.8279
1607.7658
1676.4925
1614.9929
1727.5326
1624.1636
1693.4301
1745.1521
1251.1698
1201.4948
1341.648
1636.5333
1245.567
1377.7829
1563.6574
1572.0096
1780.0142
1647.6711
1503.3112
1543.4841
1385.8051
1885.3085
1644.7891
1677.8075
1559.7277
1321.744
1345.6908
1755.9748
1472.1637
1613.3977
1710.7476
1580.5029
1460.8164
1809.1606
1628.0573
1543.7863
1382.4621
1632.2792
1710.698
1504.7823
1665.6067
1480.4051
1565.4469
1371.1292
1468.5927
1615.6621
1514.3824
1688.5866
1422.8223
1416.2044
1238.7132
1373.4597
1483.4827
1446.8752
1463.5434
1623.2033
1499.1252
1472.1403
1413.2652
1288.9858
1416.2125
1504.6043
1403.1945
1541.2402
1688.0793
1480.8724
1412.6177
1331.174
1472.8637
1442.187
1541.4717
1414.4129
1582.1502
1893.8485
1517.6564
1687.9959
1861.9105
1507.1718
1503.6683
1472.8436
1400.5691
1712.7934
1751.3138
1624.3851
1614.1109
1420.8624
1487.8759
1316.2657
1285.3035
1506.3216
1574.2794
1290.74
1605.9607
1540.8906
1627.8942
1690.3775
1491.2397
1433.5013
1576.5028
1717.7456
1283.5444
1165.3419
1338.6458
1423.1577
1441.4855
1555.6012
1648.2109
1357.2955
1495.5056
1472.8374
1595.8401
1650.6203
1485.9974
1493.0431
1479.7713
1619.0783
1498.3233
1490.5863
1494.8535
1607.9878
1667.8131
1543.1512
1189.9065
1511.4434
1592.8111
1764.7151
1689.9692
1681.565
1722.808
1574.1401
1497.2559
1385.5769
1449.2706
1651.2584
1513.7486
1492.6888
1261.0562
1429.1569
1476.9905
1594.9107
1470.0935
1550.8663
1347.9272
1608.0288
1432.4327
1702.1956
1564.1621
1674.7067
1666.1507
1057.3253
1466.8123
1545.8848
1350.8983
1580.8895
1141.6408
1512.2394
1569.1438
1759.9017
1479.8159
1480.9561
1708.7276
1355.1264
1404.866
1631.0282
1491.5105
1528.2978
1294.1811
1458.0851
1365.5279
1402.3205
1670.8417
1425.6704
1359.4251
1393.397
1377.4865
1547.7798
1654.7141
1572.71
1607.3207
1432.6894
1652.2879
1543.2907
1623.4568
1681.4021
1720.6684
1443.9645
1441.4286
1580.4327
1743.715
1405.4387
1491.2476
1507.6645
1583.7486
1758.1259
1740.1361
1650.5154
1616.3988
1419.1371
1449.2522
1652.5708
1734.2718
1577.454
1575.5874
1564.1257
1489.874
1432.1252
1564.0544
1447.7515
1372.928
1423.9856
1423.0081
1477.9901
1470.5679
1513.6526
1281.3415
1550.1434
1377.3664
1590.5781
1647.6422
1302.998
1543.6955
1639.0026
1523.3977
1706.3057
1668.7441
1488.4085
1375.1391
1480.0124
1698.0528
1600.154
1696.5563
1639.3453
1632.6377
1959.4261
1474.8037
1477.8802
1536.9862
1335.3547
1491.1985
1456.2476
1622.0159
1660.0534
1160.5151
1226.3006
1387.0673
1308.8734
1460.5272
1502.1199
1460.1539
1496.0316
1338.307
1463.2339
1235.1726
1677.8653
1409.97
1523.4583
1444.8632
1461.1769
1618.1367
1667.7954
1594.4526
1556.6927
1786.9878
1301.6136
1204.7491
1600.5559
1448.3935
1517.9583
1455.4792
1618.4112
1507.1495
1618.1271
1507.9093
1562.9728
1660.7451
1686.0098
1494.394
1906.0371
1460.1531
1358.5146
1505.8931
1468.1643
1468.1032
1413.3366
1380.4759
1370.6313
1292.5326
1450.0502
1587.9546
1544.7478
1504.7929
1469.574
1671.51
1523.2916
1743.6337
1797.1979
1629.0286
1603.1384
1654.9067
1625.5333
1653.2695
1512.6191
1444.2603
1443.4571
1700.5052
1820.0715
1575.1189
1462.5043
1355.7918
1579.946
1385.5264
1468.7748
1396.916
1496.5483
1100.8223
1542.3299
1444.2579
1510.476
1470.9791
1617.3576
1718.4937
1329.6644
1465.4383
1537.8392
1345.5015
1567.9522
1553.0029
1517.613
1422.2201
1597.5951
1695.0264
1416.9332
1563.1229
1570.313
1622.2107
1748.4872
1596.1097
1598.4263
1468.6356
1732.9631
1531.1414
1611.5332
1499.675
1486.4807
1470.8277
1513.4337
1573.7101
1562.7117
1255.0147
1383.9955
1260.7291
1584.4846
1570.78
1651.8355
1482.5809
1545.9579
1691.412
1615.2328
1662.8067
1427.44
1378.1131
1497.5809
1605.5946
1475.1941
1582.1825
1797.7752
1623.7621
1587.0803
1472.6746
1669.1957
1608.0623
1756.0131
1655.7309
1251.6718
1554.8735
1410.9225
1658.9485
1636.6083
1576.473
1634.6551
1615.6903
1920.0053
1757.9141
1629.3038
1596.6295
1384.3034
1608.4118
1297.7872
1536.7454
1782.8838
1817.5264
1558.3791
1467.9674
1643.7936
1426.5087
1369.2927
1678.6538
1815.6437
1689.6325
1608.0147
1619.1944
1749.8563
1922.7906
1408.2744
1654.0307
1338.8328
1608.488
1408.0801
1689.7643
1460.5914
1468.024
1544.8862
1720.2586
1689.5297
1656.3845
1477.8395
1557.0652
1597.179
1775.046
1556.0199
1814.5049
1647.3375
1559.3021
1438.8275
1470.1437
1723.0557
1492.2424
1653.6124
1614.9648
1509.8127
1591.3977
1555.7551
1461.7981
1594.3704
1648.3799
1687.9404
1720.8341
1451.5775
1312.9974
1522.3877
1269.5104
1308.4932
1382.4694
1477.1618
1611.2431
1569.093
1375.4563
1335.3259
1499.7811
1400.0325
1854.9536
1201.0464
1342.5586
1551.5183
1588.9721
1547.4367
1646.1603
1519.8113
1437.5508
1391.7155
1450.5753
1554.0227
1433.0032
1585.159
1467.5491
1433.8113
1731.1874
1519.5698
1714.3711
1498.0363
1440.9655
1300.961
1483.4859
1455.245
1752.2876
1658.7392
1464.5181
1482.913
1618.2335
1622.4582
1725.572
1574.1856
1423.1651
1444.1822
1496.4523
1400.573
1605.4823
1421.5807
1310.7625
1510.7687
1883.666
1935.8935
1705.083
1634.7221
1443.4794
1515.7096
1588.8847
1608.0542
1453.2605
1445.3635
1529.9572
1438.4842
1539.3322
1412.4028
1628.406
1615.074
1590.1324
1894.0457
1670.0855
1442.1996
1635.2376
1511.6532
1739.0559
1757.1902
1752.3505
1511.6443
1719.0469
1265.831
1537.8742
1545.6886
1423.6925
1414.4857
1355.0343
1439.86
1356.8773
1622.4031
1781.1009
1813.5987
1697.6144
1394.6894
1524.1009
1503.8797
1668.1241
1362.7167
1517.3882
1653.8921
1578.0875
1497.8874
1565.0824
1425.0787
1493.358
1725.7657
1560.23
1806.2629
1595.8266
1455.3768
1548.692
1389.0544
1321.3663
1579.0574
1515.1727
1475.1908
1722.1628
1667.8354
1472.5195
1481.6756
1739.8124
1533.5558
1551.0031
1410.2651
1669.2761
1788.0916
1587.478
1547.4195
1614.4472
1319.4487
1480.5491
1546.6618
1622.9936
1416.5174
1500.8947
1429.6637
1458.0427
1308.3637
1622.4053
1737.2363
1569.766
1286.1394
1457.0347
1567.8794
1312.8003
1676.7614
1665.7794
1529.2399
1606.5978
1754.531
1631.66
1580.957
1338.6103
1395.4689
1691.8479
1384.1157
1623.0153
1291.0398
1489.6009
1377.0959
1582.419
1698.7765
1634.0078
1643.3436
1718.0282
1606.5444
1349.0956
1335.2612
1681.9736
1630.128
1564.9924
1502.0054
1424.0493
1484.6222
1467.7932
1778.9674
1793.4618
1666.267
1501.8579
1591.2811
1433.8019
1407.5135
1454.0057
1360.6818
1408.0791
1264.5161
1485.0963
1344.615
1339.114
1453.495
1587.7774
1232.8718
1642.9159
1273.7334
1380.9646
1419.1136
1246.0574
1474.88
1350.4622
1660.8261
1249.6165
1470.0623
1461.3063
1601.1326
1768.2041
1881.4213
1536.4008
1591.6415
1510.1693
1525.0593
1496.3255
1413.8263
1454.5618
1456.4468
1611.046
1481.9838
1667.3238
1446.1248
1587.4655
1532.8921
1459.2491
1323.5559
1488.378
1203.3302
1628.0182
1601.9736
1569.603
1605.3888
1580.8118
1462.6221
1289.2757
1473.1856
1224.881
1359.956
1311.5218
1514.3601
1457.8581
1564.3624
1254.1017
1332.3102
1479.0159
1523.7934
1405.5351
1420.2149
1400.4497
1278.4772
1345.121
1603.2302
1675.5111
1700.7758
1322.1091
1412.2427
1317.4364
1674.6512
1725.9021
1629.583
1553.2963
1507.6351
1541.9482
1645.9747
1452.1394
1371.4986
1415.7824
1558.4897
2001.4608
1650.2043
1435.0263
1336.442
1444.4508
1361.8561
1537.981
1341.6496
1540.6667
1663.9482
1462.1667
1439.3265
1479.5897
1423.1091
1637.2537
1480.1017
1797.6894
1808.8311
1407.1293
1310.9677
1532.3484
1557.4786
1337.0242
1486.534
1635.5191
1629.4428
1470.1362
1758.0309
1193.1274
1456.2284
1705.258
1480.5624
1396.7861
1415.9074
1647.5426
1351.7107
1281.8545
1486.711
1746.0572
1532.2376
1374.9949
1340.6216
1599.8267
1455.1501
1247.713
1363.6789
1607.4775
1586.4144
1757.2665
1569.4765
1755.4538
1260.3065
1414.1132
1568.7174
1488.9651
1481.6465
1363.9133
1572.2209
1435.8535
1309.1361
1621.4583
1637.4725
1729.9365
1577.0093
1277.4523
1458.0589
1498.2596
1526.7228
1638.6507
1716.4079
1431.174
1297.7237
1585.7055
1503.4509
1870.1757
1621.9133
1806.4723
1747.6844
1606.7421
1569.2281
1425.0789
1611.9615
1391.8186
1477.3645
1507.9591
1694.362
1549.042
1608.267
1695.3206
1462.195
1559.1311
1310.9575
1492.5647
1443.2372
1455.8465
1722.8431
1547.457
1356.6269
1652.8915
1371.1943
1477.149
1445.0289
1339.779
1590.4436
1457.5594
1320.4319
1483.9662
1583.5145
1512.5982
1663.8982
1718.429
1437.7914
1473.0579
1675.8566
1499.9157
1608.8141
1677.702
1568.8645
1470.706
1581.577
1517.7434
1490.6102
1400.2159
1547.3357
1545.6937
1398.1467
1514.4715
1337.4653
1362.6967
1396.5885
1646.5266
1547.9609
1633.9802
1711.9087
1815.5589
1748.3848
1873.614
1671.0152
1667.138
1627.6423
1413.9989
1670.9089
1489.9728
1756.144
1572.2937
1652.437
1565.8541
1536.5444
1604.2297
1781.6227
1679.5737
1621.4064
1434.0491
1510.9345
1507.2803
1362.0557
1551.6334
1471.1776
1641.2343
1539.3246
1659.2144
1512.8656
1377.5065
1736.2933
1664.7255
1765.4172
1602.5863
1636.0522
1312.8251
1425.995
1611.6691
1584.5382
1652.4775
1517.8361
1426.8532
1428.388
1451.9247
1630.6806
1640.6028
1624.4976
1436.4739
1486.2645
1631.9366
1507.2812
1657.2704
1599.3938
1441.5977
1400.186
1402.3597
1364.8753
1412.1805
1651.1999
1411.2611
1315.8085
1575.1757
1277.0525
1166.083
1321.3265
1701.2755
1745.6391
1713.3037
1652.4409
1514.0619
1695.1901
1451.6023
1270.7069
1594.2404
1535.3107
1745.3993
1463.6875
1272.0476
1228.0809
1568.9974
1647.1476
1622.0328
1291.6935
1399.4385
1445.6653
1462.5001
1812.0479
1515.7876
1524.3039
1499.7436
1595.3311
1557.0193
1171.1705
1228.9519
1305.9158
1336.7496
1501.9562
1599.8222
1486.2301
1289.9006
1344.1327
1552.6018
1231.0772
1583.7522
1594.3071
1337.7113
1456.6014
1585.8561
1622.6562
1603.462
1311.9036
1615.2335
1436.6779
1626.9545
1432.7929
1343.4178
1140.309
1470.3303
1379.8249
1554.4183
1657.591
1621.1308
1714.3864
1641.5846
1473.5995
1209.5893
1285.9816
1281.5006
1506.14
1603.4889
1553.6461
1504.3193
1376.4589
1436.6597
1378.058
1536.4878
1543.8354
1420.9767
1512.2752
1331.6122
1695.0204
1502.4549
1717.4375
1820.8881
1775.3711
1736.9529
1492.0961
1495.182
1551.5483
1857.1662
1531.3309
1556.8938
1769.6391
1661.6696
1435.5392
1656.4718
1517.1434
1455.8326
1505.6309
1660.3925
1479.7222
1663.791
1771.8348
1567.1175
1685.0798
1614.7553
1683.6915
1628.9509
1691.244
1408.1933
1515.0219
1502.0546
1394.8131
1515.2307
1648.6509
1602.1626
1744.0998
1291.689
1406.6213
1475.4259
1447.6977
1468.5005
1716.9449
1550.1097
1859.5595
1778.0893
1741.7038
1578.4057
1241.8669
1202.2182
1293.6684
1349.8515
1377.8049
1504.4693
1541.0844
1685.5545
1471.4778
1538.6914
1677.3351
1350.9876
1684.4268
1515.0641
1435.82
1590.0348
1526.7975
1851.0826
1799.2891
1394.9017
1223.8498
1382.6963
1484.3112
1284.8225
1606.094
1643.3141
1433.5931
1473.1209
1241.6063
1332.4784
1550.1639
1641.0688
1430.0386
1421.724
1741.823
1829.4873
1571.1996
1681.0635
1637.0026
1520.8764
1773.4439
1418.317
1250.5643
1570.0213
1252.0365
1514.5176
1733.6508
1672.8245
1451.2438
1506.2241
1418.0032
1375.2936
1614.4391
1808.0599
1533.358
1464.611
1148.8854
1498.696
1424.3576
1457.7747
1358.9419
1330.3834
1371.821
1423.4267
1659.5236
1875.8452
1601.4299
1613.8974
1553.1421
1652.465
1485.3745
1623.0926
1546.7826
1511.8935
1129.2041
1591.49
1652.8749
1772.5065
1785.0847
1595.9235
1690.1284
1467.4836
1575.6864
1300.1174
1450.5325
1553.7928
1324.8329
1927.8984
1690.2162
1415.8887
1562.3948
1229.2763
1262.7541
