663.08792
1037.5057
1531.7859
1579.4233
1540.5744
1648.71
1537.6392
1162.5615
1275.3611
876.20478
1187.4046
1183.5448
1515.0446
1046.8519
1273.8409
1357.8591
1192.7511
1364.4821
1173.3821
1312.8818
1127.7481
923.22346
1389.0198
1435.709
1269.1817
1253.2135
1053.6294
849.85411
1187.0644
1383.9363
1510.6426
1609.4842
1245.5898
1132.1406
1053.6889
982.10643
988.59883
1262.6018
1170.1869
1144.6856
1247.0634
1424.1747
1285.2615
1079.9266
1098.2316
1082.8489
1091.7569
1069.5398
1135.0528
1187.9675
1197.2786
1082.6284
872.47031
981.29115
894.17279
1046.6461
1086.9843
1073.2812
1208.1858
1088.5613
1276.0742
896.71111
788.6149
1285.9022
1053.384
1091.8983
851.66132
1053.6698
1091.9059
1088.8109
1208.3493
1065.5487
1070.4968
771.10912
925.08626
983.91674
1005.2728
993.43543
1051.161
946.87885
940.47965
952.4022
1287.3921
1088.2607
1158.2717
1194.6303
953.03088
967.53812
1075.8387
983.35004
1302.1345
986.57027
947.64802
1113.2101
1053.7072
875.54447
672.28754
962.58556
767.01858
1100.5414
919.66466
945.14239
1073.9965
958.42099
1053.6655
693.0601
705.50723
831.78982
910.62624
960.27813
888.43412
703.263
1077.3991
1007.727
867.62279
713.87724
660.87924
686.72518
944.84806
839.48209
636.69917
553.40975
872.5045
904.14934
636.95558
696.56525
655.38898
621.76017
689.84742
1136.9324
1077.3151
917.85229
854.67104
1054.5746
842.54197
871.61479
807.2016
689.61269
807.18794
884.09327
828.03843
996.33293
635.90382
699.94657
858.02402
1067.1717
1010.2763
910.08149
752.77569
873.01746
795.5603
993.19284
714.89527
851.62193
943.5276
1103.0664
804.41621
969.61095
870.53596
716.34345
1032.3661
657.77825
960.8532
848.5459
919.86759
897.04542
662.07377
884.75609
848.1749
694.24639
927.56197
732.48402
877.99881
696.25819
825.06611
772.68528
1061.034
987.65967
964.86971
681.46211
1079.7568
1101.5468
1012.604
794.18263
891.26453
888.7402
1167.4883
933.18142
913.71151
1062.0807
1247.7062
1096.4483
1023.558
1118.8502
973.56834
1078.9491
1050.2817
1085.3191
1146.7839
1061.4549
814.18572
920.58093
910.08547
1227.3722
1236.2319
1032.1058
993.57104
1067.3174
1034.9407
1097.9381
972.75245
920.4678
1019.0994
983.09565
773.68641
957.02875
704.40238
971.83434
939.1593
602.72973
892.22947
978.33826
977.51358
1023.0087
852.45872
699.64177
537.93497
616.90854
704.34847
791.13964
998.38264
934.87205
787.0392
847.66796
731.05311
837.69422
735.97956
804.59965
657.46946
1073.1442
1101.9327
776.17825
826.71165
742.17182
1055.3593
1002.0741
940.57341
753.88118
760.21869
896.13416
770.38235
1017.5335
952.60778
869.12352
963.33869
930.90553
816.77121
798.52992
677.44665
858.60934
1017.2465
692.78014
923.4848
715.97005
919.33853
960.88628
909.45691
891.62063
772.27525
427.26305
761.52578
1062.3229
669.68455
917.65647
754.85164
768.96414
657.18271
833.01851
749.17305
947.03775
877.48819
833.18445
655.0607
816.9549
909.10028
819.69064
1069.4475
884.54868
912.5471
780.29222
768.29814
737.05956
790.71467
812.70566
826.89192
893.9574
871.97745
775.88864
851.69405
833.73796
860.58465
1006.4413
991.1708
1075.7678
840.21275
717.05048
629.77786
768.64015
619.39668
694.95776
657.19649
882.67718
868.39518
849.80109
745.40459
856.0353
716.36386
811.17163
665.74547
845.20942
755.14115
569.79507
561.66029
578.06276
772.85652
757.35094
927.59629
855.55759
763.58726
814.59034
616.62635
977.15167
744.11846
822.95824
935.63752
899.38774
1035.8463
697.7479
570.70088
609.74498
984.92832
965.84832
929.03247
1010.2135
877.45065
939.21824
695.79107
885.98198
1091.4447
1058.6667
1008.4314
831.00335
659.83292
609.62195
566.81029
898.88495
1058.1796
1015.4363
894.43013
774.21364
757.38439
949.63172
986.50952
678.98096
858.51145
667.68519
678.27247
734.94249
617.38569
1007.6471
339.36649
946.07833
777.71575
926.34303
835.96899
831.6959
842.16907
790.05748
1182.781
705.67699
694.20225
844.91662
851.95839
764.95452
735.11193
848.97162
1192.7737
801.93631
908.93898
515.53259
774.58716
764.03171
808.28419
663.07208
1074.5927
818.39996
950.64143
940.47232
617.50357
675.62251
843.1742
988.8424
713.46131
843.0945
839.66179
787.95107
982.69748
701.75415
644.5318
769.88598
411.31977
595.3193
742.19742
837.57026
899.27175
698.8055
943.34768
592.67945
513.91037
786.64742
659.11753
702.78418
983.87832
892.82674
884.16193
335.23861
362.3278
784.2097
917.17613
685.52622
937.73463
842.8499
790.78694
713.05199
778.19917
920.07893
705.07148
936.94568
969.33255
916.03507
1082.6495
963.43989
677.45197
956.64687
547.03991
598.57011
569.99799
697.94443
735.35892
700.06657
699.97931
504.87685
522.17896
690.1442
832.93804
692.68807
744.8459
914.91319
925.10717
840.72217
591.16082
986.1616
851.97188
730.0169
730.24601
762.78977
770.52551
716.35958
927.66919
923.7322
835.86802
930.46075
807.42031
958.53375
624.51617
607.18781
672.35186
473.7918
563.45512
349.92103
680.56518
536.38848
601.14275
860.02414
469.5024
668.29726
781.1182
901.52986
901.61994
1112.4543
695.55829
701.27874
954.67405
1006.1878
700.27709
606.65455
823.9282
848.28005
866.62044
914.13737
994.98477
680.00372
793.47159
711.83822
695.55424
926.16386
870.17584
724.56106
733.34129
908.21689
541.3402
933.04536
677.44842
1011.4186
1103.6091
730.06968
783.50674
912.47051
731.12172
909.08114
806.37814
773.03293
1062.4454
824.08041
748.62328
724.11491
711.91234
789.90531
750.14731
790.15411
862.81683
644.35075
810.04925
558.75756
726.71698
759.75161
898.93451
900.50463
575.8236
566.36158
663.83992
476.05065
601.27545
567.8378
777.34541
774.72677
693.05434
548.85293
546.28417
780.15186
858.50332
868.89647
702.96397
580.17003
698.06923
809.0948
732.50549
677.7866
883.55308
757.04394
984.13016
650.70463
767.00522
707.39385
721.5566
707.93434
776.21141
610.43974
704.30237
603.19755
1161.3718
635.23992
927.98486
779.87442
668.12886
808.1952
582.49105
727.23524
898.99019
535.33735
725.13527
766.79078
851.84425
763.83646
649.34373
713.31047
454.15759
413.88827
669.2534
561.8087
738.80705
632.96616
766.12065
583.33524
718.81192
908.41993
798.48182
744.59306
707.92642
607.88741
469.65775
571.7821
720.66417
826.64765
806.01316
703.11289
568.76983
814.73705
377.65673
801.85417
502.78651
420.61046
617.2677
635.78153
690.01324
724.706
432.66295
601.28314
591.3678
395.24722
617.47425
627.86278
612.25808
599.72846
723.30835
510.16049
584.80766
464.1642
703.99301
785.19498
621.33717
592.52542
717.89
646.28573
588.73883
452.92482
562.32966
377.4006
489.98851
803.44715
663.86585
524.17889
814.83027
378.06613
621.77307
613.11579
640.96629
947.88292
814.45806
417.62533
421.11902
481.80494
520.91165
840.12112
391.85494
493.98504
621.22133
631.91444
385.88291
465.36238
302.964
614.69862
765.9657
776.0355
623.22858
480.70867
729.73956
678.75005
482.34589
767.04953
516.26461
934.45774
439.87454
601.73483
539.06685
565.85932
747.39475
607.66215
478.38277
739.34603
380.85685
639.05111
529.52613
313.99337
673.9375
360.70035
632.01966
498.70991
718.30737
631.94425
754.70864
504.62017
535.38475
470.01017
468.83482
585.73215
571.27058
518.28026
605.22895
407.49227
558.77033
574.68594
622.91915
681.03108
814.22548
715.77952
554.78269
528.08551
388.09159
482.08934
603.21837
580.65375
410.26993
524.60636
565.50735
586.76842
532.57703
781.48376
507.29244
632.56019
661.023
632.13102
217.91014
691.62471
623.49697
590.52395
776.23315
474.93325
582.07824
699.89209
564.31575
568.28077
604.92237
413.00437
551.65294
760.94235
572.28383
721.0229
396.38375
352.34006
703.3719
525.38596
422.63244
810.13331
727.77362
769.7684
779.5408
754.82896
532.43773
412.99919
644.83536
496.04767
506.19989
695.404
448.63178
846.45997
626.57857
381.51369
609.66451
457.5431
495.25044
810.3885
481.63181
461.28471
476.13206
489.10472
290.72995
608.76367
524.42409
599.03422
555.16242
670.19174
658.84169
261.50034
355.90131
413.28998
467.37745
208.51231
539.10348
655.03943
615.34538
459.2587
591.08468
300.78759
356.87749
606.97771
470.43435
432.97213
216.67772
576.85182
724.779
438.03039
375.80272
371.96283
423.35938
528.73463
557.32801
525.51907
476.88261
528.57585
476.13478
319.33855
467.03739
652.90774
842.2341
578.8775
263.58205
316.44712
109.79344
308.60341
881.92192
657.85552
346.1621
255.01905
111.50927
645.42776
467.48741
592.65381
365.56614
565.01441
564.76391
421.76357
407.12284
598.38662
602.09111
554.65278
574.10854
734.74746
596.58627
520.94863
653.27312
729.58192
560.04095
714.83123
542.59931
430.28241
509.26575
533.924
552.04011
677.24772
694.74267
511.85751
512.91703
298.07123
518.74647
407.11907
398.78862
362.89233
663.84347
526.45419
749.8363
613.99861
300.55038
611.67935
372.10315
335.93481
549.91987
574.32488
677.32619
602.31082
526.137
549.25196
488.87811
552.24365
490.66834
478.08276
516.56455
430.91346
653.66054
415.41842
462.89106
674.25334
548.3258
530.95369
660.1363
698.11386
801.39905
428.09167
304.66427
666.09956
621.77865
722.25935
675.68043
512.37467
807.15918
582.27178
606.75841
544.07392
564.42364
166.00539
302.28713
329.95103
436.72236
663.74885
383.69987
602.8787
424.50108
285.00657
415.7584
634.35154
580.67854
304.99259
486.53153
425.5798
357.10145
239.4083
259.85074
397.20302
180.345
299.49669
225.04818
490.57895
329.74534
263.09023
390.62213
349.66919
340.80936
276.4153
236.10945
387.46255
219.47325
217.44096
285.37206
193.71809
189.85387
318.09025
239.07555
312.11752
531.51792
731.56622
552.22556
426.6599
303.62922
400.86641
362.7035
490.59708
405.8163
563.12693
610.50949
331.45304
430.66559
425.32229
295.46785
596.07939
166.0255
516.45311
362.62648
514.17189
480.0387
315.36284
581.14223
432.55078
334.07203
548.31498
552.48258
446.59624
410.36065
307.31314
340.04563
491.66314
384.87776
402.45068
475.61872
585.92226
440.9042
273.49088
131.12317
252.16359
414.57712
120.50598
301.06489
420.98907
403.54319
377.48607
375.96068
246.26954
462.96649
249.44813
239.58229
357.5344
169.18543
357.89964
544.71119
451.71421
522.87043
246.73668
146.54008
432.64247
414.17221
240.12741
390.03992
397.40358
397.10149
546.22899
420.54915
332.39127
459.90596
470.61241
124.51395
271.61921
300.32044
551.79738
437.42908
327.23448
340.88508
357.27557
66.199311
420.36613
195.84896
157.18773
394.03535
521.45206
403.76182
299.47612
423.99524
573.0008
491.29104
351.13671
488.00682
446.17485
373.5114
316.87854
301.49596
203.61961
257.98472
221.54996
393.48831
403.241
438.72828
453.552
170.22123
549.64706
9.6452885
259.29897
460.91575
279.28895
355.86344
77.160803
396.81693
208.92914
345.74789
226.48698
483.98248
521.73933
353.41699
205.78034
253.94418
518.65855
422.14429
424.4969
250.45771
401.47899
392.86043
279.37699
355.57416
326.77135
343.25923
410.55137
542.7698
201.73312
448.70489
471.82029
306.75764
307.24716
176.38057
524.45285
528.17809
344.31543
239.09901
346.40437
187.39518
254.66036
431.83006
394.70794
-49.895381
290.59618
303.07439
366.95441
309.21391
354.98035
318.62198
171.19932
300.34417
287.58981
567.56093
246.14705
646.10417
249.17744
136.66542
215.05432
253.50682
409.95867
364.10609
468.22943
325.5453
327.34928
270.6229
263.04473
70.209555
475.62501
140.78945
204.94685
45.921498
225.90495
274.52606
387.00627
223.67932
284.19069
579.92999
264.36399
132.89784
66.168616
252.32434
418.61566
406.37188
339.08917
244.134
299.00154
340.0381
394.1532
346.56529
312.75682
381.23281
336.34796
336.91269
108.20141
302.3687
494.89874
289.39634
292.78341
420.67259
452.42871
276.43924
452.60605
465.19065
189.65408
235.69699
204.5033
108.93366
528.20856
382.48726
356.28531
198.837
205.63249
34.717516
470.24238
378.36796
359.43941
529.61987
308.96308
258.14384
110.83823
213.52892
137.3728
30.098792
-18.882687
93.96185
368.99749
499.0019
453.97422
296.73012
393.17146
272.63884
330.70602
123.48701
263.81755
384.84394
372.59342
311.56786
294.95782
137.25045
395.72066
252.39985
288.42744
236.17288
66.908189
183.05155
181.08711
164.25409
202.83644
183.45423
293.31906
57.941257
177.73266
222.83909
302.33409
385.85754
573.83488
410.55652
166.20584
200.76666
431.21608
419.4297
281.38817
300.47335
390.50896
119.52156
265.51704
170.2649
360.49916
360.15054
296.25466
229.54293
405.8647
367.26057
-136.96453
439.21915
303.35605
425.21381
437.93195
182.3856
362.08523
333.16976
395.87133
486.30645
473.9854
226.4351
441.59849
213.48819
444.74573
275.19094
245.99704
376.43235
373.3142
494.20654
458.90603
505.82283
516.26401
532.49109
585.48701
462.76987
461.90101
462.27535
362.74037
150.92707
313.11548
339.23816
347.67196
264.6915
307.6646
198.49775
73.123265
353.5646
504.31582
328.66676
378.88516
422.31678
422.18976
285.96271
297.48438
310.00018
317.47243
97.936892
320.42288
204.31998
202.0765
120.61744
184.30413
64.128904
299.17855
56.079135
287.46641
8.4294299
125.83931
215.51499
81.646701
132.45014
232.74711
174.07642
335.55017
384.90408
227.33949
249.28127
225.87466
561.17961
485.41944
353.1185
438.36258
628.03129
312.47736
294.77822
292.21031
449.36754
320.13144
657.21803
436.37709
345.69781
420.87779
-8.1563053
234.21078
258.03301
340.0868
472.0334
323.45069
368.38313
214.5562
181.59257
430.02031
354.46127
354.42638
516.03042
526.86184
179.23028
337.37362
290.2022
255.86348
173.05677
121.12649
214.48132
277.64777
108.74577
188.29341
333.76837
539.96845
675.56848
594.91438
226.6046
380.07367
260.51509
314.19396
221.72032
176.10452
465.1512
318.19707
408.18283
309.77694
255.62812
408.92472
128.58559
298.03462
284.05616
198.85301
324.91277
215.03703
9.2215243
347.90532
198.76673
-254.28549
116.16097
215.97966
535.41572
252.18651
277.79495
350.03076
580.44934
312.10717
175.71944
330.05523
327.17919
378.01089
217.54781
286.65978
91.734935
137.07695
231.7081
377.54972
330.20395
374.67598
132.5533
515.74851
82.331934
161.89245
196.04042
346.25091
362.32729
382.26602
235.54903
281.2139
581.09904
526.14241
329.62162
243.60009
190.31345
92.701316
54.641016
365.26759
248.86555
486.15842
452.87017
219.8175
252.09945
177.19486
278.33023
221.03784
386.90865
316.81404
425.75886
621.15992
281.51101
265.15294
188.6216
103.04227
292.62986
507.60885
463.56918
488.56047
406.4324
266.04232
296.26517
39.231069
175.14006
344.51067
164.5006
201.90197
367.02066
324.08704
374.10752
565.50009
532.32216
573.34579
516.29022
522.34781
522.33856
559.93211
576.90392
587.05466
578.16997
362.79958
399.91019
365.57723
123.59594
242.80233
423.39252
444.51683
446.32722
169.08142
249.55025
128.84287
211.40664
300.12241
293.05259
341.45247
473.39011
436.73815
357.46661
318.87232
288.91689
478.27767
230.9334
776.68636
405.95729
203.99298
-16.501448
61.378144
281.80972
602.74221
203.52379
373.54208
142.77538
116.21177
412.95546
675.50975
365.19304
248.41166
320.08359
254.93963
517.41276
441.06823
347.36144
356.82969
215.42719
200.10701
410.07389
232.90213
231.77214
250.01584
636.99009
330.68742
438.69324
313.27572
213.00054
540.87155
534.80207
426.23341
496.50705
471.88679
373.56584
686.33485
572.10223
238.22445
499.47779
266.82833
398.1539
703.36519
421.13899
113.6912
20.511813
330.40718
75.975705
202.8742
566.7216
400.90277
240.58328
552.21763
374.92293
275.39604
411.56346
454.98517
371.53803
377.74258
438.65025
292.09024
461.11388
130.66134
168.21562
237.20517
304.1699
78.403558
214.64759
214.41651
487.85239
432.52033
341.0799
496.09945
281.55641
209.7547
447.8068
286.66411
225.82588
426.75536
267.16866
408.69334
45.384066
138.62785
-4.4270711
58.810257
43.296245
365.13477
494.65163
75.626263
268.25896
340.70616
257.60219
42.3517
166.50612
265.49921
359.042
172.53713
304.04293
256.6723
240.56506
277.76314
307.82941
199.51182
353.15852
399.80989
220.45673
393.63312
406.62636
285.59397
356.24757
227.82715
700.07325
392.19951
391.76973
275.07932
521.18468
402.43125
72.528687
55.991715
106.87544
238.97194
240.51378
319.58265
322.18755
578.38415
282.28039
363.09324
484.82695
371.44196
251.85242
368.50051
464.63773
461.93127
379.63367
230.6209
278.94607
272.00405
166.39423
306.86653
235.20653
348.46663
95.503519
178.46026
438.86599
233.31783
302.24983
279.41299
32.963266
75.998895
342.49448
305.97282
622.25473
437.52299
265.82891
57.981652
426.5987
494.0289
556.43175
436.83911
223.00574
368.32437
237.05937
118.7447
308.34558
22.481047
358.31329
90.413305
284.95229
413.49315
283.14348
327.64807
57.932371
496.16743
156.7961
170.59979
321.83675
343.75072
289.97913
164.68908
196.89386
152.38195
191.7569
289.78007
483.26534
45.790774
599.89757
532.75034
307.2486
293.58898
212.08828
75.709881
387.4058
405.16266
357.47234
189.1928
303.80047
454.35165
516.55093
157.60274
428.57955
378.15121
361.09173
416.43952
282.07938
365.48687
522.54845
285.53738
497.09431
328.70054
113.3654
274.51352
359.20853
584.30127
636.30352
320.1459
202.93518
77.226418
94.801406
18.038701
329.88067
418.14979
341.36176
328.59012
746.50893
294.48098
236.98571
324.05926
199.69041
238.01714
368.96391
109.65531
136.47625
253.7435
559.80579
538.99201
301.33279
268.16156
221.01954
418.32536
230.44284
445.92543
175.32294
510.65841
214.10385
280.00913
271.92431
362.66743
206.33285
247.61929
312.57845
203.66749
491.71327
134.65858
142.01749
471.81384
122.30195
199.87225
551.63761
280.98671
415.82666
674.78835
387.92113
372.50285
473.75167
169.73279
138.45657
393.79804
389.96796
280.42217
390.97218
224.92071
186.47841
221.20276
228.65634
182.9631
447.78436
593.95977
269.36762
170.81088
314.9502
290.78453
46.347414
313.8691
399.98507
249.34692
324.16028
499.13997
342.74455
506.41185
110.08163
210.94131
480.91597
401.77373
471.21015
252.9483
434.68655
422.61385
114.35619
341.67574
187.89112
474.37999
263.96619
351.11824
256.70483
338.92362
228.31424
307.50878
345.8381
490.2221
415.0931
454.77702
312.34432
407.06317
420.84597
232.28522
301.9717
353.78918
254.28628
277.63623
369.6597
431.96468
408.6534
219.6045
373.59486
362.52209
423.47155
632.05886
349.95711
215.43037
385.94458
259.4189
101.90599
243.57758
318.8345
309.78713
583.41485
309.5318
372.64756
305.6596
432.55383
491.52443
412.39137
117.17816
392.67733
457.80266
288.86729
202.81548
405.74652
290.79267
268.81025
484.74251
579.59213
523.19351
418.52094
560.64427
280.28801
156.52368
397.87536
145.21168
468.60035
456.65125
565.23222
373.70768
440.58702
426.31093
596.77755
222.02179
383.05212
327.80717
251.17391
194.30089
326.55537
231.70367
169.53241
498.48593
665.28871
661.74134
74.683397
107.64108
344.86363
230.47226
200.33939
48.573453
177.19781
394.98423
368.5343
569.52112
431.81351
473.50306
340.13007
341.73747
498.62021
552.94399
454.51386
489.45596
198.48139
192.37791
315.23281
262.65287
154.4476
276.79408
416.43891
261.27915
571.58869
323.85211
602.45204
410.57715
317.32075
479.43583
489.55185
197.28721
177.19861
260.46237
121.21867
346.3675
240.82342
260.42069
292.97348
491.49932
466.29865
608.0387
479.27121
424.57471
184.49424
252.32037
165.97327
341.15447
258.29034
200.87925
245.16045
55.457905
98.907001
414.2785
501.6477
338.53086
233.67879
406.56578
447.52559
378.9324
399.98163
131.2428
193.72285
440.14829
141.68712
143.16661
254.82482
271.9109
657.02091
497.82204
133.55714
358.89547
358.68333
298.39876
696.97636
314.51088
372.34135
162.71832
385.40816
176.79266
327.93574
95.509106
148.05627
126.18805
-21.229968
379.51949
465.19721
444.57822
394.61083
507.22417
282.02895
225.69051
207.52057
133.51568
91.922104
360.85934
197.13825
391.46441
529.72725
387.84568
249.80137
209.49038
312.77755
481.13548
475.01055
508.52208
381.66178
163.51769
366.20405
169.66402
264.14224
522.46288
282.34191
482.43013
208.85011
207.63203
-34.670946
269.94073
500.30033
372.5113
438.89874
354.98023
338.49948
238.21316
408.05379
381.88143
330.40616
230.91544
337.19876
335.3769
259.08336
-71.754571
526.81205
450.85101
535.64825
438.15481
188.64016
355.74332
346.4703
585.70018
706.49009
318.22437
612.62553
214.3836
487.33447
201.03684
475.27034
419.94343
590.52261
578.51756
404.91373
277.62277
102.76668
567.88896
351.07081
225.06283
521.25027
368.87708
368.11777
302.96828
457.32923
423.59841
466.24159
378.80575
132.9874
101.70894
371.54266
342.99978
259.57037
328.74936
176.08134
260.32117
272.39616
240.777
501.21944
459.9565
385.81171
175.9756
311.16624
202.76051
613.45306
351.63539
240.04336
120.5011
110.58894
431.17817
411.27821
529.51908
636.2839
598.66674
487.87085
432.18695
254.56787
197.85089
-87.15794
490.94802
385.94341
349.09054
492.09743
146.86827
370.90669
370.4827
414.31178
245.01056
170.3179
117.42335
465.96978
470.18955
528.05566
605.9544
224.60043
222.8705
173.23237
380.3934
457.31626
527.15271
338.10243
136.06205
343.44167
275.43606
444.72993
443.94206
247.14472
494.01268
358.72755
353.15838
508.31893
614.03352
343.87599
571.54565
330.33223
230.49894
267.16532
299.83384
240.1976
463.37195
373.28706
434.31541
422.35544
408.82391
610.17554
536.55298
416.59373
362.21997
640.92907
290.07907
556.76265
213.91115
252.18262
713.91656
491.41296
1.813587
79.340848
433.53357
385.60083
163.66839
411.22834
366.55662
349.10226
233.04749
284.42413
242.2087
351.08682
329.10264
328.99434
391.19067
405.98092
371.40844
355.65865
332.98659
410.53978
625.87336
358.37412
536.63604
312.26693
136.17833
197.46425
340.5659
238.96409
306.63914
297.01478
426.47789
342.36251
124.86669
254.0645
438.31131
253.07234
280.57575
392.16829
155.39529
404.1343
398.11922
537.56213
515.98299
243.08436
354.63222
123.17438
291.53474
354.85067
136.0832
236.65363
30.401048
293.4775
278.79146
365.52876
557.02779
430.12985
463.41389
262.12124
533.8116
388.16477
364.83033
512.47477
371.62087
206.40987
594.19299
439.70333
375.83192
392.25839
210.21549
309.69737
299.88913
549.09366
507.12871
424.2527
163.09256
387.70369
386.75072
378.57734
189.72263
296.49145
256.45034
225.75262
532.96374
117.86536
179.44737
86.162807
293.98695
585.00014
305.15295
446.76245
346.13878
222.45126
422.50483
125.48805
187.43677
256.14725
280.6974
570.39198
511.4549
389.19843
234.16689
273.20214
314.62285
353.52328
237.6561
74.644704
372.60866
234.1386
512.76958
245.72153
336.42181
414.28391
430.97985
301.58276
377.8719
202.80088
303.5027
387.69153
337.25518
364.23917
212.54188
459.7219
346.20541
451.10742
526.12603
538.2194
401.50684
381.61308
298.3147
369.40399
392.38824
629.61606
410.69582
417.6021
144.27519
98.181852
310.95511
260.02084
153.36609
360.01541
504.49658
303.96903
431.17418
469.56352
337.40871
226.16961
369.64578
312.29527
537.70374
528.40808
280.47961
482.40206
338.17872
181.43355
322.81214
285.22385
446.51407
259.98208
472.35508
356.76523
111.42345
224.8804
432.34056
345.27245
292.15424
166.73092
140.04038
165.03928
323.4938
364.24308
113.52331
120.27586
572.80893
410.9923
430.3237
308.70024
272.46401
435.61511
256.65635
511.99752
260.41431
404.90779
239.22452
79.371765
397.5708
399.31777
333.28186
454.97018
458.43839
572.05254
471.63684
302.60077
283.05415
362.50439
218.2545
189.36248
284.56417
305.2552
286.77781
263.65335
717.79293
651.44364
371.00693
445.04296
186.96955
139.342
299.02136
305.66356
573.67977
390.58171
324.98672
477.5253
303.97478
279.39297
564.4483
224.56124
176.00579
354.10906
321.04321
343.12943
338.59196
375.37938
299.40311
195.88672
238.39356
92.212847
442.96245
241.43161
284.89438
458.0942
412.84036
303.68182
442.70999
245.45085
268.39035
207.88128
324.58444
579.22757
593.28663
587.48359
269.51348
285.36895
324.80406
535.18565
496.65615
429.57878
193.08888
309.32559
464.22726
400.51648
271.72489
461.88066
449.02502
260.12613
155.56574
141.01755
404.91339
291.03756
447.87008
539.46941
259.02712
511.31991
342.53356
461.93253
450.95123
551.79585
458.71549
280.59385
184.84878
552.15501
175.37958
264.34036
161.49741
81.570576
197.23112
131.03716
405.54682
484.80809
146.90765
329.67268
456.59719
221.31594
184.19252
380.13904
314.39556
380.45398
533.17835
298.3485
101.63835
310.2338
459.41206
179.43213
208.5178
454.33692
108.84479
379.35351
225.1371
249.88307
-69.480112
306.08555
492.17524
360.79627
428.2951
215.48478
288.16665
17.489595
345.90016
171.21603
476.46944
250.18656
147.45169
172.50055
187.44361
178.42097
287.15315
440.41332
96.525739
278.27139
257.10077
208.82208
495.01984
481.40753
478.4421
317.37547
296.90739
272.98908
154.93606
380.17471
283.31503
478.17666
420.90161
139.47857
318.45253
212.75921
380.56143
361.39307
246.69139
238.23781
-3.0271769
37.66537
135.8092
289.77632
202.2998
154.0422
277.95678
9.7054758
243.96509
612.24334
331.79754
194.01167
430.64908
403.25584
128.6208
414.00481
475.60164
279.15155
382.91704
220.15797
287.40978
169.85223
393.08444
440.16925
256.49378
236.76195
622.59482
388.29818
544.38387
482.66588
400.62937
484.31094
271.46378
329.39972
474.31617
584.86588
325.96285
319.48274
511.87327
220.82756
564.67855
365.69029
385.72675
460.11501
419.73667
331.15788
251.38369
45.843737
188.78344
441.79151
477.04918
378.6963
372.15559
477.08482
474.0786
175.63929
-23.005874
196.06768
107.08876
371.02001
510.00798
421.915
554.23304
175.99339
446.66504
414.70669
316.91468
365.68741
205.98232
219.75567
599.3866
591.654
341.32669
503.01032
484.93818
444.17644
153.21813
135.55225
184.53556
183.94873
392.06171
395.04983
281.17849
68.817948
342.87513
597.44981
329.48362
378.62109
43.13227
305.81867
375.46028
530.67507
275.19246
131.4971
478.98304
647.55671
291.06616
282.37096
219.7179
233.59192
131.29226
225.66837
392.48375
406.0791
253.62583
246.33315
249.23317
388.6705
214.60351
650.29376
387.73108
322.92535
573.39218
253.05471
273.43205
489.29704
333.73281
658.63636
433.00537
521.43337
148.27689
169.92709
575.13015
275.75613
409.42367
241.29994
558.82559
176.15418
112.14143
448.97994
377.99324
406.14736
516.76577
274.57542
224.61597
276.64342
349.35099
218.81223
112.88043
661.17281
601.08877
281.44957
577.84017
208.11639
245.35667
102.6217
245.95393
283.75109
291.30639
444.14579
466.27063
467.82472
381.59668
603.78867
364.43942
467.135
339.1424
272.04969
221.52626
611.70281
157.0313
306.83417
522.95991
243.81365
187.97492
398.29724
142.13679
630.90416
465.12168
412.17712
256.01972
238.87862
358.35658
348.75528
358.068
129.18368
294.29293
233.43921
166.43066
289.2792
350.71108
97.65177
368.64565
262.48308
279.91412
317.45766
169.84853
437.10419
415.89647
515.39316
468.33768
181.6994
343.61691
335.12511
-22.584346
310.21685
116.04355
347.30484
386.21789
271.46891
421.6978
378.15768
448.08373
319.22119
416.78747
567.27517
452.81736
496.77688
391.32378
368.73541
404.58666
311.95338
359.41075
495.13606
262.73165
564.56244
625.56652
243.99867
63.31021
313.12305
131.00239
407.58967
205.02716
580.56186
444.52375
319.13508
615.82885
394.63868
127.38473
338.91362
436.73416
-51.224965
214.97715
239.99133
180.98125
274.23347
73.017707
415.50818
341.46504
245.94832
356.43591
585.80631
432.65184
616.61905
491.33725
119.80936
131.73863
142.50234
330.78754
341.15275
513.00771
288.32401
400.1164
50.893492
474.0257
363.12234
282.76867
470.70523
708.70222
246.76458
394.1297
331.9249
412.34822
399.34876
285.90365
376.37146
-18.73756
313.56744
346.34348
308.75696
4.9300497
384.21174
258.50379
309.37791
501.10136
322.01647
212.8368
208.54976
620.44804
293.02259
334.8506
295.75949
124.93984
515.4425
351.57484
140.21459
85.618883
157.12388
160.4699
341.73751
428.83673
449.07495
134.64308
229.93424
420.6166
235.17573
365.75386
398.70894
336.84745
456.82492
479.89276
224.24171
474.79713
432.56553
371.78929
423.43876
145.67376
69.701054
99.723923
276.01613
265.07214
71.994446
298.32245
260.76605
168.339
546.48156
28.508788
221.70598
463.62827
402.24389
316.44925
307.30599
489.24619
325.37181
368.80112
114.86862
412.52777
295.94579
540.41222
266.33146
290.58754
265.81542
299.04752
363.50961
94.799426
277.84587
371.11224
482.61144
280.02485
467.71699
483.08823
448.64236
264.614
133.26545
532.53819
771.32872
283.19705
427.86046
403.88355
304.5801
356.1603
254.21345
353.05145
506.06576
591.16655
168.72877
229.02829
528.09263
213.29277
318.75049
373.8311
208.67396
359.55034
199.55178
39.623793
179.59618
302.33337
212.58549
143.18521
-12.277726
261.90144
581.03046
398.00846
489.13236
213.15251
331.37304
286.31173
373.9334
192.05686
313.45245
440.74234
505.30385
266.45196
596.00155
266.10821
560.30108
159.51158
211.21226
136.7591
510.00993
429.73816
224.31047
328.77827
401.99378
422.61633
269.25803
390.87217
419.65295
427.30419
125.83778
165.77636
255.65601
215.14875
228.15512
167.56907
274.725
297.7264
470.99069
695.25197
398.09283
431.81334
565.83897
253.1762
278.68205
275.43784
182.00702
387.58435
529.0734
433.58567
417.764
472.34271
345.92295
415.37095
281.50822
406.56304
530.3172
210.50978
456.12312
443.07893
349.69015
168.70894
193.84424
-30.520695
-46.520565
400.60614
342.73992
495.3763
123.93126
315.50355
198.84044
324.56594
172.22849
109.43913
340.97504
361.33723
423.37088
660.52911
483.29012
480.63542
327.8681
515.30021
434.58401
457.37047
251.32151
720.22714
476.77175
242.18792
309.96234
250.81895
87.762608
182.81344
226.28028
63.139971
236.67399
193.15939
132.18513
316.76137
386.92892
122.03582
-45.790584
167.07959
192.06743
496.83183
303.59961
17.231811
357.79842
514.59275
425.23397
288.11764
266.56898
282.3828
294.0263
163.72807
188.08396
342.16281
583.01615
129.2667
386.56374
207.7448
354.65237
157.06139
268.064
483.23842
295.01057
313.83569
233.58027
340.06022
267.34371
328.94477
177.17028
584.18263
457.75303
163.62631
58.926676
420.95947
324.62875
269.81473
257.04247
79.670062
270.54289
522.27147
411.5304
356.38481
413.01549
-51.885366
320.56948
367.29295
259.69131
342.25906
150.53448
403.07049
466.0915
189.83044
367.87901
285.18735
441.47911
444.67122
307.93166
371.02718
429.13211
384.97299
169.46437
295.02878
273.77673
394.64003
32.738663
334.47258
317.23749
466.51301
495.00581
301.02875
68.599499
201.39226
222.11116
341.31844
120.83347
234.71947
303.29063
351.04584
130.09467
438.86271
240.93095
753.25592
536.3382
275.56507
426.07522
392.315
290.41619
327.86093
385.82517
288.19189
430.28152
159.89573
233.56046
364.14205
472.57025
418.58453
326.86306
513.13772
265.88407
354.1392
486.98394
452.11916
245.46866
391.91766
323.05753
285.62739
418.08928
466.91776
520.96893
361.05666
401.10323
360.31994
464.05155
332.30341
261.51712
157.12568
391.20728
521.32571
650.17207
461.0984
311.73637
260.45471
330.05228
157.72519
486.7507
419.238
135.73491
367.08816
474.51341
480.11089
390.50907
430.11599
119.89964
314.89468
323.38658
279.14821
204.10808
303.04045
415.42414
156.72994
322.08924
626.76548
504.95395
309.92587
24.11728
366.39181
99.841176
289.83629
350.20961
349.8629
333.72796
185.88054
334.17026
195.43979
514.12286
335.22243
296.42185
295.60719
367.17829
213.77468
305.84434
195.78833
111.5196
378.20108
422.2795
198.77162
230.76136
206.35705
576.48337
440.83535
547.87756
462.08942
441.92184
222.06305
143.00226
345.15215
427.3218
-72.370264
264.82658
149.96645
401.38175
439.8363
456.28684
343.86038
21.575714
351.86839
374.2357
419.10859
242.9425
223.19426
201.94391
463.10291
354.25547
384.54297
303.57514
138.74446
218.66044
393.36445
305.64959
335.22882
193.20281
63.168006
280.70228
295.26466
381.04119
295.13676
376.06771
34.2851
191.18185
220.73355
90.878269
383.61249
270.63391
369.03057
369.48776
402.32228
184.43893
274.0922
279.04008
459.43842
575.52598
421.28062
140.14412
137.17417
325.34109
451.67729
448.64077
550.13856
412.07056
253.15741
600.75205
290.02204
533.80909
669.246
216.32773
302.18811
353.54097
378.56645
201.1895
32.842832
130.09163
418.80233
407.23531
317.97632
534.89584
624.42246
456.20831
165.78027
66.781914
478.14046
385.60503
420.6262
291.28779
317.57271
231.15847
497.11546
193.25831
292.37028
184.59997
207.97413
216.83057
254.79964
345.0017
419.08264
414.07069
593.80101
79.46885
265.1682
275.72871
407.78781
264.53827
305.04902
187.73447
99.570217
274.59517
209.60804
341.01796
93.662913
173.88763
425.23711
341.63335
285.35353
333.9404
563.77914
430.3852
447.28705
280.70026
424.99563
147.31563
305.9844
370.38387
501.73859
368.36685
456.38161
341.25066
335.81604
476.26203
451.82444
568.00501
484.07998
339.14407
311.92796
138.89136
227.41509
442.4141
441.34184
285.72913
506.68459
382.85632
535.63391
479.73009
161.8226
226.08577
534.22269
706.22325
286.85996
426.56868
254.1457
228.03059
38.374785
222.29149
309.00241
536.18861
140.35937
397.23042
524.92686
445.698
414.07305
656.21607
472.58182
313.29093
344.97854
371.3267
637.42267
129.12081
248.9554
177.649
190.06164
122.23215
265.94499
464.81477
499.21923
229.03972
126.67583
133.54954
185.46369
408.8376
100.65271
337.23336
139.71057
368.86423
255.56968
398.43693
291.66953
341.18992
513.20456
694.87344
313.49845
359.84582
181.05818
278.36835
349.04407
426.42365
190.37072
207.41737
396.56483
335.17294
193.35492
374.49114
317.21883
576.58096
423.56473
461.06671
174.02437
427.58172
213.97877
445.04097
267.79975
317.96763
313.50969
355.73419
52.463166
195.56542
517.61551
144.4351
554.20359
428.01242
121.39723
337.4448
286.094
311.0591
391.85293
137.02676
176.2492
-51.368774
169.0144
428.17592
256.33886
295.75046
514.22466
334.22061
239.09739
495.27663
556.60817
401.28304
327.96359
521.68862
390.73805
288.48139
331.87526
425.57557
194.49874
342.63101
630.32722
328.64157
329.67159
200.26711
408.24029
215.99514
381.17074
201.2348
480.63999
552.69418
294.3549
286.7534
169.09444
339.61559
402.95525
498.21737
357.00239
118.42724
381.82262
377.3925
354.43737
218.7244
359.57504
763.58211
475.63925
605.25052
534.61074
232.01429
75.420948
209.76303
208.86215
474.81398
523.05017
464.0981
339.39688
483.89874
214.45457
125.64615
302.73307
251.98652
252.33211
153.41472
496.22846
384.03481
377.41903
197.88991
427.84764
529.7161
289.17564
593.98174
153.25565
230.6958
246.00788
416.64648
0.49253177
151.79161
526.88189
575.96739
332.83811
71.517906
454.65497
558.598
403.3397
314.61155
85.040389
488.0279
523.48636
411.69456
269.96115
200.03761
349.17123
687.72639
389.79954
333.11586
456.56844
634.97265
251.40135
410.7822
365.95254
151.80991
429.1687
118.86219
413.8949
235.38303
212.43453
289.46765
377.13224
377.8391
325.82901
250.414
215.3153
311.02551
235.16254
395.52266
282.39133
249.9077
297.16366
880.63777
331.87334
568.10284
203.75045
266.02422
143.08693
405.3341
477.36974
447.794
318.9907
473.95333
299.83652
623.11127
615.95927
295.5164
343.25571
144.3003
-77.181564
804.36772
624.42195
474.24696
196.62345
382.53972
472.24697
347.96147
170.65766
404.12972
285.85695
345.88419
396.76083
347.37225
186.48623
376.22159
278.50043
389.70223
365.50155
566.31603
362.74248
369.40765
707.73693
162.63364
477.64433
291.35642
433.70781
370.79467
439.74045
252.29051
716.55835
502.19863
294.19889
441.84068
303.78015
516.78095
299.82985
205.16819
451.0633
238.35349
324.31443
292.84835
314.47141
365.62642
294.89514
664.17616
706.32901
426.17866
304.78537
328.77929
351.35896
324.82771
143.13508
317.24401
331.27605
291.3121
323.28857
172.50796
457.89285
318.178
159.35665
244.41091
451.28283
441.24329
378.41532
535.92431
568.85306
463.43431
76.817975
265.65352
288.51427
223.69671
651.51757
329.0752
237.41872
285.53532
494.33405
327.76321
137.21594
197.30363
450.43361
339.2857
423.58792
312.33797
362.90284
272.37615
429.22312
523.07708
153.3291
385.35229
232.82567
156.16221
387.42038
297.87678
401.49272
369.01434
408.51789
117.67345
62.651778
425.60213
338.00213
342.4693
369.15477
162.37201
245.67941
158.74125
563.64122
440.21708
437.62202
513.88703
272.6289
78.038484
188.85379
378.32902
279.24751
382.83271
226.35629
415.28992
29.239426
271.4826
375.66592
248.78724
173.97885
68.570624
301.45001
324.80758
583.41548
341.71846
137.09954
465.43575
316.42804
424.38988
396.50223
212.87481
603.45085
241.7713
457.69727
258.31276
222.66187
447.59291
611.18431
819.1524
417.50585
350.86635
141.66049
-98.912152
235.71176
47.106154
523.0236
502.16636
125.50242
72.564991
336.71667
387.87166
186.2662
322.10723
353.44628
369.70896
191.51466
158.19928
-52.154318
171.312
386.17067
247.05828
214.1997
334.55536
351.58029
327.08929
263.07085
419.89898
359.57392
289.89544
225.10384
235.97677
509.33655
187.9195
181.5758
226.30951
474.93287
393.2469
307.48208
234.3496
401.57322
157.29493
391.98409
255.68789
346.23315
264.33654
321.63907
343.35645
298.26241
182.86925
306.44495
456.06174
214.67038
614.54061
266.99126
489.27497
324.42453
97.078831
381.09544
406.11588
272.32057
341.78243
407.42958
434.17836
169.56523
180.84063
62.364575
348.40325
135.02042
114.07861
399.37589
93.977908
243.05789
368.51884
414.62488
240.37213
469.34204
387.73349
320.17041
230.8005
136.07348
380.5823
505.54199
453.47354
530.31525
539.90299
314.9179
461.75182
448.0762
24.231561
289.37413
114.27343
195.87831
351.75584
312.70994
433.05067
347.1957
447.7245
494.85173
279.40658
155.26628
244.11467
434.93759
439.2759
156.35036
340.64942
307.66221
283.16159
470.5269
536.66485
203.31014
377.20679
283.21091
146.64186
140.1451
384.06133
247.46012
324.53703
281.10406
31.416583
433.82721
455.07254
360.06736
281.15648
269.3219
149.10887
503.21749
118.20744
70.614013
463.56703
383.16972
368.28
246.17002
335.13152
173.64303
317.98552
160.835
144.27962
320.29246
135.01175
237.5707
340.22963
153.2912
121.03669
359.76902
469.32349
307.62422
331.07495
219.75202
595.6084
431.88634
390.51684
416.00529
99.115645
328.23003
347.20528
284.04434
478.66334
248.95597
468.25743
419.64309
629.08447
430.01331
214.67814
266.58066
-5.4777404
177.01683
207.46241
263.39095
268.97308
303.3507
327.63652
327.18327
359.88983
175.46711
245.09979
113.12252
427.93015
525.98613
195.30475
267.85524
406.19274
228.2581
-118.5759
347.51949
202.70519
321.37636
315.68886
288.98065
377.23544
518.64644
421.96464
385.92047
206.31364
434.42036
47.992375
225.30762
314.78462
445.61172
414.56654
550.81212
89.312198
389.09326
273.49172
488.77061
154.32467
158.60122
427.04915
274.9792
323.80019
367.30783
211.61417
244.22988
444.43745
441.11218
576.83919
434.82473
282.9204
370.22867
392.93642
382.54701
527.15442
574.57779
504.02912
376.26207
262.65746
316.06391
491.82291
490.96391
320.2894
344.68863
323.90726
180.53941
260.3686
260.06137
344.58935
416.42685
482.80726
522.27104
381.58064
398.24733
298.8979
57.303449
175.21058
490.02044
318.64198
445.01906
421.27047
323.30612
353.09882
198.25728
273.11582
200.48993
178.78805
276.02004
134.17077
444.88463
175.54561
450.91634
153.72815
247.88015
30.650177
284.72397
232.07852
317.19104
185.30258
304.27023
383.34965
353.4774
399.29505
270.03641
399.60462
273.66014
240.21678
350.79107
316.21257
463.14078
423.84349
459.51838
297.66266
242.90216
320.72078
429.31851
380.42973
248.15884
306.38547
162.50479
105.64166
363.77531
335.92241
437.99011
397.61192
167.62566
281.70487
166.49312
218.26877
185.96177
210.3796
14.784438
354.57066
420.22603
106.67782
72.842923
191.51386
257.58986
255.12622
600.9314
470.19877
407.82212
361.55357
347.3587
399.55703
345.91202
242.47973
201.11373
178.69493
509.06527
361.30501
275.94579
233.7269
-20.397103
491.24232
135.10585
239.23035
82.47952
253.04449
55.581434
141.67436
479.63932
359.69677
531.99995
441.68228
697.66827
324.13081
315.05639
424.13372
536.39579
286.01817
173.21778
238.7534
282.30424
297.89313
262.19568
211.12335
160.49065
260.24107
173.98627
68.04532
248.39161
438.60814
344.47828
291.30359
301.19449
-200.06764
-18.846134
62.271496
294.97668
511.41004
395.01494
258.42107
304.238
524.37379
326.25122
229.82041
420.16354
492.0886
79.665955
103.4079
198.31417
316.94636
226.9411
517.37248
221.99543
337.08779
233.35901
291.77765
446.92092
291.55324
258.89991
243.09809
233.8649
472.50276
401.34898
210.3766
384.18748
280.72302
133.66864
49.878672
300.14815
300.07162
256.40628
464.58001
500.34554
76.422265
48.255553
172.16317
125.79945
94.300651
141.05657
302.90834
442.96243
289.19748
185.58602
471.38272
70.849109
376.53705
427.7334
260.41677
29.626098
429.18934
637.0017
410.15095
186.50376
318.9
235.01641
330.03496
208.27523
569.35854
512.08359
342.13603
427.33474
392.55969
471.12887
334.06236
407.26507
558.16086
53.267195
446.17621
197.42196
383.38968
431.04181
327.33769
205.63878
467.26828
325.20533
217.27408
229.90942
478.08813
464.01394
520.76416
496.59503
125.76041
300.21831
358.64917
503.58086
460.00272
479.94399
310.79653
280.43169
318.41211
381.78999
453.43429
478.60749
281.84755
138.27002
531.00338
164.83492
308.53782
304.20836
545.07889
434.04266
197.71953
120.78884
319.14812
274.27341
398.37531
137.0837
446.74998
441.98443
344.75875
261.2451
282.77111
62.190558
329.432
345.77563
295.27757
256.54909
484.02353
252.64896
256.42187
247.16744
244.0399
138.67023
127.58867
198.54302
52.228974
440.20221
519.42573
312.96461
125.55532
292.74755
540.39532
411.0778
348.19563
247.95598
281.76324
237.0439
558.73017
293.40101
198.81535
490.65907
234.86029
173.02397
490.70444
309.78478
278.84883
134.64537
143.90378
245.44138
503.84093
669.80686
281.09651
383.04495
413.81317
54.67189
284.67227
396.36432
565.37884
387.01649
430.0739
348.1455
138.3665
322.66699
112.35584
117.08827
86.903724
28.100844
153.02582
40.393082
414.09811
523.9741
484.95978
219.26076
497.8487
379.99636
300.16034
362.21565
410.38105
391.19684
284.1968
202.16424
507.32012
323.78247
136.34954
103.24424
225.9239
460.87415
290.50909
331.43889
483.19673
158.80413
108.69333
340.20547
355.1831
287.46129
509.40401
32.654387
338.15876
254.53052
252.06707
310.4308
236.48081
261.9583
318.66711
399.2147
641.0067
441.26533
209.74189
264.08662
158.369
503.04252
365.99236
423.93586
353.83922
185.92085
588.77284
368.1667
459.94495
321.94445
211.88808
320.29494
82.496274
608.46313
333.84394
401.68942
242.33252
148.4189
149.17883
438.19117
291.44881
252.95074
144.95024
417.52848
266.05868
450.12212
417.28875
482.15539
451.46407
52.261998
75.298188
-18.915874
222.93201
187.6193
33.618195
146.98278
201.13008
97.42448
223.69982
201.35335
366.38486
248.9405
443.43955
84.281465
422.80812
276.97677
368.14427
177.00672
185.64204
277.85284
36.674054
335.36307
430.29603
140.73559
30.429052
376.44712
139.92308
159.88213
262.56677
325.50853
179.69922
282.08252
215.49501
419.53339
202.75309
572.64004
126.43714
214.00555
106.04405
212.52151
286.10792
433.59536
429.38559
432.39169
394.97217
632.31384
348.92294
481.33965
404.26958
195.50556
-30.680879
197.89368
224.25471
509.19915
316.63727
463.18843
94.866398
153.84906
318.17978
320.89988
527.64207
134.73612
199.74778
365.82566
174.79749
492.56456
342.46028
229.61658
295.98872
114.99563
257.27641
287.43376
156.34231
201.90668
136.76236
88.334868
221.63183
495.78681
55.383214
595.36786
461.28149
160.60159
174.35881
292.82859
419.02958
136.31379
412.23249
325.60123
435.98313
266.72848
349.67034
367.14473
293.91769
491.03958
631.502
445.1265
72.850678
218.19096
294.68863
275.43342
407.69863
365.53198
638.03555
343.72125
415.8253
60.455438
249.09092
568.65292
175.94444
249.15546
-5.8696261
204.96675
249.23866
399.5125
543.12913
217.60517
196.36491
146.93002
178.79561
357.77213
249.35735
577.86089
338.1023
291.26911
397.85298
499.0523
440.59824
242.78202
261.83862
273.06691
276.58442
380.45511
451.28716
499.40098
410.86655
226.8087
170.14898
313.3967
423.63323
648.0704
202.63695
492.20255
435.01637
462.10524
602.32798
282.4752
333.32196
625.10337
354.12693
396.02904
441.84536
21.554088
397.28661
474.24248
385.74206
356.50581
104.48215
440.15552
663.40827
364.87451
254.51403
468.08673
191.29525
420.0249
379.9043
310.68081
246.75384
169.41505
541.0653
245.12881
157.82087
153.43209
300.2482
80.364792
307.97352
79.387002
240.84361
271.93814
597.20901
379.26394
230.60202
295.18897
126.71448
111.74195
376.80733
235.67194
370.75511
459.64072
37.236368
208.45123
277.0076
221.24441
452.56459
159.62106
395.32237
312.32299
-210.75214
431.83428
363.14705
197.44699
221.46604
439.54115
285.47592
275.18989
331.6136
227.88165
159.28251
342.21085
403.95864
485.99791
330.77781
222.87699
459.21336
80.551659
-59.046553
371.68221
518.20615
445.79504
492.26118
394.49599
441.1945
394.3014
212.11369
12.039582
403.11084
373.32972
310.89603
432.35271
495.20161
542.92869
695.84647
705.46879
315.05531
399.91152
309.2102
199.92756
297.06696
525.7699
297.0903
320.1984
149.08222
181.3581
251.28874
267.40002
467.21971
327.6528
212.96238
241.22298
399.83459
391.65074
400.12588
153.30641
212.08047
410.07738
226.48565
280.33634
450.1311
331.72055
239.14612
294.49084
253.07784
306.34589
258.03442
174.65946
335.31098
229.41994
322.15832
52.938687
322.68639
444.58998
472.86558
378.70808
259.18888
288.82137
143.42047
364.53871
112.62127
253.66891
416.94377
249.89603
291.94015
513.16843
643.63828
353.70834
329.60143
314.64035
317.93316
489.99585
-74.874209
172.54269
182.57878
323.18697
301.96421
262.27329
454.43735
489.77472
425.25768
365.44528
681.39521
408.00821
40.833637
126.63549
321.34435
436.25156
155.17305
85.174538
120.62791
531.60238
303.90787
390.29399
669.35083
429.41751
546.34307
193.5951
397.47886
205.98724
170.63631
371.33866
330.18406
268.21546
479.60212
430.5994
104.64601
133.73385
189.51981
529.18532
358.1566
530.02966
334.53331
141.33157
13.770609
282.32112
174.44646
445.70777
353.74767
396.25163
236.7271
145.28287
19.111684
515.81748
485.05689
285.53817
186.08645
492.84141
376.3409
368.29134
423.15125
164.24446
380.27395
370.54805
284.92781
374.42337
279.66958
395.66138
287.87246
470.27733
606.12481
236.99308
470.00895
403.80156
471.46405
306.96229
563.58412
299.10747
389.32751
367.24614
485.20291
232.44031
194.99661
549.68008
138.20192
130.11386
449.01718
245.41133
598.21795
257.75442
405.51412
411.49597
329.73314
324.3795
410.4179
169.20792
185.72554
147.13822
385.60377
327.02556
293.51875
277.34586
149.80317
189.9795
94.009589
378.20648
330.3674
251.74263
625.03046
155.1925
288.80486
502.2756
393.69113
248.99371
274.77047
403.46662
375.87244
412.92495
104.1635
447.36317
233.3068
350.41785
339.30506
535.49145
589.71962
770.02949
403.13989
341.7702
361.17695
207.97844
392.35968
375.56037
261.16843
203.33963
311.25395
268.1036
212.44436
396.59442
381.9002
477.87124
456.97411
42.481947
258.36382
316.44375
564.32341
204.34425
331.36129
173.99613
382.20958
379.96894
334.68948
531.81564
285.21846
425.16038
399.99035
322.09688
341.6569
207.85328
285.05256
366.90448
256.12248
438.24769
374.39852
116.48624
208.71537
193.41565
490.50829
108.2565
225.9604
360.49984
207.69776
62.545896
43.808218
409.04106
200.22401
429.07946
75.37869
92.650071
339.51197
712.12749
379.44256
453.34676
209.99474
392.18358
375.5196
360.63994
527.96902
531.12527
57.607028
276.08087
306.3843
215.22953
268.72681
150.95147
185.96113
485.50886
324.56078
423.42775
316.35509
229.72945
559.46888
324.21086
142.45621
342.75235
619.08502
475.9947
595.4801
569.85376
268.25038
310.66093
175.73637
514.07011
226.46847
461.344
353.63161
353.92965
268.05218
420.79023
209.38521
102.16812
197.27263
293.60451
81.713077
172.86899
415.03884
424.51801
212.17127
217.18462
352.74086
350.35432
198.53723
310.50932
423.98435
347.54154
116.78527
305.93069
215.15189
375.68636
-72.303605
316.99878
228.40351
380.92168
346.80682
104.63169
253.11453
437.66718
556.04127
472.75753
221.19535
60.328814
148.7353
558.33872
380.32649
536.28506
339.44682
123.90329
290.62322
351.06106
420.48125
413.52067
220.67365
161.0988
218.86707
155.65316
28.604811
596.66769
419.64659
50.260722
254.14515
204.91427
398.84171
247.01787
445.29083
277.75288
275.96825
316.09454
454.58845
282.33323
341.31007
267.61019
442.63872
175.67138
170.47941
272.04289
355.43496
289.71255
433.73167
443.09623
280.95828
25.317864
-28.552264
200.71759
-140.32965
76.444371
362.38452
399.09541
320.46318
149.73052
163.76606
-45.604051
251.13632
682.6294
539.26094
322.76462
309.47824
292.82028
173.38984
566.08887
285.19361
136.43581
406.89992
579.03526
158.94676
255.06087
319.2253
561.75073
148.29192
600.18397
313.58398
180.78439
205.64378
199.78419
105.43729
280.96154
191.21294
-36.307057
61.587285
163.89614
457.37383
348.29611
324.9239
578.90358
222.98637
217.82586
285.87863
332.52282
241.37436
275.70245
226.50264
140.89729
517.55501
434.71831
306.1856
115.45278
300.07926
391.07779
397.62754
483.57257
415.92616
156.37852
453.5892
525.67516
323.85349
441.04317
391.8497
173.54155
420.12915
256.4652
668.30404
495.38381
96.764851
257.82947
-59.372403
472.21882
357.41331
337.14768
343.12522
120.20199
303.37504
316.37802
405.58347
-18.370487
193.15244
256.77714
91.770019
667.98817
214.53638
203.04564
350.03412
225.00968
176.48978
345.13667
74.080117
407.43512
241.73982
465.3866
314.40339
367.2429
378.24947
361.47057
320.65148
211.48982
467.92989
377.15657
495.23296
621.37617
467.69869
150.87038
442.07642
359.33137
290.41457
326.78627
159.74862
168.5571
191.50726
224.93773
563.09327
195.70575
700.86145
462.76536
306.89061
261.63523
262.79606
309.6831
114.06281
705.15928
423.80352
373.9816
572.15406
167.36561
40.077209
355.72419
202.69218
268.26343
426.43223
215.919
259.79237
270.48176
292.97007
185.53981
29.926039
174.75893
274.94586
111.27992
343.50052
312.46924
289.23511
312.51707
347.55514
429.9665
755.14354
265.91873
244.09992
496.65666
92.367781
275.20555
348.85508
390.77756
223.41354
293.27801
241.83048
167.90967
282.75611
454.8392
185.99265
169.08398
440.42949
489.04335
418.70319
372.18532
293.06643
192.73655
373.2039
482.55403
164.2619
203.28642
286.81885
406.49615
380.08094
419.35936
463.87933
606.52577
314.97841
214.28717
322.43265
366.21287
438.30329
401.63706
498.13477
513.63412
545.75663
180.4596
194.90505
250.59234
442.65067
344.67961
92.03857
517.36461
610.48074
489.33044
568.38561
498.3463
204.79095
389.5874
391.97087
591.31779
268.89879
526.88986
377.71556
-24.096272
263.35756
19.079098
183.30999
255.69902
471.88045
363.91054
462.72635
237.91579
415.62897
205.3685
423.20295
267.4862
250.53507
107.69293
245.47479
346.97181
365.06123
207.11104
206.46506
286.936
73.375415
444.25332
349.04269
551.47593
495.23103
571.09302
565.40191
335.03122
154.20881
265.34692
174.87638
268.56313
504.36205
286.16679
254.89031
139.73803
45.846558
359.20707
461.02439
590.87818
620.13008
534.47697
533.81444
243.22068
163.58239
400.48266
299.1599
300.10779
193.27951
326.19971
360.21634
180.97261
244.00405
56.744691
264.99247
183.54631
121.33975
213.0598
276.19831
150.74947
363.88307
268.66805
273.69038
394.94346
385.84259
296.75481
-86.05241
377.19533
309.75031
236.00349
384.22939
105.68585
308.78057
267.34475
252.45727
56.696933
115.586
357.18008
617.12243
105.7309
124.95956
364.49568
310.89673
403.52881
119.60305
413.8791
107.62931
442.09538
231.08569
311.25371
285.91436
464.45376
568.09581
317.78977
149.18764
464.5977
522.44666
530.09633
336.67485
237.83156
233.57771
196.8882
86.847986
459.74928
437.3227
434.53602
384.97522
274.84066
166.84874
285.33797
498.08795
505.07248
517.80534
165.84866
302.11551
-45.600883
182.24221
401.83474
220.29917
344.05631
51.623727
170.85071
-4.846229
218.91669
290.84936
253.52422
371.55334
391.00222
315.53631
307.64277
349.31649
316.60947
253.23079
387.59609
563.18187
642.80697
323.04021
404.05078
912.45666
441.49079
161.99779
437.62526
425.00611
463.71406
280.92931
290.58305
294.39133
540.89467
143.306
289.05492
446.97709
356.44826
640.82255
290.80056
214.61059
107.50736
5.2401787
345.01323
292.49776
531.56255
413.85031
296.32759
-50.919418
-47.213679
143.03873
245.05785
406.53239
536.3269
410.27104
524.7987
644.67013
245.10019
285.81906
479.67355
550.36452
241.65728
281.27989
224.26312
150.0257
307.4496
370.48939
3.3982313
175.80609
425.03363
371.63246
71.266469
319.23807
299.87735
516.82586
366.23924
57.720162
335.1305
541.33527
334.44913
193.14627
224.94784
338.7438
223.09815
453.2564
201.49745
607.44959
393.67632
453.59532
487.85145
447.22896
508.17595
688.74754
221.53892
158.60846
367.94772
158.47638
42.396039
357.07509
519.77824
248.99043
486.69821
281.66302
358.4327
488.80334
126.19173
236.36609
307.05916
92.103443
438.7199
47.429891
385.1849
218.65106
107.02832
326.63235
342.52277
462.87963
215.92345
406.29474
144.49372
231.76239
262.69426
182.08948
289.14654
401.62819
523.48353
272.87195
203.83598
23.046121
365.27402
428.5337
376.98525
301.16148
226.67536
559.37657
399.68416
355.35344
216.47206
285.61277
304.88942
273.03703
438.65557
430.57008
330.41111
382.72816
285.86659
454.9628
370.79484
90.012204
338.97514
560.97416
363.8505
441.00267
354.05675
462.71064
247.78837
572.87318
399.74712
155.8792
341.89654
239.61446
449.83601
328.1904
270.75167
275.90127
481.70997
455.90196
36.380511
231.26478
467.01441
324.31574
195.57589
20.260744
70.976163
524.5206
309.84408
385.91542
355.58854
252.43666
303.73653
381.93046
580.61911
220.37226
252.89777
453.8041
351.33511
242.3295
386.51641
201.87366
72.95785
309.9534
248.32955
118.91244
330.03941
277.05025
335.97784
318.63495
273.15282
119.39528
222.57239
564.64267
280.09188
487.62574
371.45614
311.58734
446.47268
173.90127
212.44321
444.80129
188.72874
120.57216
181.83546
394.50774
306.09039
465.70835
241.24779
234.66216
189.78654
437.11273
362.01464
271.49653
146.55287
492.69172
117.74655
594.08285
551.90157
481.59918
215.39654
574.3754
308.57935
197.25665
310.07399
529.25695
191.94262
285.18181
234.93795
421.03397
592.94208
-12.653664
363.36476
178.36692
77.394525
98.641833
117.65832
176.17571
486.03773
236.14906
456.72277
330.3829
436.29994
346.29691
401.3683
285.37377
155.77533
385.3685
364.6164
360.94221
396.69912
165.43468
320.18011
250.14194
529.41435
270.75296
354.99352
155.18387
242.5731
135.88313
148.22305
455.11851
250.17065
244.03692
97.445662
367.24173
239.51485
630.50514
424.17166
85.278619
325.0694
510.71451
565.76209
291.2014
130.20225
317.2134
304.17064
190.64812
309.5189
337.88728
113.72393
91.123741
411.54785
266.72216
-93.406221
373.24084
109.60782
370.2697
-127.38554
213.22373
298.73556
190.70507
258.63253
244.08516
299.91731
-13.257475
339.55449
169.95754
5.5052773
343.43481
93.993124
211.28386
99.517445
325.53014
257.16822
547.51335
336.41245
508.05773
371.70091
368.34255
507.36633
338.67314
391.08413
389.00321
456.05744
299.93478
519.88839
453.79279
363.10921
321.30914
292.82911
418.517
105.06355
326.01177
441.6715
327.18629
356.98751
308.08105
228.49701
453.89969
151.9633
358.11874
466.42857
162.92811
265.82469
326.88768
162.85709
372.98257
463.4733
388.14749
423.17453
57.455538
-14.294106
236.11487
312.3041
309.78699
353.40298
374.20463
455.63368
312.14915
235.74402
476.64702
262.91461
284.51457
292.28643
348.15458
376.30995
450.89872
287.62905
356.36404
49.30253
684.44606
404.64046
247.40474
501.9043
234.37055
217.62905
441.07071
321.08835
331.15208
430.7813
235.8063
364.1923
327.74525
183.58228
312.99405
469.56167
198.25353
438.76691
482.85851
359.73955
355.82713
412.87865
281.10982
328.5129
319.95532
245.30839
302.35143
327.37017
377.29267
414.59949
353.3748
216.42547
375.23684
306.52945
246.90706
361.50212
-81.864674
61.994237
48.99336
241.63889
176.14615
483.45605
369.45114
427.11598
387.14895
292.51728
329.07745
278.93687
410.81955
287.35984
211.61373
270.43279
210.91707
148.44359
103.28125
336.27921
479.71016
160.03368
306.92156
336.77254
269.6734
188.13991
321.84771
360.26303
305.73127
247.07086
320.61018
477.41325
162.96217
350.44322
523.1122
421.8196
138.63461
8.06513
484.52811
254.45484
603.99423
325.13202
263.40252
405.54457
285.01113
352.31296
539.55013
372.32884
437.80551
255.33499
367.97351
230.97417
203.01136
364.71451
309.60355
675.90193
313.61181
553.36532
562.16883
435.48973
502.95328
326.52718
333.35588
280.2706
390.65162
363.32943
26.026134
378.64165
433.62767
401.4285
292.48364
299.26181
311.82995
161.68508
495.06014
415.94558
224.99649
176.66575
438.61408
497.19415
347.61317
190.00198
167.58111
293.37866
318.82562
120.34329
392.4149
571.25816
363.8974
56.334396
233.28176
294.68546
87.948271
227.41025
321.81781
245.2768
561.38391
189.68174
419.46597
223.92901
443.54178
419.04243
316.92063
287.3776
309.93132
430.16951
232.25708
404.55868
350.66584
225.93558
399.16078
212.41768
159.68515
168.56508
23.564387
358.07738
216.59193
307.5972
388.16978
182.29506
160.86757
166.19285
377.84128
450.76139
356.8904
108.16793
434.07947
215.51668
347.51453
607.78932
590.16124
307.3973
525.08153
339.79575
269.01313
136.7235
320.52243
290.20635
432.30339
204.21965
457.85681
323.71475
381.25282
376.49465
381.83562
386.68119
392.39117
211.72192
409.32762
363.79457
189.08327
292.44033
445.11046
442.61276
468.85294
325.18263
389.80146
421.84818
207.37243
283.1176
97.109036
499.45746
105.90144
212.20508
291.36908
341.97671
358.32838
248.0788
601.44264
398.68234
478.13601
262.69462
244.0319
271.54667
219.02029
279.31781
266.75884
327.19956
158.32762
201.26607
258.68585
104.52892
343.19993
512.14664
418.43643
477.28421
391.87454
467.3198
277.98806
390.84221
439.86936
226.42014
560.01328
461.47968
301.52377
9.8885183
263.41468
184.75684
374.76254
424.49253
259.04481
109.93071
195.70641
256.71205
216.77083
427.95175
504.75033
516.44825
714.29145
429.17953
370.52175
456.07195
548.77933
506.00917
465.68472
509.25696
372.51884
515.5706
487.20605
320.02533
327.26301
259.33279
264.01586
236.77673
178.36155
260.12929
232.5452
422.98475
409.19352
365.2569
338.31728
436.26324
158.41352
131.00534
458.36859
405.12884
258.80595
600.16948
101.62076
727.90242
359.58665
335.70174
217.12654
119.55818
248.7857
314.43684
386.61066
446.84837
390.61087
524.58079
515.68744
345.42103
144.88854
252.49814
315.20929
302.01919
533.44745
115.85808
175.20867
187.99251
447.03605
607.0713
649.96674
325.34027
267.11707
197.1693
264.13903
574.00267
502.41521
299.87875
220.07501
643.98792
463.37355
285.88921
300.1973
459.75348
234.67752
372.17569
370.69591
345.04596
360.87952
360.51286
132.20692
388.09576
160.8435
413.97757
356.7886
330.23525
312.30523
243.13969
442.33897
133.76988
354.36484
532.66631
95.627345
238.63928
232.03533
552.95359
1.1823652
437.19321
182.84923
160.41149
272.09332
304.89689
446.71563
277.36871
125.02768
405.28331
600.1571
417.78751
330.14024
17.281165
325.20983
319.90493
326.7559
215.1662
295.48652
414.95701
85.550517
261.71251
439.67305
483.62756
578.38288
356.52161
118.90741
276.36859
251.01473
148.6452
512.04544
530.49325
242.63698
438.52875
263.04088
369.60174
228.51297
580.30253
340.95358
.050403216
119.09075
414.64785
99.707131
84.139942
163.30217
302.50915
67.967595
291.64114
35.842149
289.81157
285.11725
466.33353
375.80578
404.58444
291.74733
365.78742
233.41573
314.5735
166.0324
345.26541
403.52017
535.61557
377.83589
718.05935
344.71935
17.029644
425.26157
214.82539
210.29313
308.25907
433.9694
352.97286
386.13807
484.30033
477.96337
473.65409
392.74516
207.17373
165.57157
314.29877
473.53032
245.03009
210.14056
391.6228
168.67921
444.09552
513.5102
445.60316
437.67211
339.84001
316.04358
293.20775
182.59054
540.71449
308.68791
291.77907
-68.578449
238.17199
292.65805
323.0427
286.37023
414.08865
415.77836
458.47217
158.85956
35.816112
412.68367
420.64393
278.64055
362.87621
209.57629
189.91605
136.78273
596.2403
498.34519
457.68449
438.34074
408.76679
56.195711
465.74411
546.44186
344.01162
348.47675
440.68719
288.43244
364.18828
389.07983
483.00186
387.29564
454.59719
366.40434
360.46946
709.44723
313.73437
247.50232
275.07793
342.90571
176.21156
506.15447
136.86506
351.89493
232.28148
117.80073
171.66291
425.598
396.52156
476.2678
318.0729
396.81076
361.59952
109.73786
234.05034
100.37951
256.80275
309.50911
491.27998
236.69691
375.25315
49.317689
258.53201
170.73569
63.234518
-10.643304
380.10917
344.82508
236.92279
237.73677
190.75734
141.1099
189.33634
197.54231
235.5832
114.2011
586.27012
321.80988
344.90731
314.19215
451.53266
-30.057206
471.18427
261.8086
81.820681
193.49611
668.95977
424.18309
301.94533
345.67892
284.04594
111.70357
175.20665
259.36749
475.06881
501.09605
253.4793
169.32239
197.73645
151.62383
356.2628
241.5006
428.63216
407.51661
511.98627
279.6663
139.30445
362.23642
222.22173
215.85463
338.95193
643.41234
378.49817
316.42921
562.51956
351.90211
447.06216
256.86388
350.19429
148.18447
284.64039
534.7087
359.76061
486.43224
570.03278
434.63426
599.14933
187.0796
77.304072
285.76323
570.18995
436.33827
353.67792
225.65316
367.92284
369.22688
264.03906
145.7696
367.38856
242.75737
-214.99024
306.52237
454.55714
424.97379
374.25222
367.22132
324.04868
470.4024
293.82451
383.36577
440.16171
245.25239
50.705311
347.8452
457.83162
359.96726
516.05024
287.54202
216.07396
49.206586
94.644473
418.56409
185.1165
387.04839
285.23415
323.07677
446.75395
536.41254
393.96624
352.7745
577.81726
498.47778
321.62453
514.99296
541.055
299.25635
428.13132
284.42381
435.97128
488.20642
506.37051
350.96143
322.79752
279.26517
452.80212
298.50282
402.66969
153.14824
225.60992
232.03757
271.96002
229.68621
522.67319
395.19498
355.54999
264.47937
486.29491
477.93879
323.39212
249.0613
115.82271
247.94548
228.53915
168.25002
596.11872
481.61638
483.4589
181.92942
473.26958
468.74331
441.07879
506.61723
242.3929
313.55588
216.74343
420.22892
299.34641
472.80772
365.2604
355.02001
223.64825
296.66513
98.086649
124.41405
349.46041
138.84335
195.71434
216.77502
324.88648
365.39448
450.13081
603.3497
521.89662
449.5013
408.44916
438.45958
376.38815
339.45979
578.05253
636.90855
371.32109
417.2826
323.19512
234.64228
259.89321
329.46816
327.93053
478.59767
600.73819
634.99935
339.54561
367.73793
182.31772
318.03041
577.70101
289.07166
422.0399
545.2803
373.39482
368.234
267.65831
288.18188
411.34646
247.26036
345.40292
480.94081
463.65686
553.4945
259.35292
297.76991
502.75987
136.33045
613.31715
463.25796
181.92527
220.4151
189.8575
51.106631
328.30687
125.57118
468.67821
288.44457
560.74024
617.73849
221.92104
186.00874
224.02774
377.95731
307.00683
502.08143
353.00083
86.237456
322.46846
356.4692
475.79901
137.0293
295.17555
687.30789
212.99337
305.09929
383.13774
470.96584
444.78217
481.46805
110.00171
339.16599
419.48215
462.03271
219.71046
500.97028
572.67148
418.7251
529.56605
486.56109
261.98776
283.99706
553.02739
524.96439
486.00823
175.5218
235.85765
276.87747
508.10111
128.09358
242.79693
226.31232
643.91728
645.8756
192.14976
179.44458
476.16545
307.17189
189.51841
275.4033
534.49942
469.19805
228.3763
371.15604
268.59386
587.20958
389.68672
270.88693
90.620936
371.73445
177.6717
213.84163
354.20476
367.20308
233.70764
263.83337
386.73631
152.61806
325.26474
392.13601
463.54326
507.95659
292.6257
306.75139
241.0455
382.08907
288.47743
341.56466
258.70597
256.77398
150.8936
327.39607
360.43251
254.7676
328.65055
162.50499
104.35456
346.58674
239.24007
506.23438
490.14382
211.95001
437.7606
511.23299
285.17618
278.97614
76.440765
450.31041
474.18221
454.61193
441.89868
45.061797
151.81114
495.5813
625.69782
69.050384
29.514445
150.48918
414.02409
416.24744
653.73494
381.36673
545.93529
329.6468
302.27467
440.82108
370.46843
444.9936
262.84736
367.21245
218.41778
445.90268
608.0494
320.145
165.7869
460.29476
220.02728
353.47437
423.88178
180.97806
34.094768
310.10478
344.41907
232.64217
222.77544
311.32445
351.11872
666.59105
362.80176
601.4295
326.54841
171.35348
133.47188
266.87509
-193.67642
116.29364
319.59123
445.68133
300.09771
277.89874
444.24982
177.83916
372.15014
137.04641
267.93164
259.15558
440.02653
178.17866
444.82751
436.63448
500.86687
155.0527
274.40881
194.85998
555.05198
433.92978
188.65385
320.81146
368.87243
395.86645
472.00749
364.52256
451.77372
202.17507
610.45363
460.52604
468.81225
480.66612
524.3727
422.13858
271.80928
139.52222
317.03156
375.4736
85.510972
201.75179
249.97509
-17.190824
443.45045
280.30606
158.32191
352.83677
416.31259
177.31461
151.412
204.08435
264.53655
254.33347
231.91844
436.50486
263.67544
49.747533
430.04801
123.80704
355.00738
500.23008
377.5421
125.61356
263.58497
224.72536
364.45179
311.39597
512.34248
484.50543
235.32988
179.87638
393.17693
268.21976
153.54613
351.55886
373.76596
491.23942
309.07639
418.84604
221.76084
185.48815
218.15575
472.77016
53.214095
199.5779
217.5828
400.71282
128.02206
259.34185
482.4886
349.6625
236.16296
48.218398
404.77021
479.27017
341.06111
591.58078
519.69023
548.24375
317.85819
326.5704
377.42468
130.74072
469.47331
395.4561
441.70725
427.8007
226.91658
129.0255
460.24789
320.59946
558.18843
445.35449
664.96294
730.63614
654.61211
593.02987
643.86025
374.30023
421.66621
277.10821
337.79311
455.61641
233.70461
236.76292
312.84218
333.5417
431.86137
94.135604
88.598484
309.69597
395.62093
638.67131
175.80415
501.21752
370.02359
477.0702
403.13381
143.17662
470.39972
409.11894
260.2137
309.37903
283.21491
337.43132
292.56855
206.22342
229.03068
236.1343
227.53273
373.89828
474.79123
394.91378
389.51546
756.64921
291.12108
376.71411
298.35368
740.32859
395.8877
490.35602
350.80654
436.00999
468.50987
274.31945
303.9236
322.42128
23.535712
312.80608
274.96243
255.79769
378.7844
264.79115
333.87692
428.12639
293.13667
353.99057
373.9824
327.08637
481.49375
380.00518
170.50078
66.770906
126.15786
324.66205
179.22269
375.73847
352.63974
293.87706
315.56391
355.9718
307.78991
645.66854
582.6975
249.43135
476.77641
250.06758
352.06175
328.31418
257.89428
464.74645
351.72909
300.93999
238.63103
190.18189
382.11042
350.56657
292.68203
300.91216
83.368265
106.22062
247.3367
182.88309
431.45645
449.12659
65.118911
312.87592
564.96483
260.37611
473.43671
256.51435
367.35073
159.79689
175.82981
327.95955
311.55783
338.13882
376.36489
328.60288
296.24602
317.18959
222.8207
439.59292
258.61902
385.75264
244.86026
281.7554
455.15663
613.30574
339.6247
199.72089
54.484139
321.07355
471.3557
345.6958
223.72322
252.95725
318.5009
328.06179
325.85802
742.67776
499.78867
333.53719
240.63165
406.58441
466.20536
606.23459
160.45774
185.56968
292.88524
169.02097
50.52773
186.66736
227.80024
238.33746
87.642343
231.43893
159.65347
218.99895
542.45642
203.04341
462.95198
410.50568
267.34316
419.84193
384.73429
359.02514
193.99991
130.11165
206.1264
495.34535
302.27944
477.84778
447.88366
573.33336
97.489332
280.65253
346.30659
393.75023
432.9122
765.96797
253.76342
244.1426
269.58863
364.50352
647.60592
427.35407
483.09572
411.90897
544.58008
286.12809
503.2722
448.77907
358.06675
109.35522
139.53831
193.14612
386.27393
657.94049
377.05963
278.23654
371.58629
240.43206
436.26082
375.56723
475.46635
341.69155
180.08998
149.50892
217.65673
235.93998
471.34756
81.294769
338.80144
166.28137
357.65091
562.15481
336.97541
466.78206
378.87693
398.25595
432.28582
147.35097
522.01616
525.90253
239.30403
555.96697
347.46137
372.97924
97.48851
-4.8340487
299.07627
298.66268
605.23789
445.16823
651.74117
364.74143
262.19503
46.8904
574.2458
339.5148
480.90576
347.49718
8.9570976
425.96708
238.91943
481.76499
545.34204
333.90218
235.73243
298.79193
66.793727
462.74478
417.64431
261.04187
287.96631
58.586058
71.652603
273.40517
163.1686
375.75636
362.46505
474.28807
433.56049
263.99405
548.74532
192.44367
255.47513
212.10427
424.13645
263.78876
429.73512
167.15835
272.89693
578.09519
528.57624
410.97768
568.60193
256.28626
318.9195
374.43101
559.45013
507.37096
365.73813
353.70447
347.93757
239.30883
519.19656
125.59328
52.077059
182.74374
493.10985
374.37885
161.95593
144.01736
111.86881
208.75146
296.34141
359.86012
502.48651
343.47667
210.90242
313.02526
600.11236
421.56282
473.9892
421.33076
413.27274
219.94087
358.34859
403.08071
339.61041
379.18856
388.3238
305.82644
331.16556
476.11351
273.88531
459.10154
229.46775
186.67132
-241.73219
411.47379
371.6646
522.5814
372.41414
157.22736
-157.01896
-28.337142
150.92543
456.8538
243.93867
182.73047
285.63197
0.97697681
43.372918
41.988012
-99.157455
211.69255
377.60006
255.84006
430.05907
265.82524
139.68104
500.59351
281.47403
452.29126
159.45928
167.60982
138.36251
142.86272
286.49972
227.67839
350.24269
219.3171
603.33435
407.9438
216.29527
182.40209
409.20444
430.99925
337.85504
291.03212
353.82433
404.76804
183.53515
119.12152
298.50014
216.49405
222.12676
145.72685
160.85128
264.73199
113.15466
291.40369
339.3665
582.70294
645.6092
738.12479
359.33213
390.64415
259.9674
292.08507
286.59427
327.08188
455.4653
288.37165
288.12501
433.97797
551.40568
427.2781
493.91307
424.78764
338.29898
479.74904
221.9116
331.56488
373.10273
335.57113
313.77167
44.183247
312.71574
437.78162
692.17411
368.97454
503.36973
294.95461
212.01799
561.21353
452.91965
523.98188
296.00679
280.50514
278.87115
297.25332
249.1307
266.45919
234.8155
154.76027
128.66008
321.76345
248.01118
259.04672
415.49566
514.97798
253.18967
176.81997
206.21203
355.06386
417.31735
333.53279
145.04619
214.32199
573.53048
397.80299
461.42158
147.46686
380.92875
223.51686
177.65655
324.13281
631.23451
397.45342
401.33369
199.12105
177.02997
161.63904
223.80127
321.72002
72.789659
237.80735
443.71978
120.35252
370.89957
528.33812
495.85486
512.31512
330.38154
481.49548
228.40007
228.38984
318.08886
264.20828
429.43088
328.02255
30.68609
455.14387
318.08795
406.75988
260.35968
45.028545
340.11927
234.70922
394.75845
237.33034
285.56573
328.14376
264.88099
273.97544
-130.17259
365.39809
334.3259
538.17351
219.23362
401.299
332.78059
439.21465
395.64776
381.43825
199.60819
22.940835
325.4834
216.71209
424.31391
285.66373
121.12837
295.83037
487.79687
375.201
406.4655
340.07152
170.45753
150.33899
429.86961
229.02362
502.29073
520.23865
414.0984
371.31512
454.79082
175.57596
288.57404
543.72012
318.15899
355.98025
494.16065
261.80508
370.79173
555.38776
302.85192
386.43862
245.11451
256.85534
161.30552
331.03217
126.44577
301.80396
123.08252
273.99156
307.9051
586.0656
426.75444
363.332
337.28564
576.16347
313.28178
425.16484
366.13731
258.24546
258.89796
333.9292
167.74841
317.34653
205.87647
45.156608
419.06412
740.65511
208.03705
133.15924
161.84406
376.03273
361.12051
177.10425
18.659888
367.78946
283.76086
354.96753
497.74671
421.26717
512.65189
551.78074
19.285793
260.5411
278.85774
451.90484
181.41535
427.77567
297.19736
383.60571
-18.955036
505.83339
594.40373
478.86797
490.57783
41.665102
381.49486
371.77319
502.0651
166.50973
370.44039
17.162362
28.721546
216.1579
309.04414
420.11741
436.71136
395.01274
437.5208
310.41891
237.96143
304.4066
713.21404
447.16251
489.63705
519.79431
556.39942
200.37757
440.49993
458.98568
559.08843
381.46912
527.67706
143.40302
446.59804
380.93712
519.8875
436.60132
459.0881
346.21382
171.41578
241.05148
278.38142
510.78804
192.82398
229.82529
201.97381
30.08174
205.68295
412.77289
44.246234
245.62993
454.61477
558.38517
592.74299
463.75163
480.63685
577.37432
322.24815
262.88388
428.31532
319.43362
107.30267
147.89384
384.62742
380.63042
119.11683
463.40627
340.26003
315.60373
243.99669
297.3218
508.23688
371.64671
19.821358
329.16572
599.62865
595.4198
412.78883
313.8135
457.44834
246.81837
409.05154
654.79128
339.27999
472.61644
326.95084
498.00977
286.27528
-6.5275619
90.996765
317.00575
268.53844
406.57338
487.28665
351.15545
348.88573
298.20191
210.84487
508.27728
464.41393
353.07483
259.02808
313.57676
248.78251
238.98006
194.77466
559.75475
402.72218
164.31385
294.40489
367.85516
224.48432
269.01578
320.90576
354.30114
538.70584
405.08852
211.00967
338.97932
315.70015
285.30054
87.59731
127.16535
299.18142
360.80231
387.31521
198.80882
289.10946
178.35442
453.3311
371.10308
247.87511
512.11913
261.75594
399.34169
171.09574
301.09874
214.27698
213.08653
359.07272
356.26062
402.44976
449.11949
391.82588
407.55184
44.124566
209.02998
253.77105
172.1487
229.90658
195.51216
385.57009
258.43196
431.65131
-6.3441081
129.06254
291.2092
294.68935
588.75087
474.92064
438.00147
315.69481
281.75474
124.64635
383.37163
392.33903
233.9065
314.88324
325.12454
319.72178
430.38458
319.74016
532.51991
171.74281
-39.837537
221.86518
169.72693
395.82497
259.93131
555.49259
248.00504
197.09625
233.12278
447.60123
217.01766
437.92588
545.56381
309.69775
295.54936
286.20922
151.7702
-0.7886838
251.25822
593.63645
650.40499
406.60814
430.42399
277.47517
272.45191
367.01057
456.5884
450.86163
504.33128
94.701432
3.5157336
232.39066
307.0366
480.82306
236.11377
394.6447
193.05926
396.01424
253.02949
272.53668
124.70431
463.0057
432.26184
271.36146
211.67255
381.77287
449.24613
485.76161
564.61114
154.46511
467.39725
289.64387
620.98513
587.39569
375.63424
315.21244
-24.595341
297.80266
321.84066
237.55185
467.84707
259.29651
363.88178
226.99758
214.81387
387.53183
327.67158
378.77194
173.47864
59.898963
77.668903
-104.88798
306.75377
468.5681
213.86582
320.39889
-54.034969
279.04592
358.68221
-20.542112
264.18194
131.01084
396.14978
426.34231
75.536931
89.449555
337.54986
446.8161
280.6195
504.67814
196.37161
295.07599
234.79234
329.72471
255.55533
273.82204
74.962252
12.539441
351.60739
149.79175
402.32337
313.97122
380.11988
571.71231
140.23216
307.75408
551.13926
651.6839
342.38716
322.59195
249.0627
225.28568
456.46109
494.28725
464.78734
471.93475
455.75628
490.69177
344.44709
504.79774
476.18917
347.03022
403.78244
348.65014
252.12213
405.9417
490.75931
266.08284
477.03854
267.64904
94.107812
263.37008
287.65834
469.17037
197.56524
333.29989
533.41992
381.99451
326.03866
356.09434
406.37062
377.22225
394.341
373.19034
446.95306
569.35697
239.48382
161.7325
266.01782
343.8914
469.14356
504.31
447.0314
306.52816
361.5746
170.05384
462.95207
479.14897
272.27944
536.34869
385.04196
388.64455
287.49535
370.94868
275.12388
378.75135
230.59584
342.42503
385.08621
324.22517
253.47004
290.55752
478.12023
204.39431
290.29171
437.25872
435.70272
382.02932
507.08839
520.25882
263.20786
327.70537
473.2942
459.20073
363.83146
233.9669
244.41133
54.715017
489.67798
410.99314
228.69182
307.31889
299.01141
315.03478
446.42232
427.0007
389.955
267.44096
436.9273
101.34065
533.7259
234.21125
472.39749
631.3388
572.96324
229.41773
633.95501
153.4964
498.29649
562.56011
540.2908
301.68969
232.3273
427.69913
412.46027
155.41731
320.79764
273.8005
468.39757
308.13143
263.46976
317.18092
418.35096
647.93398
351.84436
451.58467
9.9656577
465.31459
493.36973
279.88265
347.02571
444.73442
499.87071
365.65962
320.11935
480.55572
210.85115
384.16687
382.38983
497.99652
525.48739
353.97625
411.75187
668.17674
460.72621
279.72681
209.87287
74.863285
113.21465
195.23153
654.79694
605.34069
504.2049
292.73789
62.693075
260.81343
521.78551
149.98014
-41.925486
326.4407
38.412055
253.22783
499.91913
561.19742
559.07401
511.47001
517.03845
370.0395
673.8981
482.08114
181.99619
63.949831
353.37618
486.82225
428.02931
745.3963
678.97474
571.93959
389.89558
237.00828
103.13351
226.3103
285.67264
439.16404
280.01984
-11.189612
161.02894
138.42563
504.42681
26.427451
429.70018
447.98901
164.64571
339.25327
194.94694
184.57792
165.66906
614.05244
428.33978
519.20688
347.72703
192.29559
508.23984
205.39758
65.022254
427.57701
440.02666
87.91309
261.55302
335.23837
6.0922845
304.34993
371.70171
329.63992
313.25893
394.5209
505.66413
517.34031
102.42097
346.07266
306.98381
406.64821
86.003991
253.10036
578.58546
270.0164
323.06147
384.36389
353.84898
396.82676
275.45609
237.71691
308.43741
489.5677
197.22885
340.54986
293.27935
364.55534
310.70359
521.43241
307.96296
478.2468
681.43005
307.53335
305.10188
308.52971
374.52177
421.68357
301.78732
568.8738
329.09862
302.97469
326.88123
287.20262
520.0928
432.87953
608.4496
318.09745
319.72755
168.33001
-112.84252
25.486955
376.52264
203.77271
244.9702
413.54144
283.30428
354.4449
258.45919
480.02425
436.96758
164.18803
45.410814
247.71262
504.81316
88.654776
475.2773
211.44277
221.80527
153.02217
586.48006
329.22494
424.22314
492.85579
376.2178
146.03564
151.91548
386.68311
501.37148
310.72012
214.47621
306.07222
446.8707
296.63672
148.72535
27.815315
276.86977
196.21071
100.31752
134.39266
271.07233
438.41954
515.73005
443.71031
233.50544
324.37775
296.30681
245.33943
493.83467
252.30757
302.27206
174.86562
296.14277
289.07066
430.0526
237.73346
342.05537
362.04072
488.53845
690.79617
510.63566
234.68333
495.92826
338.8644
312.8692
217.02679
107.09216
227.51856
191.7066
289.07492
355.78764
630.61238
370.57433
74.508929
166.92139
12.918337
272.95629
188.39884
423.27143
72.872393
180.83544
112.54282
47.29123
92.196153
310.44234
233.39293
269.64597
485.84732
-1.1727664
261.77741
356.24128
636.80177
493.82434
157.15229
138.90844
293.48985
596.06736
366.74545
134.09368
188.45041
152.12
429.24416
319.44059
341.4408
160.73344
253.25026
319.05921
335.79084
156.71419
513.43499
367.1215
457.93727
479.35648
487.2713
417.18603
255.93316
651.37394
324.55157
191.75767
358.9416
301.22621
639.22553
479.68436
200.0502
135.9522
93.389122
170.72802
206.7479
214.41768
202.32491
336.87493
329.48498
351.42011
291.85416
203.75306
168.77887
377.98807
267.22864
492.63541
551.36613
256.57839
573.11112
262.20727
231.78776
212.67021
228.43714
372.50559
602.85594
490.30669
560.45019
383.53454
175.63351
191.60093
314.32426
344.18711
58.378304
601.80338
395.68881
383.77502
239.69023
194.326
328.81546
514.2303
199.02875
528.60771
454.13119
468.47145
197.16225
194.90638
213.36707
412.27481
306.86598
407.44295
592.94955
338.54855
289.71483
-0.7666707
151.35225
201.67457
172.47738
131.74237
331.89106
455.31529
52.648111
56.134221
357.12025
306.94113
484.93326
292.74233
-49.235107
228.74903
166.96375
298.65221
512.86704
529.30073
166.77861
339.39619
454.16121
258.41847
492.96502
479.91225
217.53766
258.68386
125.46314
337.14582
224.24248
329.35869
417.89484
445.90932
92.011074
94.824155
397.71978
537.30157
262.89332
258.67513
370.9838
549.04788
223.29726
307.64733
406.75612
501.75037
35.115001
301.37829
428.24298
280.43414
102.09144
278.36721
495.49591
349.76077
366.1584
284.37604
455.98409
251.79854
188.13667
136.09687
171.68055
421.01305
588.16003
409.31022
281.51179
275.16335
266.80709
386.13614
501.86184
466.38031
549.92538
336.79652
433.23946
296.28042
227.85924
313.65927
332.66606
341.17801
411.62137
212.73639
310.55243
407.0503
215.03317
167.26993
448.33679
240.85456
278.39638
417.311
210.3146
286.10361
401.3264
335.81745
388.21808
350.5545
326.54604
346.99321
422.56865
128.95105
447.59022
524.3282
516.04546
620.52032
527.8159
317.82165
41.159125
263.36866
339.159
531.3145
376.16681
183.42294
516.72829
330.94825
111.26104
278.62733
232.91926
60.68821
363.09883
179.89796
171.67183
507.07798
326.88111
240.32154
505.48087
576.3034
403.51219
288.93106
344.16845
385.85655
216.13096
662.23646
401.85213
415.99851
507.00413
591.2818
323.01207
319.55891
101.68985
263.1303
582.20939
347.90409
393.28662
199.44137
146.49904
239.30359
71.111102
187.34108
375.85059
398.47373
326.13573
316.10715
570.20444
232.82915
493.216
106.18134
263.93234
-16.012931
265.53016
417.79847
197.74514
283.03377
425.52551
493.25778
277.21336
399.46407
475.58441
-4.2563622
191.70497
320.71043
357.99773
477.84379
370.02409
498.81918
117.62707
271.3438
451.90651
361.27534
326.4973
200.89094
248.5712
188.65517
260.53746
297.0945
426.58285
159.0692
248.58063
192.46288
156.02231
41.985834
143.64423
285.38748
190.08695
179.85663
360.4336
347.18279
197.818
250.8755
312.95094
394.21616
289.1689
236.97472
416.61255
548.47488
327.32494
147.43954
409.58883
340.43024
308.39325
499.32503
328.51732
406.33803
81.135338
243.64635
97.167209
276.23159
348.84411
435.92671
500.75447
517.93427
317.64695
501.03631
213.08658
565.23005
512.13265
314.68338
557.24671
327.17986
392.42939
459.68496
89.748896
231.60802
493.42379
310.03743
50.314135
179.17068
214.51087
350.50061
473.49105
247.42949
352.25967
238.61998
374.20627
239.24609
349.36488
308.51491
478.56962
441.04886
449.21491
175.74917
582.85537
281.88059
200.90198
228.48021
629.74409
562.11066
557.86081
514.87433
341.39059
361.39467
245.24069
358.97578
543.57509
309.11546
366.70302
241.43607
538.27964
474.06584
286.85445
245.86992
313.36427
236.97231
222.68643
471.22686
350.37691
633.27717
396.31273
371.53567
295.43711
490.04594
516.28034
213.79214
105.417
533.01303
264.87619
229.40573
482.25226
459.6494
448.05352
577.17613
383.06658
344.75533
138.91014
21.557837
216.96232
155.67044
206.16816
339.78354
303.18304
374.33707
629.33907
352.09711
400.82424
272.46495
221.24669
149.97931
235.70747
369.4144
364.3423
300.52199
471.888
364.21199
483.32315
204.71126
299.10743
501.39722
431.16713
84.166199
418.597
397.02782
630.78303
368.11108
268.25124
252.37111
167.83081
371.16961
204.50178
333.26831
288.5696
395.34799
253.37101
374.12018
100.80905
183.33891
317.65897
242.48244
163.08575
150.36432
212.29308
277.67915
367.4529
290.8899
-119.19647
574.74153
298.07861
320.11456
351.64016
285.98784
414.31759
599.37285
248.91371
135.12697
548.97082
414.70176
808.85174
258.40445
341.16889
425.37223
512.30861
440.58139
391.47111
514.20716
166.34319
427.98819
352.05596
-10.869967
343.49413
376.35821
352.24436
364.3664
284.70984
213.39719
478.17556
565.72898
235.90419
399.79439
465.4535
661.17035
568.65054
614.72409
573.51469
165.28479
185.07377
413.58757
252.38564
276.01719
197.46556
293.08631
322.06041
92.642568
200.45299
506.51718
544.14054
154.20469
385.48133
304.26372
369.73298
533.16465
93.930755
380.05509
277.46013
369.72477
392.30975
348.94666
278.15271
213.62804
290.9956
213.53444
161.5916
478.67592
469.08908
363.71543
486.09743
252.80522
422.09235
376.6203
347.66012
296.31846
244.28274
71.880778
201.46477
249.19962
215.94995
300.05882
288.71025
96.694216
566.07224
468.34096
178.64368
63.669439
420.52921
218.55448
598.09158
286.19858
562.96064
393.01365
163.61525
70.273389
207.48304
310.90925
370.92079
404.30328
473.09866
-4.182441
13.335293
219.02357
701.68658
793.67771
519.90602
210.27917
366.77106
443.19185
451.03636
504.00616
282.02479
491.66954
343.70828
533.57726
661.84372
237.03137
405.38831
356.02576
250.30611
249.5787
334.19282
357.94708
383.02459
336.00599
365.09098
285.14821
310.77099
-26.206825
180.2878
223.56279
301.4198
406.73686
426.94801
261.31534
286.37754
289.77462
360.43016
239.7184
22.510844
-56.397622
194.53251
141.45814
145.0642
88.316425
488.46408
629.58232
275.36012
420.33076
417.81382
251.40809
363.93086
317.9095
60.088671
381.4822
306.22728
354.74326
120.61209
418.88383
371.40493
461.91427
425.76813
541.18975
423.12718
218.58967
401.8778
432.34648
276.77543
284.55465
248.54576
382.04145
421.34447
619.6268
294.30987
531.64837
245.46445
573.07654
314.37563
97.382788
158.29836
367.98305
467.32638
329.12384
420.20972
496.71726
441.98121
76.749348
354.66509
425.46709
651.68857
43.994159
123.00422
189.74857
222.06499
421.86305
226.5878
372.68431
397.54673
258.88442
55.501677
67.588571
521.89326
255.54635
499.67172
310.69771
442.32731
196.39176
398.35764
145.00687
53.606012
307.58532
215.17183
371.26527
118.40828
95.465463
223.03847
329.16844
323.83311
-54.543404
403.46489
43.635168
228.19994
288.85841
120.20523
386.83578
368.57983
467.63162
308.23974
420.98021
55.805075
100.15822
243.75894
389.14585
629.37402
333.66494
659.08655
592.66916
93.86617
373.57155
300.51651
392.52794
363.32437
138.16255
110.8115
139.45259
349.77247
338.23823
364.95557
331.67025
305.87163
279.69714
279.56228
353.47174
242.65569
315.24109
351.11582
256.95289
164.43906
286.78647
560.7914
506.55812
140.94135
227.1646
380.95758
23.236753
-127.63932
268.13697
289.9623
386.48375
27.23664
401.97264
77.510462
333.32707
347.55614
356.9227
401.1496
366.95931
305.44658
70.995134
388.72748
463.61056
332.7138
458.26054
238.31864
184.76951
173.41399
230.5731
220.76534
404.75234
533.80149
230.96263
449.7283
392.47507
732.52298
452.5549
72.053343
334.00949
239.00747
125.29452
524.62392
392.94717
464.31351
446.36729
390.19855
323.2782
358.02309
445.23357
261.1491
528.99372
550.82873
210.00854
378.88507
360.2697
299.5753
325.902
388.22618
295.6623
651.215
450.15031
540.64006
465.32456
244.79072
362.77544
447.20685
398.75587
265.22731
369.84647
534.83465
366.50152
499.60205
152.02258
40.321303
159.09554
482.65004
388.2555
210.86415
113.16403
-29.126719
155.97576
226.35758
504.74525
375.85832
301.09578
343.30142
409.70725
361.74275
439.04128
409.67869
322.51974
397.90351
408.85765
73.782792
203.6367
135.92989
406.88281
307.0745
483.37585
224.99411
469.48889
367.22643
362.76381
401.03833
41.109044
212.80961
152.70993
391.20277
296.76297
353.29806
228.46914
297.01309
177.82122
244.12869
146.14449
209.95461
226.94945
311.31696
240.9581
363.51452
328.37008
543.92716
422.10579
342.92329
497.71685
293.76938
298.34118
447.88614
292.89612
338.25368
5.8905599
286.36975
176.22966
458.90334
59.812659
375.60925
328.82234
272.75906
218.79511
319.20746
603.16101
478.59564
420.23122
458.39521
319.78479
198.19814
416.95376
302.58364
201.4169
442.29585
381.28316
398.93337
41.3288
325.71592
452.3696
263.78263
397.88897
227.95755
345.84234
336.33319
341.07406
321.34836
368.29824
271.69055
305.22233
565.3354
547.23415
259.75929
399.61777
245.75066
441.64604
462.44053
395.68773
218.69406
599.243
271.90703
225.84553
465.19262
436.74871
407.96759
257.84872
-41.489433
334.39002
221.48725
403.73709
697.70933
346.51173
305.59426
234.52804
445.9843
361.18627
178.99141
75.381103
389.87151
391.97613
255.4033
187.4622
237.03347
275.49768
364.32691
452.69598
467.71505
526.83689
459.42574
432.20037
426.00452
255.32006
301.7123
248.40809
247.81468
253.34013
190.72877
218.81488
347.36459
507.59417
332.23016
373.7203
239.9187
305.95167
177.93149
119.8885
624.20172
301.43574
591.99347
241.33584
19.569901
82.43578
140.26227
149.73169
222.78644
402.84927
135.25686
-170.0918
216.40222
301.04215
266.53741
92.779053
291.68873
614.34964
185.95921
387.43561
291.44218
386.03021
629.43034
301.5154
491.13071
299.77068
278.10411
131.01034
199.12523
395.89981
68.361082
197.18847
359.65569
354.68655
139.13048
358.15283
177.07112
461.20753
408.90352
466.04951
541.64875
299.05626
215.04419
74.277809
114.02425
335.34425
286.40624
444.46825
96.739811
98.587988
296.12719
343.83358
262.04004
638.85314
425.16321
481.32129
184.10671
470.91145
342.61852
143.78474
262.62168
102.08461
454.86185
237.54291
208.08285
259.97536
286.16366
50.711156
182.38755
464.21174
245.33668
538.60929
406.2944
442.99192
339.19022
354.1428
215.63454
289.7302
234.3116
439.84837
188.04308
418.82336
456.42647
326.49922
366.56519
-57.243551
179.88359
403.37556
288.60707
317.42079
131.93295
229.1832
356.3479
306.86142
90.267723
493.24539
384.82444
182.85282
400.67203
388.16786
210.75641
433.3728
149.68768
653.46003
423.40434
465.39705
342.46055
440.60141
277.6564
304.0493
325.39397
350.58928
327.13769
330.3847
295.69218
231.56348
168.38602
269.42496
429.29333
169.38284
232.29584
85.691154
182.46706
434.29477
176.69351
536.18814
519.35412
611.02726
216.14412
217.03507
223.59411
302.04655
349.36233
433.19921
347.02738
247.32308
481.43973
532.7615
289.89858
303.04112
345.354
579.07517
64.692788
354.11561
440.59938
486.8336
417.14175
190.18368
413.80746
465.46592
153.54033
364.91478
504.64467
483.75375
434.62779
477.87776
484.58522
684.28184
460.53905
430.08472
430.0887
467.49622
712.40401
481.43469
635.52965
461.89894
299.25612
623.55573
509.4954
490.79506
365.28308
359.22983
684.38401
274.15524
433.52882
259.08538
452.66444
453.43191
435.50832
223.49212
476.85785
613.38889
275.48702
249.69535
389.09213
85.313231
74.03025
281.13246
496.19251
317.50043
266.48365
498.67299
329.50413
398.18607
207.91979
276.3178
383.79348
320.61113
255.6944
177.26798
77.737844
389.00589
314.05951
451.07035
465.93949
389.99621
348.27264
386.28907
304.44855
440.04755
206.03741
582.8194
340.17167
526.73688
463.20208
246.15789
306.78954
274.26573
640.19061
373.43776
500.46232
146.63403
353.74579
254.73326
243.04844
463.92881
424.66535
521.43429
397.85974
48.928295
180.38599
313.23809
578.25594
426.35812
113.67451
181.17551
219.3047
298.33248
352.73027
246.615
51.128563
252.10216
90.029295
131.58065
432.55747
498.85727
153.09523
191.65898
502.01891
132.22095
-16.523855
220.50677
110.98872
204.49397
476.44137
297.6584
259.66623
356.47952
306.94513
626.60012
479.87559
373.2723
299.48294
373.81057
412.15645
52.083085
520.14495
478.47221
189.82244
457.32159
90.62759
69.430976
27.968063
109.92674
358.40571
120.55802
146.28247
288.23676
340.28234
412.57304
362.87506
635.01469
255.30411
217.36124
415.90917
358.84367
398.74964
324.75665
269.69662
258.09711
165.62588
281.11729
192.37921
230.04454
524.66239
337.74793
335.05723
158.75135
384.05816
195.17768
328.70305
110.87537
399.47279
271.13335
408.09074
317.11859
444.97999
97.24537
474.04007
409.27963
31.739389
586.02721
331.56856
193.3019
220.43064
305.55792
246.26223
321.31244
357.83551
369.31893
377.11764
333.71823
243.49477
310.85818
462.80038
511.45557
268.98672
266.31229
274.81551
429.1088
253.0123
532.96604
358.86119
341.35539
-88.729643
520.42507
34.905882
264.83348
419.21783
340.38273
338.42969
353.43223
370.62676
245.24825
162.80386
311.50144
224.05191
182.40287
238.09771
327.54466
200.19322
412.50893
359.10344
400.11955
553.79324
277.73721
423.43684
471.78375
160.91236
180.63055
116.70105
455.04704
180.72561
371.00682
287.24375
343.7811
283.1735
278.85332
111.22962
308.89499
81.09343
313.8345
454.77697
195.26859
408.40549
394.98081
269.1261
242.57172
127.98742
240.07105
349.93363
219.9548
303.65742
252.54381
-160.98894
202.12815
99.287955
365.00016
242.68183
517.98739
578.41221
242.24392
401.65387
372.77824
331.18579
304.8057
336.45074
236.07406
342.6626
337.69684
254.52631
388.57358
581.46451
459.46469
181.14225
400.50706
116.64497
257.893
463.38077
36.051312
181.78388
353.22574
69.274545
190.99198
205.53196
593.4518
385.77588
401.90839
477.54555
290.05894
352.44223
442.6862
501.97906
95.074773
297.69086
291.0505
251.86648
39.599802
183.92314
352.78897
483.54645
324.18849
508.87996
282.48813
605.18669
539.23573
234.50117
428.20613
383.2369
152.33121
399.94797
442.86286
463.24284
377.58566
410.64172
265.51817
131.31994
382.48036
241.62664
478.31448
696.98026
202.17207
211.23181
102.20765
421.95618
361.26906
403.31769
466.22632
481.74453
625.44093
303.90878
450.76837
371.73105
368.5098
197.22181
296.61565
552.95211
26.924099
408.20583
454.0551
463.63344
332.21129
0.37806334
45.10714
303.31146
352.75617
542.58883
455.2824
167.0348
286.55314
301.8148
491.78956
325.44108
390.46375
209.45458
64.005469
321.44873
208.64415
259.9428
61.948081
751.5834
214.29726
468.1265
227.74926
368.32447
243.686
551.9928
418.58159
441.37156
372.96564
420.3657
319.71322
541.84049
522.09071
344.14845
320.69854
229.82741
331.39538
542.92106
134.37097
306.50044
570.19196
318.03849
368.89483
652.19379
113.20657
426.45412
391.11359
457.5405
309.275
174.11299
203.46708
249.05213
257.01257
345.25816
296.12693
81.865168
606.31468
124.24835
420.51396
629.89704
359.42189
209.84144
289.76966
377.54457
390.28195
344.2277
296.04795
360.34667
211.81124
183.26215
174.13701
30.947553
247.57737
196.12491
696.55174
369.29741
454.26726
472.77821
508.92435
76.005388
389.40537
367.57208
360.08355
380.91039
261.89217
336.72174
257.17445
465.58383
363.38771
360.29034
285.15665
308.86298
349.67777
368.35669
299.38947
342.65667
257.97474
287.09653
173.75143
207.23373
280.71723
289.31342
438.75806
371.63615
419.02991
138.16581
144.85324
53.038073
503.4824
275.28485
459.70362
364.50639
302.96576
352.40106
510.9258
418.68779
373.51956
208.83521
466.57923
378.24238
369.49158
220.83337
208.35426
224.227
248.06
44.666839
238.38121
462.10187
439.53546
390.17016
399.77916
454.64616
612.29695
295.92565
489.96152
392.02703
323.92151
172.36189
356.24998
210.504
129.58412
244.62364
360.34501
334.86361
388.39952
213.15612
307.15029
262.28221
306.79866
469.55437
481.86155
525.23386
578.03384
466.78661
340.59112
200.58988
304.91532
186.31191
77.281813
250.73134
474.77574
675.22904
370.59804
321.5208
78.848966
186.80017
197.58345
380.14624
158.98422
383.267
428.29884
96.079538
711.64418
365.14581
412.0839
178.64862
116.48226
207.60563
92.039189
420.82568
447.48332
415.97608
503.26621
621.73001
98.812992
518.17774
342.60345
390.26698
406.02999
451.11412
274.94068
372.84214
238.90025
101.33488
277.35215
181.23558
502.11988
487.43268
346.96675
248.36514
436.91515
429.21164
326.61636
203.14661
220.17201
210.81622
129.28197
141.23515
408.35038
307.39268
351.52179
296.22789
318.74626
0.74577788
303.87046
281.18364
305.45723
264.14538
354.33692
137.7504
356.79988
116.24677
368.38081
246.46066
390.27933
383.84299
283.07618
130.34487
372.73866
163.89523
195.32034
301.03328
320.65038
272.11418
50.489325
190.14576
225.82627
470.68606
325.62664
566.07618
248.37357
66.122604
51.591418
625.59424
299.55996
347.21595
372.16993
161.96967
212.45204
375.32706
286.3342
380.94677
411.72553
459.8668
406.61162
478.05519
394.47171
332.0458
459.81464
319.44883
486.3537
447.94221
414.85892
430.9013
307.54857
60.096617
69.431375
372.70655
361.10728
448.50843
264.73387
91.65334
228.927
82.080588
179.88025
286.80072
464.46008
198.65338
369.80113
439.99848
381.62508
247.18063
292.66845
159.19554
393.83932
400.32867
575.71834
550.9345
320.28027
254.2506
81.912247
30.684621
266.55663
365.86919
495.87635
650.36884
345.95005
288.14007
179.74237
304.73887
400.72168
157.43113
239.18209
204.80528
367.14581
271.18669
201.55431
249.40238
290.23436
362.66879
506.94126
683.0031
606.26644
639.56543
469.16467
415.78188
483.9057
473.91605
474.13617
280.51525
267.20037
202.8649
453.40309
452.94179
256.05975
345.66431
255.51238
339.80264
484.12953
285.48154
101.38266
402.30856
448.91097
531.56739
226.93473
267.04405
111.08697
455.19649
199.82181
120.72661
264.32581
387.12527
307.81128
231.46273
307.36561
267.63346
235.34208
259.22538
286.73481
216.71879
481.51556
355.12673
160.983
265.21491
449.48945
229.02317
468.0311
393.11398
151.4886
522.68457
406.61526
638.02274
442.97754
438.37936
379.45096
429.05269
386.60288
277.77932
297.13137
313.54968
80.181517
232.16459
266.86874
578.89645
524.54703
743.12643
105.16386
394.34876
409.12019
427.40892
268.06007
556.45507
650.30043
56.681341
14.837202
334.53729
472.53293
483.15504
296.52611
443.59591
136.59047
73.321283
291.87333
533.62221
281.97733
496.6813
555.02562
451.1911
276.09505
284.33961
61.724717
116.49432
306.26891
251.89122
381.11243
139.55915
143.49236
247.53788
261.02882
370.36031
367.92899
255.4567
165.87783
293.93582
282.03797
317.6325
304.61639
186.32177
141.88951
300.57577
366.31977
247.23155
393.28884
722.42578
242.82465
243.11605
327.62402
293.54084
361.05326
452.04691
501.41065
288.9545
331.81917
437.76646
443.68707
340.09169
313.74123
170.35065
27.307809
139.08652
670.08851
435.98945
600.28116
524.27172
126.17305
394.97891
170.39159
568.40544
392.51678
494.25492
346.17484
472.27138
628.26401
344.78645
91.318408
326.61578
267.39916
246.74614
233.26192
256.57494
254.56408
396.154
368.4214
291.84809
230.80179
642.14148
613.44485
359.32829
382.37372
364.75907
325.89374
375.56118
355.80869
219.47569
269.65877
206.35155
323.35889
251.68565
413.70506
456.81553
280.53741
327.34368
308.8751
637.73878
584.41661
608.30021
205.21977
400.73322
330.01822
336.58707
30.158855
529.19617
282.27166
249.97371
355.9987
479.03026
277.8575
491.49529
434.66124
257.96522
129.14164
227.58381
446.98845
281.1434
304.68002
277.90005
299.38318
450.98823
250.18001
241.22552
252.34462
466.67587
168.62442
363.12572
443.42862
421.78712
385.7117
316.83294
451.11118
385.79872
360.36053
441.20065
277.51324
333.84279
56.031964
189.23169
116.12453
238.08061
486.02295
275.16629
432.30693
264.07186
450.32471
320.27139
121.7773
321.44314
429.05521
264.52683
300.21277
187.96594
223.88451
115.20203
443.36029
376.54594
329.24335
344.90315
191.18227
301.76464
272.76902
280.52799
326.35075
572.53375
260.35058
521.60981
353.44815
410.74637
314.9647
336.56426
438.82199
113.44063
472.53944
427.50448
229.28169
328.91078
251.55676
217.8415
301.84814
280.34422
224.92522
239.68581
358.06911
237.79236
542.07264
477.45306
589.99519
392.21763
363.13765
497.41529
227.30829
307.50945
260.44072
144.11428
164.1134
238.06733
580.47645
296.12924
461.36169
318.33577
358.78073
281.24219
270.05127
218.37965
219.69977
119.74003
633.12149
174.92915
317.01951
475.03042
104.80372
272.69154
117.64337
22.206163
104.83324
381.84573
318.34854
294.37519
321.31841
284.65608
193.63161
160.48357
425.86093
382.74042
252.3974
135.89572
339.29957
328.31383
213.21056
668.5725
431.92677
388.60201
180.78487
424.1666
335.85323
520.28638
369.25254
413.63415
230.67715
304.34617
-59.860913
262.45509
378.09564
159.39585
416.88567
290.1022
270.89278
243.31628
602.66398
288.74061
67.5324
139.56157
133.35251
287.9019
252.45392
327.3988
273.98826
30.43278
-188.94871
28.846437
199.94478
233.26118
191.74782
362.09143
267.23804
140.09219
250.0176
76.614766
363.44571
357.45633
358.54259
476.26716
263.36496
382.41616
366.53667
532.10586
562.47593
420.78691
324.17531
373.12789
125.21258
298.0815
304.57571
271.25978
371.63463
170.14003
378.31375
173.78103
422.1501
454.36011
110.46927
194.02499
539.51373
376.49646
505.44315
408.32056
279.16692
225.5714
201.51206
361.85158
247.62463
218.47765
416.75957
-8.5055178
342.90966
286.15929
585.04456
337.34838
337.23163
555.73619
41.116618
336.09389
184.31678
321.51761
248.16952
459.07104
288.39763
344.56243
468.88509
-22.668069
255.43722
295.53164
172.88292
299.76269
278.40423
87.966187
296.06468
199.22339
437.29521
277.8719
157.56174
337.51155
324.64329
664.20897
368.10479
359.606
81.438036
267.76864
188.51618
362.37848
186.24673
346.82771
457.24275
487.39573
342.18269
539.2238
129.61179
206.42555
111.04063
234.16175
381.27728
379.58477
325.05934
338.34698
276.32568
579.95422
85.053164
365.18372
100.4777
221.98969
424.337
398.5851
175.99964
241.52188
554.38981
108.64179
567.78824
548.10128
480.2876
180.9345
61.354697
490.38069
136.27323
419.24408
377.56003
532.3956
431.19215
192.123
358.00402
243.11894
178.1007
300.55506
357.14608
269.04772
350.50532
293.40666
104.10162
108.51563
476.67859
404.33381
490.50404
117.81546
247.73671
367.10878
347.9279
234.0852
300.23404
171.97498
224.17571
243.45201
309.26738
130.70274
454.44143
309.93285
420.07683
331.23456
81.05381
169.55375
461.69909
358.94898
214.81348
275.03615
274.02557
443.79938
369.45133
102.54409
615.90943
368.50132
345.41089
121.57646
482.04369
247.97539
162.44012
30.532587
185.19911
306.33709
252.44259
132.24298
245.86781
485.33545
316.82669
252.60541
55.001914
89.440472
85.825779
56.142608
101.91885
376.71579
457.10987
467.82816
307.29295
279.98082
285.756
82.936726
349.96882
197.89045
219.63896
417.13564
510.03877
514.93498
399.35136
344.06772
309.74426
238.53298
223.04789
192.43688
139.64891
410.04324
387.96589
484.32571
286.82945
269.02431
241.89705
140.05624
197.58574
240.85791
420.92496
237.3991
477.17397
406.44403
398.20999
342.60819
283.02959
216.55998
218.60008
444.11047
129.44564
354.99329
546.39819
301.76322
434.10577
529.25787
400.58199
36.072063
291.71523
612.88983
349.38533
233.00621
438.11244
512.76023
229.27968
172.57862
368.341
586.003
435.97812
718.11362
370.85986
334.43936
337.64797
397.76308
555.59907
594.28781
247.69449
381.40155
124.00383
296.99721
282.14264
397.73151
278.67295
439.63982
472.44068
554.6804
316.17199
490.52818
48.809777
337.78572
446.21259
222.28239
127.72799
352.62053
232.02994
364.64599
256.18449
443.56806
255.95535
421.0333
370.2684
278.79317
108.16647
381.12098
138.01256
-97.962039
324.09516
262.37708
434.04179
330.67087
334.52359
505.82434
619.42352
147.71664
419.60909
248.61635
213.92657
273.39055
265.57189
353.49868
525.08664
376.46485
381.67502
48.989086
303.88588
649.63655
169.62097
575.42
173.52415
454.167
281.3704
471.4094
514.66366
353.00929
452.29879
371.95065
239.08035
477.47278
609.66138
323.68399
225.55537
338.58778
540.5511
253.69104
292.12232
344.62318
176.93208
395.93882
662.59425
443.61446
305.22068
224.98521
525.00283
454.93191
427.70785
432.71994
478.74378
455.67779
355.71957
506.90431
323.83467
596.74801
363.76829
585.47312
418.92199
357.06187
576.40236
347.84918
406.04675
203.1811
114.74144
282.15321
313.3954
294.14694
417.11696
547.02397
397.53373
408.27709
399.99087
369.2311
247.99058
543.38005
480.71791
306.1741
454.67381
113.47507
335.5189
199.64689
228.37915
348.52011
-28.856265
332.69139
339.65909
168.60528
357.36521
790.17467
407.27935
113.92184
410.10815
141.84288
214.74938
244.97375
485.07187
172.13184
302.25826
268.7868
568.00347
404.81932
277.1763
93.214274
354.55841
453.97155
206.36659
422.8717
387.92576
304.54918
487.66103
521.35595
538.28433
484.73878
433.29437
265.49328
308.16813
251.12507
385.22588
323.27652
456.71023
347.41772
359.23479
504.87299
